60 200
24 31
7 49
24 50
3 34
16 39
26 48
13 43
18 42
25 60
10 45
8 58
5 44
17 31
25 53
22 56
30 32
16 36
26 47
29 55
4 38
19 42
4 39
23 42
17 38
12 32
15 48
22 43
20 55
8 40
25 32
15 47
19 59
4 33
20 52
2 59
28 50
14 33
9 57
23 50
4 43
9 49
21 52
3 60
18 36
22 53
21 43
23 35
27 41
11 41
6 33
9 56
22 42
29 50
15 49
27 44
8 35
12 35
4 31
27 58
15 36
21 40
25 43
4 45
14 55
13 46
22 36
15 55
29 53
16 44
10 59
14 56
14 42
4 51
3 50
8 51
29 31
14 60
26 52
2 49
26 53
28 52
17 46
11 45
1 40
1 54
10 50
6 38
19 40
2 56
1 43
10 41
29 51
6 48
23 56
23 39
20 39
7 47
21 33
10 37
6 34
13 55
4 35
25 37
3 55
22 35
7 41
6 55
30 56
26 32
16 50
19 60
26 31
4 36
18 53
3 31
12 40
3 48
3 42
5 40
27 37
26 35
4 60
9 51
10 40
28 58
27 54
5 47
10 33
25 55
15 54
24 46
17 39
16 38
9 48
5 33
14 46
2 48
13 32
28 48
12 36
25 35
17 58
25 49
24 38
5 54
29 35
11 35
30 50
1 53
22 57
10 54
24 32
28 41
10 47
7 46
18 43
13 58
27 47
2 38
25 47
13 36
24 59
26 38
12 56
3 44
26 43
6 40
10 31
13 51
8 48
16 57
15 45
9 55
9 38
26 50
27 48
20 45
10 43
23 40
22 59
14 53
5 56
18 34
21 56
16 48
10 42
3 47
23 60
19 35
7 53
3 38
14 31
13 48
15 46
2 51
8 57
10 32
4 42
17 35
12 53
