60 200
13 59
5 59
6 47
29 49
30 38
4 51
5 60
26 47
21 60
30 54
18 38
2 42
21 31
24 43
1 60
27 43
23 45
4 48
25 39
2 32
18 32
24 46
8 44
21 38
8 51
1 45
13 52
2 44
8 31
4 35
14 33
6 33
6 45
10 54
7 52
10 60
11 60
26 42
7 45
10 43
5 55
3 57
18 54
9 47
5 44
24 55
2 53
19 59
16 45
7 53
7 38
10 44
12 52
15 51
25 48
22 51
15 55
29 59
2 37
14 51
24 56
21 58
6 54
29 44
6 40
7 35
22 54
18 51
8 56
10 41
16 54
8 48
28 59
17 41
26 33
7 32
12 38
6 38
14 32
1 34
23 37
2 33
29 50
21 42
26 38
3 60
4 44
3 51
5 51
16 37
11 58
20 59
3 59
17 47
25 44
19 60
3 45
18 48
13 45
11 38
23 52
9 59
26 56
11 48
18 39
29 43
24 47
1 54
9 36
29 32
27 53
23 47
29 56
22 49
30 57
24 57
15 57
27 45
17 58
26 31
8 47
3 44
9 55
15 59
10 35
19 42
12 55
12 53
14 50
2 51
24 40
11 54
1 35
4 50
15 31
16 48
15 48
13 34
4 58
23 40
15 53
20 49
1 53
21 41
19 50
25 50
23 32
22 31
23 49
23 59
14 52
9 44
9 38
9 31
20 35
2 36
9 32
12 46
2 52
5 56
20 52
10 49
22 46
5 36
24 52
16 42
20 31
21 32
14 55
4 47
27 54
21 49
19 52
2 50
30 37
19 36
3 53
14 34
3 41
6 53
3 40
7 60
3 46
3 58
6 35
13 60
30 59
7 34
9 46
9 56
2 58
30 49
12 36
10 39
10 42
29 40
25 51
13 46
5 42
25 38
