200 3000
95 170
12 154
51 161
75 155
3 105
81 131
30 182
35 123
37 182
63 139
42 107
15 116
4 115
74 108
44 170
37 137
99 197
75 115
80 147
41 147
56 165
15 158
80 170
57 134
74 165
81 182
75 107
97 188
56 117
8 132
14 152
86 124
43 123
37 149
3 199
11 172
19 120
23 198
78 191
11 152
35 141
28 151
71 134
74 187
76 130
90 152
94 164
47 130
92 158
35 195
60 155
52 102
31 188
43 182
75 181
6 111
80 146
53 128
55 101
86 128
26 159
47 176
95 118
6 136
37 131
93 197
43 151
32 134
96 142
22 154
22 164
70 186
10 173
12 191
86 158
68 115
5 107
78 158
67 181
35 197
54 163
92 121
29 129
45 152
24 121
38 111
8 122
55 199
56 108
33 130
80 188
64 119
71 108
50 167
42 117
65 130
29 179
28 154
17 186
61 135
70 155
61 137
10 155
94 147
94 167
52 115
72 199
69 170
49 172
92 165
44 127
35 104
48 106
69 112
59 165
92 107
54 105
73 114
8 181
58 116
80 123
73 190
8 133
12 194
69 145
66 190
20 101
3 170
87 197
95 121
72 178
22 168
33 147
21 184
5 194
10 139
71 128
80 102
62 161
3 162
28 192
53 140
40 126
7 181
7 144
76 145
17 175
51 120
50 188
48 137
3 153
100 139
42 150
38 113
89 151
83 110
48 109
68 190
15 170
72 108
17 193
58 179
23 137
14 106
67 106
19 148
65 158
87 106
65 133
77 153
41 177
45 146
100 134
19 118
70 112
18 151
55 187
64 172
62 157
34 165
34 101
92 188
26 141
93 181
87 189
68 142
95 147
80 163
20 142
80 109
88 175
20 131
57 171
65 142
50 200
18 156
18 138
99 157
4 168
16 200
31 114
9 178
5 111
38 141
60 166
27 196
36 156
87 104
8 182
62 109
33 106
91 194
95 159
9 194
54 197
97 133
24 140
40 114
84 108
100 199
59 190
42 136
5 176
36 113
37 113
93 150
76 189
9 145
64 117
85 176
79 115
46 159
67 190
97 110
48 142
62 143
80 138
12 115
87 143
19 144
24 124
94 197
9 113
34 113
60 121
92 138
93 108
39 176
87 196
39 177
42 171
72 158
2 151
16 192
11 192
78 156
61 126
81 112
84 158
75 183
40 190
96 159
91 119
52 139
64 154
89 192
29 189
34 182
62 167
58 163
85 133
69 118
12 111
96 106
30 165
76 170
36 175
10 161
35 124
46 200
63 188
10 165
48 175
20 156
18 179
63 190
55 165
42 148
11 176
6 155
21 149
65 116
80 128
59 157
47 140
66 187
15 142
51 134
32 140
74 195
13 177
42 116
86 161
20 149
6 189
88 170
32 174
18 178
15 173
24 119
35 189
100 126
55 142
44 152
7 113
96 101
41 133
83 168
47 155
87 105
60 175
71 109
52 183
96 184
61 172
66 199
67 136
27 153
15 185
95 109
55 172
93 107
53 156
98 170
53 157
38 190
15 126
44 146
66 119
67 108
64 101
10 176
60 156
99 123
70 105
40 132
39 126
72 130
69 113
29 152
51 115
33 129
31 195
84 105
42 158
1 124
39 157
59 156
46 184
27 109
90 178
54 174
13 121
41 166
86 184
62 148
87 119
29 103
72 113
41 186
97 146
63 184
89 126
70 120
100 184
84 173
91 150
87 171
87 191
38 192
75 172
34 123
32 168
48 112
11 194
100 136
56 121
48 181
29 117
97 144
22 131
22 116
94 136
61 116
2 198
20 179
72 170
68 154
14 135
18 149
42 176
8 104
61 167
91 192
45 159
41 178
29 162
53 122
61 162
2 191
69 121
20 184
21 168
19 187
4 124
81 181
95 172
80 200
61 181
89 137
40 112
73 138
2 141
65 160
90 139
54 190
36 169
84 155
67 150
31 101
18 111
45 161
5 101
30 189
23 170
72 152
23 187
90 110
85 104
32 154
16 170
61 118
46 172
78 147
18 122
56 200
50 191
29 133
86 173
70 136
57 181
44 130
35 114
54 103
67 166
7 139
42 160
38 194
30 137
93 154
96 138
92 177
73 161
23 102
8 188
95 128
4 128
86 185
19 175
14 136
83 186
93 178
38 193
58 139
37 119
52 174
71 111
96 146
35 112
60 124
16 119
62 150
69 146
55 106
34 128
67 159
66 135
42 110
86 190
82 188
53 133
71 185
29 154
43 155
44 149
59 144
59 182
49 162
34 141
60 101
62 175
63 129
77 197
58 114
66 198
12 131
98 161
37 200
30 114
77 182
87 135
25 137
74 191
13 159
39 113
60 120
43 149
63 159
92 185
71 150
31 119
73 178
74 197
99 126
98 128
77 158
14 198
52 197
62 165
41 102
35 140
47 109
80 150
85 123
35 149
31 169
87 115
75 163
44 189
51 102
98 191
42 123
84 130
99 187
58 173
16 125
9 133
18 180
62 113
27 197
95 105
1 188
9 142
71 153
9 117
4 193
47 172
1 122
59 132
52 200
57 103
24 104
55 137
43 133
94 190
81 178
4 165
95 103
91 165
59 115
9 125
79 160
31 194
23 105
37 116
50 195
69 169
93 199
51 152
29 172
29 101
18 197
93 169
62 118
38 134
85 135
36 187
59 122
32 142
67 188
67 125
75 116
18 191
38 184
90 164
78 200
52 188
37 108
49 190
76 123
62 131
26 110
66 111
29 108
20 200
5 120
27 124
83 126
59 152
31 149
72 184
3 166
59 158
25 130
2 178
32 135
21 103
79 129
25 103
40 182
65 138
46 131
53 147
32 127
21 180
32 110
47 183
2 134
89 110
31 167
17 153
51 195
11 111
10 175
23 122
66 150
31 170
34 190
77 112
89 189
97 173
47 146
74 118
23 147
78 148
16 174
47 112
6 187
89 107
46 136
82 164
11 112
78 169
55 105
10 163
95 187
92 122
76 185
9 188
34 174
47 159
27 117
51 130
12 138
71 179
96 116
58 101
84 132
55 185
26 162
58 187
17 194
66 117
23 135
99 160
63 122
71 187
60 138
19 123
27 107
100 119
24 138
99 138
8 117
18 177
62 135
72 168
4 166
35 196
44 179
68 187
40 165
52 123
63 183
85 145
75 199
50 166
24 162
92 157
72 120
14 110
30 124
64 118
16 108
63 199
93 142
73 152
69 138
91 122
74 135
45 155
55 167
6 112
36 165
33 150
98 166
52 133
78 119
20 119
97 103
42 182
2 138
34 171
53 171
61 174
53 172
24 199
35 180
13 141
74 177
86 156
78 108
32 199
34 176
94 134
55 143
22 186
2 176
85 114
81 150
84 183
38 188
96 171
100 138
7 106
19 147
89 111
88 126
17 117
80 107
50 183
15 136
84 175
82 160
44 125
98 122
71 113
43 132
1 196
95 146
53 141
70 123
86 131
85 180
71 101
85 132
19 139
35 118
53 163
54 108
55 182
32 197
74 109
99 183
13 166
66 108
97 167
39 115
82 157
97 137
98 140
59 137
13 105
42 172
8 177
12 190
33 111
41 191
65 170
50 159
89 123
65 154
78 183
90 167
96 122
79 197
26 153
56 134
3 120
73 147
59 168
1 151
34 105
33 155
50 106
1 186
99 128
18 134
75 152
17 137
27 150
12 133
68 144
88 117
82 142
7 136
47 149
34 154
26 190
45 182
27 119
42 164
74 186
4 152
53 190
27 135
31 198
3 144
26 169
70 141
4 139
35 125
86 196
52 196
6 168
80 116
15 107
96 182
57 123
86 175
92 139
41 118
4 186
55 115
39 125
27 195
41 189
60 185
45 132
23 121
81 175
58 194
66 171
84 136
8 139
68 153
58 150
25 142
65 198
95 161
53 161
33 193
60 181
84 107
41 199
30 171
38 116
94 107
32 153
51 118
1 169
82 159
100 112
82 121
23 176
90 145
15 154
30 186
95 138
77 146
72 150
74 121
96 161
94 139
86 168
55 149
93 126
65 131
20 107
75 105
45 124
65 137
10 147
62 191
83 135
72 165
74 200
30 178
96 115
65 115
84 150
95 127
77 168
25 110
81 186
72 110
80 175
94 106
14 101
53 178
19 145
25 151
90 174
22 140
63 101
70 133
97 165
40 149
55 170
70 162
86 138
16 116
42 155
18 187
42 159
71 184
13 157
17 159
82 103
66 169
41 140
46 105
41 152
73 155
21 155
78 194
42 129
60 197
49 131
72 163
44 197
68 134
54 106
73 170
32 129
12 179
88 195
20 109
99 188
50 122
21 177
99 194
6 134
72 143
36 177
84 172
76 135
25 156
56 181
1 131
94 148
58 138
3 191
55 145
76 169
24 135
52 112
2 115
58 103
3 200
43 102
91 114
20 182
86 197
99 199
10 114
33 173
13 181
60 184
33 144
94 196
1 138
12 171
64 173
16 159
86 167
25 176
58 156
38 110
21 137
73 177
29 174
12 172
93 164
64 137
16 101
100 156
37 123
75 117
59 195
7 104
25 101
61 101
98 177
25 134
40 183
52 172
24 196
97 130
17 168
78 167
4 172
84 114
62 147
61 169
98 139
11 132
87 165
42 151
26 132
79 184
88 156
78 128
40 145
94 182
23 107
46 165
86 195
15 199
31 164
98 126
5 163
90 143
77 160
84 169
43 144
76 162
31 199
19 165
5 183
33 164
29 169
94 186
29 196
55 112
14 147
79 166
94 193
4 145
64 136
45 131
51 186
1 182
94 143
69 200
88 163
54 119
72 182
5 197
61 161
46 110
39 190
18 110
40 129
10 144
94 123
40 107
71 158
59 112
90 196
5 167
26 140
1 177
17 165
83 119
56 169
90 116
27 180
28 126
60 178
55 192
24 141
61 113
65 144
85 196
34 136
51 126
97 200
31 156
11 196
50 134
51 112
32 185
18 121
61 111
63 105
77 142
91 162
32 158
70 160
63 176
45 141
41 129
5 178
86 144
57 160
31 105
33 177
80 156
4 135
44 193
53 175
42 115
89 114
67 104
50 126
91 116
34 158
45 136
71 105
6 106
68 131
32 120
55 127
46 141
73 158
70 182
44 194
41 109
63 171
95 157
41 146
47 191
95 133
42 184
40 146
93 190
100 155
1 113
68 172
64 186
89 168
54 134
42 124
38 169
55 162
31 172
82 130
69 108
86 109
14 104
84 127
60 158
54 153
65 109
94 102
70 153
96 149
6 192
70 175
19 115
2 113
34 148
7 138
77 200
19 125
6 152
94 121
35 156
58 197
26 115
50 182
93 143
23 162
60 116
94 110
69 102
66 123
79 138
30 138
69 152
3 119
90 128
66 151
89 102
92 133
65 146
62 124
93 166
74 198
75 159
34 200
30 109
61 148
10 134
39 128
93 186
73 186
54 112
42 145
93 123
56 158
77 137
13 130
34 145
77 188
5 192
14 105
78 176
5 195
75 198
85 181
41 157
64 130
95 131
38 162
83 187
81 154
80 165
8 105
45 167
15 161
61 150
97 112
37 114
71 139
73 189
46 124
78 127
92 126
48 187
56 139
55 111
83 193
70 144
16 189
61 185
52 167
13 147
1 112
20 127
9 127
37 161
52 117
77 179
96 200
60 160
77 184
77 136
46 129
9 183
7 140
35 159
93 110
13 142
85 171
45 144
48 183
47 133
48 122
16 115
14 170
57 197
78 178
82 134
58 181
45 172
7 192
81 176
88 186
61 158
17 177
32 157
99 184
88 192
15 132
81 193
64 193
3 126
90 190
10 152
3 198
90 194
38 143
61 176
96 193
68 192
46 116
17 151
35 190
68 141
93 141
19 121
5 159
92 137
53 136
11 110
4 187
81 168
56 198
45 157
72 107
43 111
68 164
15 130
86 193
19 137
45 176
93 106
13 139
29 119
33 185
99 182
85 121
68 122
46 104
54 170
47 182
73 169
79 110
56 106
81 185
12 141
40 122
47 187
59 135
78 173
91 133
88 146
23 128
95 194
73 153
91 158
88 168
92 119
63 153
98 196
69 103
40 179
55 193
22 198
13 132
35 116
93 177
1 118
3 121
88 122
90 125
80 161
34 170
70 111
76 104
46 144
22 144
75 145
91 173
91 107
2 164
23 112
12 134
98 125
61 134
82 171
87 199
14 127
14 107
12 155
21 185
6 103
43 142
28 162
41 123
11 135
14 116
18 126
57 194
99 127
4 200
35 105
54 109
11 180
49 153
21 183
44 159
77 124
52 152
97 121
28 141
98 135
7 199
7 170
24 125
67 129
53 113
34 127
4 137
91 118
36 112
42 147
95 106
15 188
13 165
38 189
30 180
79 106
67 165
68 130
21 117
11 125
61 153
8 195
65 120
40 199
71 178
94 156
84 106
78 129
42 154
2 116
40 158
78 132
12 156
92 161
68 198
58 157
51 142
18 135
65 112
17 106
72 115
71 177
24 149
76 125
51 182
48 189
25 157
80 177
74 132
32 102
69 116
68 158
98 138
5 119
28 199
35 121
98 107
96 172
49 104
1 107
53 164
12 148
86 105
88 109
93 167
41 168
3 149
32 193
69 151
39 106
13 163
72 190
24 182
54 116
83 140
93 187
2 187
17 133
45 145
67 173
49 151
15 190
38 122
58 166
61 199
69 175
59 196
90 127
46 187
98 148
89 142
35 185
65 119
72 114
74 144
12 181
50 120
64 110
24 146
80 178
6 156
93 128
61 183
98 178
73 173
71 132
86 181
83 112
10 183
58 162
64 200
69 180
85 188
73 118
80 180
75 167
89 166
60 183
7 135
23 156
91 103
47 189
28 189
66 148
30 151
99 181
4 140
94 118
27 154
88 177
19 138
88 152
30 164
27 118
11 156
22 188
17 170
71 114
10 199
26 165
61 187
45 192
51 173
57 102
23 115
25 175
26 116
36 167
26 130
52 194
29 146
96 117
21 123
22 169
67 167
55 176
84 113
72 103
68 157
90 121
13 188
19 157
27 144
8 191
85 149
93 158
30 121
56 126
87 173
29 130
60 127
22 192
81 189
4 150
96 192
5 134
62 110
10 168
73 105
19 172
12 145
37 127
58 123
72 104
83 153
48 152
60 193
5 161
74 130
59 129
62 151
95 130
43 164
84 123
9 129
2 174
41 131
91 178
67 176
29 181
65 126
95 176
75 104
24 155
96 103
95 189
18 133
14 120
36 101
7 116
26 198
81 199
66 172
22 175
74 143
57 199
52 104
71 164
27 181
56 133
57 136
50 158
31 120
48 114
60 161
58 171
13 185
73 141
18 109
90 109
80 119
89 165
61 121
7 171
59 117
63 103
14 162
30 193
21 142
55 189
11 158
70 172
94 149
34 175
53 158
48 132
82 126
12 127
56 173
51 125
35 134
9 177
28 172
22 197
76 132
91 146
46 108
33 188
55 200
74 196
16 126
15 186
78 141
93 109
21 175
88 111
14 133
62 168
48 136
79 186
49 173
80 184
15 123
55 123
74 181
30 141
26 199
10 117
54 125
3 140
52 119
92 191
29 165
8 125
2 145
47 157
80 104
77 114
86 182
82 179
74 199
49 171
100 167
67 192
9 137
37 176
31 166
56 154
71 152
34 147
52 192
84 129
31 184
54 137
73 133
78 155
99 102
88 132
58 148
21 109
94 199
50 163
23 177
7 152
40 117
23 139
48 151
74 137
57 164
46 167
49 141
50 115
10 111
42 162
2 140
65 132
16 113
59 155
72 161
78 190
21 113
29 126
18 162
89 121
18 101
100 192
13 184
19 178
84 146
55 163
29 175
51 160
41 184
3 148
64 120
72 145
23 152
63 152
19 132
5 141
53 112
5 166
91 198
5 179
99 142
98 164
55 198
81 129
96 112
34 102
85 190
68 109
93 104
42 105
55 125
41 120
90 119
39 153
36 134
48 117
45 189
38 105
88 190
90 102
94 128
25 140
8 124
15 155
99 158
40 137
13 151
84 145
12 149
59 110
71 170
89 196
31 177
87 151
56 130
83 125
85 182
67 117
71 117
32 182
20 157
49 188
13 194
87 174
33 174
95 108
31 122
78 195
63 163
39 108
55 157
8 135
7 160
62 139
64 147
20 187
67 138
15 131
1 146
39 162
88 193
75 140
36 116
55 134
74 180
8 131
78 104
77 122
98 114
30 117
71 182
52 186
35 144
20 105
67 182
8 199
64 116
78 149
10 145
76 139
15 191
93 157
46 152
67 103
22 121
75 164
89 197
74 123
43 185
35 142
45 109
98 116
98 190
67 197
12 150
40 136
38 151
26 181
73 180
38 174
82 107
84 144
46 197
49 137
46 168
27 145
81 125
47 107
1 158
13 137
82 105
3 124
19 162
87 177
64 180
10 190
92 197
80 130
23 111
59 148
27 122
5 118
14 190
66 174
44 155
82 151
53 179
22 182
50 176
89 140
88 129
10 196
49 111
2 101
7 149
34 185
37 146
67 105
38 160
9 143
41 180
45 170
16 140
45 196
25 166
46 118
80 129
8 190
55 184
27 129
40 133
26 133
22 104
25 182
85 165
74 175
69 154
99 161
23 144
83 130
85 143
1 175
19 141
1 168
75 126
43 118
89 130
5 162
62 184
1 190
64 103
63 164
60 165
71 125
6 184
52 122
85 168
80 118
55 148
24 137
51 108
54 101
69 140
21 163
64 140
78 140
72 189
96 162
52 160
90 161
51 135
61 145
12 184
8 194
3 141
54 196
98 137
25 160
67 169
49 102
62 195
30 198
89 146
49 155
13 180
25 186
7 185
87 156
52 166
53 150
37 104
16 173
77 177
90 111
23 136
36 128
17 136
45 116
33 199
90 149
15 168
33 158
78 192
88 150
42 187
10 109
76 131
22 141
94 113
49 187
81 169
26 138
78 150
67 158
81 157
39 123
10 138
91 108
86 118
67 156
44 191
50 132
92 156
84 137
71 165
33 198
72 118
88 106
65 107
35 117
75 113
92 147
84 102
25 128
18 196
64 135
19 128
66 166
14 108
63 172
21 134
92 194
36 121
87 124
95 114
82 196
43 134
7 133
39 184
67 146
9 138
25 173
77 189
24 194
79 140
20 116
88 119
90 200
77 180
33 146
58 195
73 145
78 198
68 140
6 110
43 136
16 127
65 179
85 173
40 153
22 113
16 105
84 112
89 133
85 164
70 192
70 115
12 101
54 185
30 173
74 112
100 194
89 113
69 143
86 134
16 165
10 120
80 124
73 159
47 193
51 172
54 141
40 198
5 193
25 112
21 114
63 114
22 150
4 129
74 167
46 106
84 171
30 162
68 180
61 136
19 101
77 128
80 159
11 144
76 109
11 193
88 169
57 140
54 130
41 141
8 180
86 189
82 175
35 151
69 122
86 148
80 127
16 196
66 128
14 146
46 153
22 136
11 154
6 108
100 104
69 126
82 106
1 126
83 150
58 107
66 136
67 110
42 166
39 169
30 188
41 106
56 148
49 179
33 126
56 141
11 105
36 162
35 122
83 107
56 146
7 187
39 146
82 169
42 167
28 190
97 192
99 110
26 170
57 189
61 103
38 117
75 180
4 176
1 136
59 139
57 174
91 161
95 141
56 103
69 149
18 153
29 182
84 193
37 121
83 191
34 133
41 187
54 168
25 146
72 123
87 126
15 176
73 176
80 192
83 189
54 113
79 174
50 103
94 163
76 173
66 153
52 103
10 174
76 152
51 114
86 151
26 176
72 141
35 132
29 149
10 179
97 194
99 117
82 148
58 144
28 131
54 169
7 125
75 191
64 105
1 125
68 137
43 183
61 133
82 108
28 183
6 113
94 129
87 198
25 104
67 142
70 159
39 159
66 118
64 141
7 109
14 191
55 119
92 125
77 157
37 110
85 198
91 143
4 185
85 140
32 138
43 178
85 141
55 151
22 117
93 161
20 171
6 157
58 152
66 114
63 180
43 154
61 138
46 126
92 153
18 166
46 156
16 146
87 145
48 149
34 135
65 167
97 105
95 179
85 106
43 138
42 190
89 186
23 119
13 126
46 128
42 186
30 111
78 111
47 144
50 111
4 132
100 120
11 175
42 188
61 163
98 119
59 175
46 109
80 103
66 157
83 145
51 150
5 186
18 131
73 157
8 198
95 152
82 170
69 110
92 174
65 141
7 153
68 152
57 117
27 128
37 150
13 122
6 196
75 135
12 112
11 134
71 107
25 147
15 200
46 190
1 155
66 130
57 177
96 176
45 164
74 171
93 160
36 133
97 127
42 122
52 168
84 131
48 105
1 106
1 198
49 135
14 149
64 160
9 147
21 194
52 127
84 104
36 170
35 126
80 193
37 189
75 190
85 120
87 170
80 131
32 125
59 166
81 177
18 145
22 170
82 189
100 145
12 193
51 104
8 103
61 115
21 161
20 138
79 105
43 112
14 200
34 150
71 141
3 169
59 108
66 194
56 163
2 119
26 195
66 105
23 124
1 195
70 196
50 169
50 177
77 169
42 200
48 194
43 197
71 190
26 125
44 143
41 148
68 112
23 174
11 107
44 200
3 173
89 104
89 155
9 141
33 176
99 120
21 101
34 192
75 162
6 144
48 129
1 117
17 135
45 122
96 187
32 172
33 194
26 109
94 195
60 145
79 124
29 190
96 104
73 165
90 199
50 142
7 115
44 124
94 168
50 139
84 148
69 130
67 131
31 191
36 115
8 118
26 197
21 107
60 168
20 104
30 150
11 136
4 143
66 106
51 159
76 102
8 143
6 150
69 127
8 144
97 175
27 133
70 104
68 102
5 142
24 188
68 118
22 115
4 195
97 185
94 169
95 150
79 102
97 170
49 128
12 124
59 169
2 108
68 132
90 172
46 111
2 179
98 142
53 195
3 139
10 136
54 114
19 105
80 121
75 124
27 142
95 143
65 129
33 181
35 110
56 185
1 160
90 176
79 137
24 136
89 164
72 131
63 149
59 121
24 166
49 175
49 107
63 156
58 198
83 163
63 118
34 180
7 163
60 117
39 182
10 126
14 188
48 133
83 143
99 170
71 104
39 131
38 133
52 106
98 188
83 137
39 119
56 137
86 141
29 113
99 130
50 148
21 199
15 125
63 198
95 125
11 140
99 134
3 188
87 114
34 163
56 166
86 160
10 159
95 101
92 200
43 192
59 199
21 144
58 178
8 154
3 152
73 196
21 151
74 115
47 195
9 132
81 109
62 189
81 102
54 173
20 193
6 138
20 155
83 108
76 115
29 139
34 107
90 197
11 183
12 174
59 142
11 179
17 166
66 142
51 166
39 142
63 109
11 171
61 175
98 155
52 109
36 152
46 161
3 137
48 171
36 138
14 164
56 127
70 152
26 122
23 138
82 176
22 146
87 139
13 196
36 127
83 151
2 122
56 140
4 149
54 182
30 133
74 183
51 179
11 174
36 172
57 131
15 167
66 182
24 130
70 139
17 158
32 131
33 197
28 185
92 120
63 125
74 141
84 122
45 114
44 156
88 107
68 186
92 108
11 123
52 110
30 126
93 136
25 158
47 110
65 187
12 110
35 175
79 171
39 137
96 129
33 184
48 156
21 182
84 119
68 171
17 190
36 168
22 173
100 148
62 177
84 192
96 178
73 135
14 119
51 106
34 198
5 109
45 118
99 152
82 122
57 116
83 166
74 126
41 188
24 169
95 136
57 129
65 121
51 185
61 130
73 130
17 118
47 174
93 111
28 164
32 108
36 194
50 112
36 131
49 125
33 178
14 182
61 124
20 180
48 153
1 129
49 109
54 121
100 160
50 187
9 170
11 106
66 196
9 119
60 122
59 125
33 171
22 159
58 121
70 167
70 189
79 191
51 192
81 141
8 138
9 115
53 130
76 160
37 164
83 195
27 136
24 186
19 195
26 139
10 149
13 136
14 184
64 192
19 158
3 187
13 140
81 170
8 109
99 167
43 124
33 124
25 115
82 116
77 140
77 195
40 104
28 182
22 184
63 117
43 121
52 135
79 198
10 127
87 193
83 190
1 164
70 150
100 117
4 161
95 126
17 112
3 114
78 161
8 174
26 124
95 134
62 129
8 170
58 124
88 182
75 161
94 184
50 189
12 187
39 121
13 109
72 101
93 183
44 171
25 118
87 186
58 140
79 119
9 197
81 188
70 142
89 184
29 110
3 175
92 136
60 115
76 190
12 151
84 120
27 183
25 123
56 188
50 150
73 193
60 134
75 139
93 189
89 122
28 117
77 192
81 161
92 162
76 141
7 143
29 170
23 134
52 101
83 188
54 191
2 104
58 142
40 177
68 200
89 185
18 114
55 175
30 153
30 157
98 150
78 152
36 142
52 155
100 114
10 162
65 172
93 145
58 176
55 179
82 137
81 110
84 139
26 161
4 126
17 160
62 101
57 101
21 158
67 127
69 101
99 155
43 127
10 115
6 123
4 123
81 138
85 152
78 163
100 132
20 152
83 184
26 111
29 106
85 197
30 159
3 176
89 187
79 107
19 113
94 112
35 137
84 140
92 193
44 111
99 180
16 167
36 150
17 200
23 193
93 129
100 115
24 128
88 154
93 114
44 108
34 157
100 197
60 123
86 113
1 157
12 161
64 189
100 162
25 191
20 102
46 115
5 128
45 197
96 155
42 165
8 130
84 184
89 118
34 108
40 140
41 125
6 137
58 105
91 124
13 175
91 176
53 115
83 147
100 190
7 166
45 171
35 152
95 175
29 198
81 117
61 144
1 139
94 173
81 133
63 146
20 181
30 155
12 146
60 136
73 154
81 172
87 128
2 130
29 177
66 137
18 119
97 125
33 191
33 189
24 185
46 193
67 113
14 144
28 150
65 188
19 177
51 147
42 141
77 176
53 111
13 162
23 117
7 161
40 186
70 177
38 186
90 124
16 172
43 131
52 143
84 177
93 113
61 139
74 146
62 130
64 127
7 142
38 157
76 108
22 102
12 186
2 160
2 168
15 183
67 152
13 113
86 165
83 117
42 125
44 123
53 123
5 165
5 154
27 104
72 176
13 192
32 143
9 162
24 176
84 111
68 120
90 177
91 195
54 129
13 183
36 104
65 101
44 167
84 153
44 140
78 184
91 193
48 177
26 105
82 145
87 118
8 168
2 175
72 102
82 181
9 192
15 128
69 129
72 105
98 123
9 130
32 176
24 116
59 114
56 157
38 101
4 182
47 167
14 159
25 109
57 142
98 133
76 155
15 156
6 171
37 101
53 198
27 175
51 193
14 124
28 107
18 182
85 111
67 174
97 109
91 188
57 147
20 173
78 162
48 195
80 155
60 167
93 116
3 151
29 178
86 169
67 128
21 188
67 187
60 180
95 113
40 127
100 171
74 168
79 159
21 115
2 129
75 176
55 166
28 119
76 168
45 140
25 155
63 187
34 153
38 148
4 179
20 183
22 109
29 109
53 153
61 159
74 169
19 130
20 103
19 154
69 114
38 139
50 173
55 195
3 177
26 171
34 178
35 106
69 179
15 193
36 132
61 189
