200 5000
15 133
97 102
4 175
61 194
68 199
60 151
47 146
46 136
3 120
87 127
25 157
21 117
36 178
98 118
22 165
55 111
34 117
41 151
22 143
69 120
79 112
14 112
54 181
76 120
98 119
23 101
25 131
72 185
21 155
92 151
91 161
86 112
19 112
31 103
44 103
39 163
49 145
73 113
62 115
46 148
15 102
28 171
36 167
83 134
41 120
72 111
35 138
87 108
91 173
63 146
40 200
38 134
7 153
80 139
12 125
23 193
79 135
26 188
97 199
11 129
38 108
69 136
41 146
58 109
2 155
50 146
14 198
75 130
70 155
28 106
42 147
71 184
16 196
38 139
32 167
80 123
20 177
53 189
49 110
73 130
37 187
96 175
82 108
24 187
84 152
84 110
17 107
31 160
27 151
30 125
4 131
34 180
26 172
85 132
34 178
36 130
20 185
28 130
95 145
1 139
69 192
20 194
12 103
80 200
30 157
22 154
14 181
80 135
93 140
48 199
6 160
66 130
99 114
42 120
59 119
47 110
23 126
53 123
20 166
67 103
24 153
12 182
94 185
48 159
88 172
84 178
21 135
6 199
62 181
83 191
88 183
6 188
69 144
77 118
22 150
28 154
72 192
41 153
85 171
78 149
71 192
21 194
48 198
56 148
29 151
69 123
60 138
25 166
8 193
58 179
40 173
65 132
9 106
97 114
9 166
34 152
6 196
39 190
89 158
7 145
27 158
87 111
87 116
22 192
52 166
62 172
49 193
26 182
25 196
43 185
82 182
30 159
61 193
51 184
25 186
13 155
88 141
7 183
48 135
89 196
61 137
63 137
72 130
90 175
62 191
60 147
2 149
59 196
78 108
6 192
73 152
78 117
29 174
89 117
24 196
39 106
56 145
32 113
62 114
3 166
92 102
72 104
57 117
46 110
92 132
40 140
44 164
36 184
48 183
99 190
3 139
17 168
87 136
12 194
44 119
90 166
44 115
17 151
87 105
53 186
67 112
51 178
11 196
29 154
39 159
87 170
96 130
37 158
27 140
96 125
2 119
18 183
57 115
96 181
74 116
30 127
32 154
38 160
29 196
71 163
40 120
40 158
67 168
14 136
73 116
24 142
23 118
67 198
52 119
97 113
60 189
60 185
46 123
43 137
88 136
7 103
27 101
25 189
2 110
31 157
41 106
16 140
50 132
55 162
62 170
78 167
86 138
41 116
40 166
10 122
46 162
46 132
79 122
27 110
36 196
6 143
55 133
3 200
53 156
31 101
51 169
63 171
99 136
25 107
99 195
70 147
81 178
26 127
50 155
19 191
43 126
27 171
13 182
58 117
100 175
79 146
1 152
51 101
28 200
97 169
57 148
76 122
99 166
65 192
97 166
80 118
48 108
49 171
75 169
25 146
100 161
31 186
94 156
93 125
93 170
94 192
64 189
35 169
52 173
56 108
68 142
32 115
8 198
15 190
38 117
85 176
66 135
80 121
72 174
5 188
27 189
48 125
90 128
83 148
53 188
85 136
91 199
95 108
56 142
90 133
49 135
7 142
89 168
7 126
84 124
27 192
51 143
95 115
51 119
57 178
54 164
5 177
21 173
8 161
45 172
90 169
60 178
12 149
54 121
71 135
12 137
54 198
8 182
97 123
38 200
79 111
60 141
96 105
89 127
12 113
11 137
54 113
91 114
42 184
17 118
85 137
33 158
17 162
84 125
87 144
79 113
43 145
23 162
18 168
22 116
24 160
74 149
8 124
27 130
8 162
58 111
77 111
58 169
85 153
66 101
31 123
86 179
83 186
79 110
48 170
21 131
63 145
83 128
36 152
71 191
25 161
2 195
50 181
75 168
21 146
1 154
2 199
44 143
24 154
51 117
83 179
89 121
46 115
25 132
76 189
31 130
13 163
46 119
42 122
6 136
38 102
31 147
4 180
96 137
7 115
20 110
72 158
79 196
59 141
60 142
38 153
41 165
99 174
90 105
22 195
68 168
26 164
6 158
7 122
39 194
81 150
38 184
61 107
23 195
43 134
53 122
50 147
51 111
18 112
55 123
70 194
96 120
95 142
24 184
86 141
16 118
24 165
72 163
99 172
10 123
11 173
18 155
67 160
27 182
20 141
2 156
69 163
7 167
13 191
10 168
86 159
72 186
30 183
29 184
7 157
22 197
1 183
43 193
30 128
19 110
36 168
15 135
67 151
78 109
14 173
24 163
36 200
2 134
71 164
5 175
43 160
24 129
93 181
100 190
18 105
14 163
81 183
97 107
54 193
37 178
79 134
93 117
77 142
46 156
60 182
97 116
65 174
19 148
99 143
71 108
4 174
52 156
67 130
1 129
45 107
28 105
21 127
25 188
38 178
16 190
85 162
49 175
45 116
80 198
81 198
7 148
1 104
76 194
12 196
89 150
13 136
30 180
79 156
51 167
30 121
3 129
85 184
57 172
24 138
55 153
67 141
79 151
51 157
52 133
13 144
36 136
56 117
22 172
99 133
4 145
98 144
95 151
10 191
25 180
22 169
12 198
28 117
75 102
41 150
35 185
96 148
77 193
3 186
25 129
85 169
9 136
14 135
82 191
25 163
28 188
94 169
44 179
9 119
28 113
14 159
91 157
60 177
92 178
17 130
4 154
65 145
30 133
28 148
47 152
74 195
64 175
72 116
26 167
32 119
73 193
50 117
2 125
42 129
65 148
15 121
48 113
12 114
38 176
13 106
86 120
66 102
71 194
50 126
65 116
71 147
36 138
89 122
39 117
20 176
10 157
100 127
87 196
84 172
22 148
18 106
56 178
69 113
57 145
23 182
1 112
100 145
58 134
100 108
91 188
14 110
4 181
7 119
84 197
71 145
85 125
43 173
13 194
46 147
98 159
37 161
31 110
29 149
2 103
100 147
35 183
79 125
90 145
39 128
1 157
60 113
98 165
75 157
39 120
47 122
99 187
77 101
72 196
85 196
45 134
81 200
41 157
33 137
54 147
24 180
33 198
26 141
90 104
1 103
34 158
72 136
64 105
39 183
10 130
3 105
24 115
14 140
91 125
31 154
88 153
70 107
35 199
4 186
62 157
98 155
16 127
95 169
62 200
100 200
33 155
67 139
52 146
57 199
59 171
81 148
12 139
87 197
18 149
41 156
86 146
17 187
71 109
81 119
5 192
18 111
56 158
75 189
54 108
48 145
87 156
79 159
44 137
9 181
63 141
55 159
40 186
98 128
69 106
91 162
2 120
37 190
18 161
13 117
38 116
86 169
88 107
99 129
10 176
17 133
56 150
90 103
56 124
39 110
86 119
54 166
3 195
50 170
40 144
37 122
28 143
84 123
74 141
49 170
74 157
43 149
88 186
29 200
57 168
23 152
33 170
40 177
85 197
86 158
68 103
42 130
30 135
62 144
95 156
60 144
24 121
49 155
11 190
89 137
55 173
12 132
43 143
65 117
44 126
97 134
93 195
61 112
16 125
88 126
41 139
81 103
78 177
63 196
14 139
39 193
48 138
41 112
58 161
72 168
7 111
2 170
62 190
16 179
27 154
24 192
98 114
73 198
61 175
39 123
50 194
28 183
88 156
40 161
28 121
86 197
10 198
33 147
95 155
52 141
13 189
60 173
55 191
64 104
37 143
64 176
66 146
10 163
83 112
93 114
66 136
73 153
23 139
36 199
2 169
12 174
61 162
54 156
80 153
67 199
43 169
73 104
58 147
82 171
41 198
11 169
51 186
14 104
93 179
35 104
9 162
92 153
19 177
20 145
66 123
82 137
54 160
78 189
25 181
98 158
21 183
96 173
2 165
36 155
42 169
22 171
3 137
75 181
42 180
47 120
57 119
37 113
89 199
58 151
35 195
24 130
48 132
89 167
50 164
45 117
3 169
16 163
25 128
83 196
6 171
77 140
34 172
43 127
89 176
97 106
48 179
21 101
15 172
45 169
17 105
99 125
97 132
36 140
70 121
40 109
2 133
20 191
67 104
76 156
73 107
77 196
45 179
85 130
13 129
76 151
51 147
87 115
56 118
24 166
24 105
4 119
85 124
94 129
62 136
83 132
82 173
57 164
64 132
5 140
68 139
98 122
21 187
57 154
22 161
65 133
24 116
69 110
54 185
20 161
13 147
33 123
100 169
93 105
74 189
30 184
51 129
14 109
21 192
96 110
37 162
56 103
40 118
18 124
12 197
36 162
51 131
55 178
41 163
40 136
38 199
81 135
74 152
70 123
48 153
65 130
99 152
7 137
75 146
12 159
58 137
11 112
37 101
69 102
35 166
73 163
61 143
96 195
44 188
97 105
60 120
38 136
70 103
16 192
19 187
51 154
38 104
68 193
56 155
54 153
55 140
21 144
78 137
81 147
48 140
88 124
85 145
56 183
89 169
28 120
63 167
42 106
34 160
36 112
75 109
83 190
68 188
29 162
55 166
76 109
24 156
41 121
65 120
33 146
16 151
59 107
89 148
34 153
69 150
75 107
61 115
67 105
51 112
14 156
35 151
40 121
50 133
34 102
4 185
33 105
71 128
58 164
23 181
91 169
59 117
80 155
19 175
55 118
46 124
61 195
48 176
85 129
44 172
67 187
67 179
100 172
49 121
86 178
2 122
30 179
21 122
67 128
15 185
28 108
57 103
4 103
43 138
19 117
50 193
92 159
73 119
1 166
19 128
43 105
9 140
75 178
80 170
83 188
83 164
42 160
60 194
91 183
24 122
62 108
66 128
84 173
82 153
48 112
98 112
27 197
58 187
26 159
24 124
55 112
2 101
66 110
19 184
44 154
68 141
57 161
80 176
30 176
3 111
53 113
48 124
2 163
61 126
23 155
52 194
79 178
18 164
59 114
80 159
46 166
85 186
50 197
75 120
6 154
42 134
93 109
76 186
76 172
37 107
97 167
63 112
57 193
25 116
29 198
91 154
83 111
5 128
33 167
90 182
18 167
38 132
70 160
74 191
44 127
47 159
70 146
72 191
96 121
32 127
35 120
43 162
53 126
18 160
75 175
31 176
21 163
100 184
41 180
12 145
20 159
97 156
65 195
10 196
71 146
68 124
88 194
43 168
6 155
93 189
77 191
59 186
75 158
91 195
74 118
58 197
77 103
31 127
100 124
16 102
7 147
45 109
12 121
68 161
61 169
14 169
6 134
70 184
86 172
11 181
97 176
9 182
9 197
99 119
100 120
40 199
71 162
17 160
41 127
10 173
84 118
83 160
85 175
97 155
94 135
29 122
40 167
50 119
28 194
85 107
6 157
82 165
27 165
65 190
54 188
48 167
53 142
47 145
4 164
52 124
98 189
19 107
9 135
62 107
21 188
51 127
67 102
95 110
82 146
65 166
77 104
18 153
92 113
5 199
70 168
45 158
9 120
23 169
92 133
84 105
16 122
88 118
8 112
22 123
99 147
51 134
22 120
3 125
43 130
65 121
83 197
78 156
17 140
18 197
25 172
1 122
67 182
18 140
14 146
82 133
47 184
90 188
43 159
8 170
67 115
21 177
2 179
67 173
45 132
34 140
55 175
5 189
25 169
99 150
37 119
47 118
64 159
18 179
64 180
84 188
88 179
26 170
47 113
26 191
69 172
69 154
14 105
37 126
1 128
62 178
18 156
22 186
20 182
48 118
98 176
96 132
65 138
59 195
82 160
57 179
4 151
43 101
84 119
21 130
96 198
50 145
34 195
19 138
57 171
73 126
49 187
23 104
71 139
16 109
48 162
37 128
96 150
96 182
41 172
70 165
18 196
99 109
14 101
89 182
29 190
2 158
14 168
65 189
45 101
30 158
42 121
44 175
78 153
16 137
79 184
44 140
80 148
69 160
61 152
46 188
91 177
2 143
42 181
3 171
40 132
93 115
33 163
28 122
9 114
79 180
46 169
85 106
26 143
24 176
43 200
68 170
100 130
59 152
89 133
13 169
41 115
89 142
66 160
33 177
46 137
36 179
87 114
34 198
31 122
77 135
2 107
69 107
83 183
38 105
82 158
32 199
24 190
86 198
53 163
59 166
12 102
4 109
17 134
70 186
59 125
90 124
9 132
75 192
92 118
53 160
55 167
46 125
19 166
51 156
7 136
39 154
56 184
82 130
69 151
80 179
16 148
52 186
95 137
24 104
28 178
33 116
79 186
61 125
15 139
73 169
19 153
32 137
36 169
26 124
17 132
100 104
57 189
29 145
16 199
35 129
3 158
94 177
19 137
52 198
75 200
19 170
39 138
80 102
63 136
79 132
16 158
61 189
38 179
67 125
59 191
84 192
68 186
24 143
71 120
26 107
15 192
8 179
84 101
91 153
71 104
83 107
1 171
8 151
52 190
17 109
25 175
66 197
88 185
15 153
93 191
86 186
43 157
39 198
5 169
40 122
26 192
93 199
69 196
8 128
4 191
66 159
98 124
53 168
4 146
36 166
85 188
68 147
5 133
75 159
77 124
32 120
3 104
81 156
32 131
54 187
61 150
13 186
21 179
7 113
30 200
42 131
100 162
4 190
28 168
69 147
67 120
79 173
100 109
49 169
51 139
17 103
34 141
61 122
78 133
51 199
71 129
9 187
72 159
13 197
40 175
33 195
59 142
99 103
77 178
100 116
5 141
96 152
94 170
28 199
12 181
90 199
67 122
34 126
63 169
37 167
85 200
76 125
23 166
92 139
81 110
67 138
20 148
62 163
52 134
26 101
30 173
68 119
72 118
39 108
1 192
98 163
49 134
66 184
20 149
76 165
96 161
20 175
29 194
6 131
80 167
50 188
4 176
79 197
33 161
62 177
38 131
17 194
26 154
41 136
11 156
99 112
28 196
43 107
2 174
36 147
95 103
95 116
67 167
43 116
78 131
10 107
31 193
42 197
28 189
7 130
58 157
75 112
77 150
82 101
3 115
41 187
12 120
53 172
65 134
37 179
50 184
5 134
96 140
91 138
86 134
81 170
4 169
67 189
90 125
57 170
54 103
73 145
87 182
87 120
100 101
43 175
49 164
99 161
89 191
87 138
20 190
98 141
42 138
21 150
37 137
45 120
96 179
70 181
72 145
9 194
38 123
53 151
28 198
12 169
22 193
67 117
27 153
37 186
36 192
46 180
45 194
78 198
4 114
93 176
69 121
21 172
40 145
13 101
55 187
94 166
78 178
94 117
29 144
76 199
50 139
50 152
71 127
14 141
61 159
99 185
82 106
30 104
93 158
88 104
43 115
54 141
6 151
70 137
92 152
42 155
44 174
32 122
43 133
33 119
34 127
98 171
61 124
63 113
53 136
15 183
17 199
64 115
53 128
57 113
16 161
54 136
56 132
26 147
70 156
88 184
78 183
16 194
23 115
68 189
28 175
75 198
61 101
89 147
45 178
31 113
10 199
20 169
58 104
83 192
11 145
100 119
15 171
98 161
51 175
52 197
84 187
3 119
84 184
69 175
71 161
15 113
32 129
22 159
31 117
45 152
94 162
29 158
59 112
95 176
44 129
49 108
30 152
15 147
84 117
34 103
12 175
92 161
12 126
70 200
15 140
24 127
41 166
31 111
13 174
74 190
27 168
50 179
9 171
58 101
18 191
33 200
87 112
86 177
82 188
14 132
82 159
2 128
88 123
74 173
1 102
29 152
55 135
25 168
38 149
14 111
16 154
90 183
36 181
71 111
41 176
67 148
35 167
19 149
79 104
31 200
72 109
22 131
81 134
92 103
33 139
32 145
7 184
92 147
86 170
92 105
67 192
5 172
88 131
68 159
63 198
61 118
93 196
86 144
19 129
92 126
47 104
68 184
11 135
64 142
66 103
69 105
98 139
62 167
50 131
49 192
53 154
53 197
30 160
60 116
11 127
12 185
29 116
97 148
56 120
25 148
63 134
48 168
63 149
45 196
50 113
26 149
90 174
35 136
25 199
12 153
18 199
33 186
57 112
28 119
9 133
30 103
2 181
21 136
61 135
62 158
47 141
4 179
46 129
68 106
70 195
14 200
8 110
72 119
42 171
81 121
44 134
85 141
82 156
81 157
26 122
26 117
13 181
97 190
62 155
89 135
2 150
63 172
36 151
42 165
61 181
67 147
69 186
60 165
67 164
57 165
34 156
44 101
17 128
38 169
19 101
7 125
3 148
94 130
8 121
75 152
65 109
21 193
27 178
14 124
54 140
62 145
87 132
52 127
49 163
3 144
10 153
50 135
44 144
67 137
22 138
90 157
30 189
16 162
37 193
29 103
47 163
35 157
97 108
77 116
78 142
68 153
92 183
35 177
58 128
2 148
59 124
83 143
73 168
4 182
71 199
99 118
41 111
43 152
30 199
24 149
80 142
10 167
95 194
46 182
26 126
45 162
16 146
5 114
6 177
68 146
76 185
4 105
21 114
25 167
79 120
81 184
2 131
9 159
16 178
91 181
40 154
52 115
59 182
22 156
28 160
67 135
77 162
50 105
29 119
88 176
90 132
27 199
65 139
35 196
100 142
38 182
35 192
68 135
77 112
5 148
14 134
22 107
6 195
28 149
84 137
33 144
84 182
62 199
8 106
97 101
92 110
36 186
93 110
50 141
100 167
3 102
22 136
36 102
62 104
89 181
35 127
59 138
27 107
70 159
64 134
99 120
2 123
37 140
24 119
76 105
9 174
34 169
95 143
19 114
3 141
16 104
59 105
15 196
20 156
72 131
49 141
77 170
32 155
54 142
14 108
36 161
7 178
72 115
59 127
40 156
5 154
94 161
90 192
49 185
99 175
48 197
73 112
89 156
66 150
77 141
59 135
12 112
73 159
1 118
96 160
45 119
33 188
78 138
30 144
12 179
56 154
70 198
41 109
100 153
9 101
81 194
10 179
14 149
86 195
91 101
6 175
88 188
90 151
52 170
72 194
87 110
30 116
19 174
5 139
90 113
90 121
36 164
57 188
82 180
37 160
8 107
60 159
14 196
83 135
43 174
7 198
66 152
73 108
57 102
39 127
89 110
88 150
59 172
16 117
14 133
35 131
78 168
26 151
46 152
98 130
17 181
90 186
50 165
67 108
77 107
65 112
1 113
27 147
6 198
26 148
64 125
38 101
67 118
7 174
40 103
53 167
51 142
37 154
23 198
71 175
11 138
55 179
78 101
15 138
89 166
95 147
74 115
47 200
74 177
84 109
70 126
68 195
25 173
39 164
28 136
25 145
40 141
78 121
96 127
15 107
73 195
85 154
62 142
86 121
25 110
94 164
39 200
32 186
54 167
41 159
11 113
19 104
62 103
42 193
84 120
58 194
86 108
80 137
66 149
47 112
78 140
17 127
64 172
85 177
32 111
6 159
71 169
72 172
68 156
77 105
75 114
19 113
95 119
74 198
14 188
33 178
80 151
86 114
48 192
12 140
52 136
28 126
37 197
82 125
43 181
9 110
92 172
39 143
77 147
33 129
25 112
44 138
29 129
1 135
89 102
43 196
17 126
55 136
33 115
17 174
25 149
73 196
37 103
92 170
94 124
33 196
60 192
13 177
38 133
38 141
13 150
3 108
13 175
81 128
75 147
56 105
67 171
40 183
66 119
5 159
30 114
34 194
9 111
98 180
61 106
14 186
52 121
54 178
39 131
7 195
68 169
14 195
47 105
20 173
87 157
56 102
16 153
5 162
82 196
90 130
76 110
11 123
100 118
89 160
12 123
77 198
23 188
10 136
54 133
73 192
14 107
92 119
8 147
43 104
90 152
98 149
14 126
29 192
57 169
26 176
56 199
55 110
58 145
80 136
31 195
75 183
73 114
10 106
13 156
54 199
36 180
10 184
23 179
9 168
74 169
35 155
54 135
96 163
35 108
40 148
74 102
70 170
72 193
51 185
56 174
72 150
64 155
46 196
8 101
58 185
71 122
11 131
69 168
83 171
5 127
11 183
90 136
55 200
64 161
63 118
49 180
22 198
75 121
75 108
74 197
31 118
7 187
57 130
29 113
17 125
77 155
10 101
65 176
69 177
28 134
86 133
76 114
24 183
30 120
86 163
1 164
82 174
69 148
81 159
22 183
65 157
79 187
8 173
9 143
66 109
64 154
35 173
86 111
68 178
9 107
38 189
54 194
29 175
98 191
57 149
100 148
95 170
63 187
67 109
3 136
40 133
44 165
13 166
91 158
48 114
45 144
20 102
48 101
82 132
58 118
66 142
17 116
31 142
96 191
38 193
56 113
19 152
3 103
87 135
42 154
42 176
41 164
11 193
75 154
8 178
92 131
15 161
5 165
83 175
53 135
1 131
44 123
74 178
76 127
6 125
4 129
19 130
58 107
27 127
47 199
19 103
50 157
70 179
82 157
13 142
86 113
21 180
23 142
39 147
54 101
87 172
19 164
15 193
54 129
1 101
25 134
20 189
75 153
82 144
100 128
7 146
100 159
54 163
84 129
77 137
75 122
95 122
30 148
62 193
59 144
24 158
1 106
91 118
99 123
45 118
74 199
81 151
65 173
5 129
6 173
20 123
46 102
4 172
34 135
69 141
43 109
63 119
61 196
89 157
47 173
93 135
85 161
38 154
62 185
19 141
9 154
32 190
79 185
77 102
9 146
53 121
37 102
99 139
69 124
47 170
38 180
35 128
34 165
13 115
98 162
29 134
15 124
63 124
31 199
81 104
22 121
60 190
70 117
39 171
38 190
91 120
20 197
13 107
64 126
27 102
23 128
71 142
29 168
27 115
80 107
87 101
95 154
36 150
47 103
19 105
78 103
24 159
2 138
37 104
70 119
94 114
28 158
37 166
1 140
62 135
36 173
33 126
93 144
63 162
67 133
47 133
26 165
15 104
80 192
14 170
87 174
74 107
62 182
1 126
37 131
30 110
64 140
42 185
69 167
18 142
8 168
74 127
35 190
84 114
76 124
13 199
88 116
62 134
92 157
57 163
82 110
81 168
30 146
33 143
55 189
91 166
22 160
89 118
86 135
17 192
57 191
55 107
76 176
91 106
31 150
15 155
6 189
38 158
92 189
48 119
78 119
55 129
74 156
98 151
45 171
64 107
15 181
20 158
55 199
6 111
15 117
95 167
95 184
6 132
73 129
9 123
41 129
80 163
79 167
96 101
54 151
32 182
40 178
44 147
52 140
16 197
11 160
71 158
16 113
70 191
83 142
11 106
57 153
25 133
7 108
30 166
52 145
96 111
93 198
64 188
25 185
18 185
8 180
77 183
8 185
37 191
4 135
82 147
28 107
52 157
87 130
97 174
23 135
39 134
64 113
77 108
31 162
48 174
15 179
20 127
91 121
1 173
86 193
34 114
96 136
99 167
67 158
82 107
8 129
73 170
85 134
17 150
66 183
20 139
29 160
84 155
18 171
9 121
94 126
90 164
8 181
70 189
61 178
95 199
61 149
14 192
99 111
43 178
33 113
21 134
19 173
95 168
69 116
57 183
29 183
48 122
90 160
61 145
1 124
19 127
53 157
34 138
82 112
83 182
76 108
3 178
43 135
64 146
27 129
69 112
73 185
15 129
22 119
96 131
10 155
11 142
90 112
52 139
53 108
38 128
57 181
57 190
10 144
34 108
14 115
50 103
73 173
26 132
78 161
27 172
97 188
26 166
38 166
29 193
80 190
49 182
27 179
75 177
98 153
29 191
79 124
86 115
35 198
26 114
80 112
44 109
58 192
81 124
60 122
29 179
38 137
12 176
59 108
32 172
26 113
42 150
6 150
81 153
83 125
94 158
88 168
16 180
31 173
21 108
74 126
53 159
41 196
19 119
86 181
78 143
77 182
99 168
62 192
55 190
57 156
81 142
12 143
22 173
58 127
68 144
26 199
20 154
67 149
33 192
41 149
28 176
97 152
25 170
56 200
43 164
33 124
69 118
84 108
83 167
36 134
42 162
49 198
33 176
91 145
32 107
54 172
52 188
9 141
52 150
11 125
45 141
16 171
54 195
97 158
33 191
92 155
78 152
85 166
91 123
7 173
11 109
83 126
33 193
85 143
85 178
6 149
5 126
94 174
31 131
73 106
49 113
59 155
58 200
67 169
46 107
86 136
25 119
2 147
77 189
78 172
33 125
49 131
95 136
8 117
25 183
4 111
60 104
45 106
86 131
48 180
27 103
47 124
98 174
19 139
64 194
11 200
29 182
47 106
47 128
66 122
20 198
47 185
97 115
40 197
7 101
10 174
63 193
8 183
70 127
77 117
4 140
83 101
89 178
89 115
48 185
69 155
70 116
45 165
25 195
36 113
77 172
56 115
18 176
28 124
78 127
43 166
30 192
4 183
56 112
79 103
81 175
83 108
60 129
97 179
57 182
91 170
16 177
38 129
3 107
33 189
42 198
53 196
68 174
88 151
16 169
83 120
63 138
13 128
6 118
45 110
34 136
71 105
88 101
52 177
65 107
20 106
21 199
90 177
71 119
53 148
48 172
20 170
7 105
30 178
67 144
92 104
32 178
66 164
89 138
73 177
37 173
63 115
94 105
93 106
5 131
88 132
2 152
43 188
8 135
99 110
23 133
77 146
87 160
24 128
62 105
92 192
89 143
6 162
46 184
61 161
51 106
55 170
80 172
31 107
81 195
7 134
30 197
91 194
38 162
30 156
56 197
51 187
84 174
99 127
26 109
66 121
58 140
24 191
76 180
61 103
72 135
91 136
89 197
88 119
13 116
87 167
28 142
52 165
95 140
34 155
90 126
40 179
39 169
78 173
50 166
57 131
52 113
75 141
55 148
50 153
77 165
8 167
12 162
14 174
23 145
2 114
1 184
68 155
11 159
55 196
38 173
82 164
83 156
55 132
69 173
12 109
80 180
46 114
18 173
16 135
14 182
44 114
94 149
18 152
35 200
34 157
50 198
26 178
9 164
22 139
16 110
72 183
51 114
49 199
92 144
42 179
96 119
97 182
43 177
27 117
28 128
2 173
64 141
89 159
70 130
25 142
76 131
14 176
87 180
84 158
81 176
47 191
97 196
73 101
85 180
85 117
78 200
39 176
43 179
92 111
43 117
52 155
65 149
78 107
28 157
87 106
86 104
5 130
88 155
24 145
4 108
73 180
76 184
23 154
26 104
91 134
36 142
45 187
80 196
11 155
18 200
90 134
13 137
52 149
54 139
4 195
14 127
8 166
34 128
64 136
60 154
23 184
36 106
63 185
45 156
35 164
100 194
95 158
23 119
98 177
28 162
72 121
87 145
54 182
13 185
28 191
97 131
54 150
34 134
7 196
1 187
56 163
75 132
38 107
65 156
15 145
98 145
18 133
73 171
24 135
75 161
82 152
97 104
8 195
56 114
27 161
58 143
31 192
23 109
19 142
4 127
67 110
94 123
23 121
86 164
73 161
13 135
28 141
1 146
50 169
59 147
86 139
36 135
25 117
39 156
60 135
53 182
7 140
28 181
25 177
54 131
58 190
79 164
39 158
50 172
20 113
50 101
73 140
3 174
48 106
65 115
18 132
26 121
51 105
31 175
3 189
8 172
17 148
50 196
41 155
39 132
33 197
74 164
65 144
22 151
34 121
24 152
79 172
10 104
27 185
30 188
64 103
11 174
60 197
87 109
9 188
74 139
77 173
76 135
66 129
1 156
61 144
50 200
86 161
94 108
47 136
96 156
94 134
29 139
2 126
6 130
24 136
79 126
17 156
26 102
69 127
27 136
77 145
8 109
90 178
88 189
98 117
67 177
53 199
32 118
66 189
49 126
51 161
16 119
12 115
19 115
94 151
13 151
95 178
29 178
43 180
31 151
49 127
37 185
87 107
2 178
82 149
67 107
78 174
76 104
94 199
24 174
36 185
22 124
64 117
16 159
8 123
80 146
83 121
46 145
85 123
2 113
17 147
85 174
100 117
34 111
24 146
86 185
55 120
13 145
24 200
60 112
84 128
35 144
93 147
88 129
70 196
95 160
93 124
2 153
45 185
46 193
74 175
21 143
50 180
66 196
79 131
1 136
76 150
42 145
44 135
19 118
43 102
89 187
8 138
80 157
11 172
30 145
64 110
53 133
44 121
22 185
37 108
53 118
80 152
63 104
87 186
96 126
50 118
63 123
15 146
49 123
1 185
71 177
27 118
36 156
45 142
50 144
15 128
17 119
95 126
25 136
91 191
53 162
11 126
96 115
36 114
70 149
26 125
66 138
19 200
41 142
91 109
58 163
60 196
62 110
91 140
88 102
40 112
75 144
41 110
92 106
39 104
17 108
80 116
32 196
51 126
23 178
34 192
2 135
15 118
96 112
84 135
29 123
16 188
2 185
86 190
75 101
33 142
47 160
23 144
69 133
14 189
57 137
49 107
34 130
29 157
72 120
37 109
24 188
39 105
62 150
83 118
87 173
10 128
3 190
6 181
91 174
1 178
23 196
6 176
93 134
18 195
100 195
63 178
74 119
95 164
98 103
32 169
97 151
64 169
78 190
43 171
37 177
13 141
65 186
64 162
10 182
60 137
87 195
24 162
40 159
92 187
26 146
46 141
96 178
98 179
40 176
68 179
76 160
25 125
100 191
37 125
35 180
20 157
61 182
34 164
47 125
15 200
87 154
28 144
17 131
88 200
19 132
98 150
32 184
50 150
12 160
99 154
7 104
72 155
60 161
77 149
54 123
16 143
12 110
42 187
72 101
47 132
77 175
22 174
91 149
99 171
43 176
95 181
22 162
9 113
55 125
30 196
68 127
37 168
80 188
37 196
3 181
88 130
97 144
58 172
65 183
44 102
73 176
56 190
29 150
5 196
61 134
47 162
3 145
35 134
80 197
30 163
25 135
59 134
33 145
16 187
95 105
14 193
50 115
1 167
5 107
61 119
63 166
96 135
51 124
95 161
7 166
35 176
36 141
91 117
46 174
88 134
47 195
35 178
39 199
39 197
62 112
89 200
21 113
78 154
78 186
64 197
90 172
92 128
12 170
23 191
82 148
73 110
6 141
49 120
46 135
9 200
54 102
63 105
52 147
58 125
58 198
90 191
33 157
3 156
33 111
16 123
78 164
30 186
90 200
35 112
57 107
89 124
58 144
82 151
36 104
58 124
11 158
27 133
93 171
5 112
84 106
24 141
34 107
93 162
17 146
68 114
12 173
44 173
84 200
81 125
11 157
27 126
33 110
16 114
51 198
8 127
14 106
76 177
5 157
9 115
55 143
71 181
50 149
23 146
46 175
76 133
46 122
1 114
75 163
20 200
14 130
78 158
23 157
71 176
83 146
84 162
66 124
38 144
42 124
78 165
74 150
23 122
73 128
70 150
58 199
54 162
23 160
26 129
85 105
58 160
5 194
65 101
19 172
10 137
93 188
32 185
28 197
35 145
94 142
73 175
6 174
38 120
58 122
10 135
100 176
21 128
87 183
35 189
53 193
80 124
81 169
15 101
37 116
79 158
35 165
55 181
93 172
1 172
36 111
32 165
42 136
29 170
19 156
87 194
37 147
33 117
60 106
41 186
93 192
48 177
92 101
74 131
73 111
3 131
72 105
17 122
79 170
18 190
86 173
7 194
35 171
83 153
11 182
63 151
70 161
58 195
13 146
67 185
5 198
59 131
75 162
45 104
96 149
40 139
94 165
78 125
10 166
15 186
81 190
21 138
29 108
65 162
47 151
55 130
65 152
97 189
64 187
22 122
29 102
100 114
15 108
51 158
75 180
83 194
30 131
47 148
85 120
55 104
9 199
99 170
45 195
77 120
47 167
8 190
45 128
4 149
83 102
1 141
35 182
12 150
94 116
81 145
10 148
82 114
83 174
66 185
42 142
91 124
46 130
67 183
58 181
98 164
59 161
39 129
57 166
9 195
68 136
91 107
49 172
70 145
15 164
79 179
86 147
10 200
35 161
75 140
62 162
35 130
13 180
98 194
13 196
34 181
46 134
18 170
7 179
60 166
92 140
17 135
51 109
71 116
58 154
64 148
10 151
92 158
49 111
20 128
90 159
72 181
76 188
1 115
38 125
44 106
60 186
77 181
56 125
51 121
8 136
24 179
36 107
2 189
15 136
61 164
71 103
53 192
95 132
34 174
93 182
80 130
74 170
15 158
6 167
30 167
94 121
40 192
29 106
31 164
77 195
42 195
65 108
78 118
91 198
18 101
11 147
99 181
99 137
81 152
12 188
96 158
82 136
34 129
73 200
80 128
61 172
56 131
53 145
67 184
69 119
83 162
22 184
85 138
48 137
99 138
66 113
18 125
60 162
45 163
89 144
96 172
15 176
67 159
91 180
23 150
23 171
18 135
90 115
29 185
19 102
96 123
96 106
96 192
75 139
58 175
6 200
44 186
89 126
64 118
10 180
20 147
73 124
9 169
50 182
79 150
33 138
87 165
25 150
29 159
99 155
45 160
47 192
94 147
13 143
21 170
96 103
6 187
47 117
47 101
7 133
4 150
8 120
60 115
53 125
83 187
90 195
24 167
72 179
88 163
45 199
93 197
43 140
99 121
21 195
3 122
49 116
92 123
23 158
45 176
10 162
93 164
61 142
3 110
74 185
54 115
34 175
17 129
34 167
54 146
82 138
56 129
38 103
41 193
41 141
59 140
17 176
48 148
73 117
44 190
99 176
39 188
1 111
61 174
44 178
55 184
99 126
98 115
63 158
34 154
86 123
91 113
24 126
16 185
85 190
11 162
52 187
79 162
76 179
81 116
23 194
70 102
42 190
26 136
41 158
49 177
18 180
45 129
7 171
82 189
52 181
55 117
76 174
49 162
55 154
14 145
87 178
13 104
44 136
9 180
54 124
46 154
47 102
72 153
39 101
22 113
28 115
89 128
45 122
63 139
26 174
70 110
12 191
8 174
95 134
10 159
40 164
56 143
2 186
89 152
59 190
54 120
55 146
78 148
97 192
98 173
9 176
75 186
5 167
24 137
82 122
76 111
32 163
41 130
34 110
17 170
58 171
70 139
75 123
98 110
33 148
38 167
67 146
60 111
44 130
67 111
63 174
66 108
62 124
38 130
62 109
71 118
19 195
91 178
71 165
28 166
83 147
38 191
77 133
27 170
22 129
4 184
28 164
15 194
81 105
48 157
27 145
40 123
16 128
43 124
75 115
67 113
15 110
72 127
97 170
2 187
84 191
4 198
97 185
60 102
68 198
39 172
15 167
23 175
7 181
55 108
100 189
51 145
96 194
39 168
56 169
10 141
78 187
61 190
83 151
23 132
96 113
19 198
46 151
53 191
72 167
93 154
71 149
83 119
62 106
59 176
42 192
90 187
41 137
58 131
40 143
7 191
53 147
20 184
16 131
86 122
67 170
75 187
71 121
91 163
100 154
48 117
43 182
11 167
61 154
95 191
15 159
55 105
32 116
62 197
6 119
12 167
60 114
40 188
96 159
95 157
14 154
27 164
13 112
40 168
73 115
81 192
64 122
2 132
4 193
70 158
18 184
13 152
69 179
18 163
23 112
32 140
29 124
96 187
66 179
80 106
7 186
43 122
99 158
60 180
99 131
55 144
35 115
58 150
86 127
60 118
45 130
38 156
87 179
60 174
26 123
4 155
56 123
81 177
92 160
41 174
89 189
73 160
14 125
2 175
76 106
79 119
76 139
56 194
6 121
41 125
1 168
52 161
77 123
51 168
68 194
27 194
39 137
27 167
46 157
65 119
2 111
3 199
66 168
46 128
25 153
1 105
3 180
58 132
75 118
69 103
9 160
16 124
82 154
17 106
19 134
79 175
52 105
23 116
94 132
94 175
99 101
29 107
66 148
33 133
56 182
55 101
81 182
69 143
44 141
29 188
18 136
28 133
7 127
98 160
15 122
93 200
69 187
16 136
19 147
41 160
86 152
90 139
10 187
67 176
51 195
46 183
40 182
58 152
35 148
47 144
71 148
14 147
97 103
37 159
59 120
26 118
52 162
35 168
62 101
83 176
49 184
76 173
78 171
29 199
75 119
99 165
60 108
71 117
77 184
33 190
82 155
62 141
4 199
81 155
89 136
1 117
78 195
48 109
15 174
69 138
88 170
47 179
26 195
24 139
44 122
56 110
30 115
50 154
21 111
33 121
94 187
50 161
47 156
28 170
83 122
10 124
55 116
72 147
41 114
51 165
91 103
60 158
69 190
94 125
75 194
100 166
97 181
77 128
77 158
65 187
52 109
39 177
59 116
77 161
57 101
9 130
32 177
70 129
98 196
85 110
20 188
66 141
90 184
39 192
11 122
18 103
26 133
88 174
86 117
33 127
85 152
38 127
91 187
45 166
80 195
82 170
3 179
77 136
87 190
25 194
8 116
21 154
9 147
80 117
9 184
41 154
90 148
64 168
81 146
42 111
26 139
7 149
11 114
47 175
63 129
12 184
96 129
22 187
7 160
28 101
36 154
49 188
35 142
22 188
25 114
76 153
100 171
8 126
75 127
88 139
37 171
97 161
17 114
30 165
18 104
71 110
86 105
43 144
45 154
18 110
43 148
9 104
80 120
97 163
84 180
91 146
13 125
52 184
74 176
27 156
11 111
59 109
5 146
32 160
20 142
47 180
94 136
63 110
22 106
13 109
100 144
40 125
86 109
33 183
33 164
28 172
68 149
48 178
87 131
72 107
22 102
47 119
22 146
57 146
99 179
26 160
74 130
94 167
3 188
99 149
85 185
50 163
4 187
52 102
25 193
77 131
99 144
52 192
98 109
98 167
35 105
94 200
71 183
79 181
40 130
96 124
74 196
21 197
69 194
40 169
53 116
72 154
82 116
99 192
31 190
65 124
49 195
41 133
15 187
92 117
84 159
88 160
28 167
11 166
63 177
52 138
69 132
86 101
16 116
90 109
20 105
18 181
50 112
82 121
21 174
67 156
97 128
82 172
63 189
5 117
45 147
3 194
16 121
69 142
66 154
45 170
97 135
4 188
91 116
51 196
89 111
29 115
84 157
68 140
42 144
23 199
10 131
89 153
87 168
50 186
98 132
68 197
14 175
56 176
90 154
78 139
24 155
21 196
32 174
25 165
17 183
88 180
66 170
86 182
36 108
60 128
65 175
25 191
83 127
25 176
78 132
9 155
3 146
52 107
28 135
62 171
93 130
13 162
48 175
29 130
8 191
94 103
48 123
44 180
64 177
57 151
64 174
33 140
65 178
98 147
86 165
49 160
59 185
98 193
93 119
18 169
84 102
50 189
79 191
2 193
5 111
86 191
53 143
81 113
21 123
28 138
85 118
21 152
10 139
84 113
72 165
20 179
72 198
18 137
42 132
16 170
85 133
69 199
45 102
92 130
96 151
80 161
38 142
39 115
53 138
22 104
100 151
62 121
78 151
17 161
73 142
11 171
7 165
55 195
80 145
6 190
49 176
5 187
21 119
46 192
72 146
94 144
1 155
4 168
3 182
50 111
21 178
91 184
92 191
13 198
9 173
93 103
52 185
62 154
54 154
33 122
71 185
74 137
81 160
86 128
71 186
74 144
23 110
68 183
3 155
39 125
4 132
9 126
21 198
10 112
27 132
19 106
98 120
97 143
31 141
16 142
48 156
24 132
35 162
18 159
69 184
87 104
98 197
58 139
73 158
82 134
17 112
12 154
4 137
12 193
4 112
100 105
59 181
74 187
66 158
89 155
26 196
67 131
45 180
100 157
20 131
97 150
47 111
58 167
30 126
33 166
74 129
71 174
41 105
51 174
6 113
98 187
49 161
58 146
77 194
90 123
68 102
93 145
55 193
23 177
69 164
26 193
73 186
48 142
14 162
77 160
53 165
68 126
8 115
7 172
76 193
36 165
9 134
41 192
81 167
54 137
2 115
75 125
40 151
6 129
51 107
29 105
85 128
99 186
57 121
38 145
9 112
48 136
15 198
51 151
12 177
25 122
73 133
44 198
44 105
97 139
27 159
94 140
23 173
75 176
61 177
34 113
36 191
17 189
2 102
67 106
3 173
11 104
16 183
76 103
86 196
5 200
76 195
91 135
17 157
49 196
96 177
71 189
34 142
89 132
41 148
96 141
34 161
87 162
41 179
7 124
2 144
70 124
32 130
95 114
70 141
47 139
90 168
7 129
54 130
66 112
54 183
63 159
50 129
14 160
9 192
36 193
65 153
97 117
42 177
33 104
51 166
63 107
20 174
10 183
74 104
86 148
17 158
25 127
23 159
27 150
67 140
74 155
67 186
86 167
79 177
73 136
40 110
100 179
35 184
6 165
42 200
75 182
85 126
64 109
13 170
47 138
75 131
10 103
27 138
97 133
62 176
61 117
9 138
95 172
65 165
7 176
43 194
76 146
86 189
48 151
4 101
77 125
59 178
32 195
4 158
51 176
9 170
48 155
48 163
50 107
17 193
85 114
54 117
6 133
71 153
25 141
6 164
29 197
41 194
42 114
33 187
12 122
11 136
79 192
9 137
79 154
32 101
1 188
95 198
15 182
61 197
46 170
92 195
61 191
51 116
84 164
82 190
71 159
62 175
36 149
56 139
96 167
69 170
66 120
57 108
69 152
61 153
71 196
15 184
90 189
100 178
26 105
35 122
5 136
7 117
72 108
14 122
76 129
34 151
40 111
10 102
20 111
17 172
35 102
89 108
70 138
88 121
38 172
40 198
18 102
91 112
1 149
98 137
26 137
58 170
98 129
66 172
24 117
97 125
44 182
97 193
11 163
53 106
52 135
63 179
29 147
43 184
12 172
13 188
35 132
58 182
8 199
99 193
53 178
34 101
63 103
57 176
92 194
88 182
66 200
57 186
71 143
76 178
61 170
41 123
40 174
33 179
39 160
85 147
59 139
92 196
75 193
95 129
60 143
33 174
71 138
99 124
64 166
75 190
26 194
31 128
87 129
27 198
78 194
25 160
63 122
53 161
60 101
66 133
21 107
32 188
7 150
13 167
3 193
47 115
91 150
52 174
79 108
11 141
59 133
32 189
35 106
88 148
77 169
48 129
57 122
41 122
11 105
72 161
8 155
27 180
52 191
35 101
74 136
87 189
63 163
74 192
5 118
72 162
52 114
47 178
93 177
32 106
66 163
14 185
38 195
73 181
46 185
74 154
15 119
40 129
87 151
20 150
15 105
10 150
88 115
27 160
59 177
91 200
62 147
4 139
65 110
61 136
22 125
83 165
66 145
39 191
62 156
86 184
63 125
52 179
40 187
62 169
60 181
6 186
40 101
16 126
1 107
38 110
20 136
7 139
44 197
43 119
56 106
100 131
5 121
49 133
31 163
95 125
24 197
9 103
20 117
62 153
10 114
62 116
87 117
58 188
43 186
45 135
80 108
93 161
52 123
56 185
60 132
70 125
3 170
13 190
92 114
69 188
9 129
79 157
6 146
73 179
95 128
64 138
52 176
59 122
38 168
78 122
19 145
30 111
51 173
73 157
36 126
62 196
24 177
55 150
64 158
26 163
3 128
89 120
71 140
52 164
42 104
34 193
63 121
31 170
3 164
31 138
36 195
54 105
16 165
17 137
48 152
39 148
18 175
15 149
18 107
84 167
92 177
31 112
48 160
86 166
59 189
89 104
43 172
57 174
11 185
38 159
36 148
83 116
32 157
92 162
1 153
44 133
30 170
4 124
18 158
86 199
47 140
30 190
64 196
68 113
76 158
59 132
55 172
9 102
92 199
27 149
29 117
72 151
15 137
31 139
89 107
69 176
34 131
10 154
53 158
78 184
65 182
50 138
84 183
27 121
76 113
53 177
62 159
17 186
78 155
10 110
14 158
92 181
98 200
88 198
94 163
75 105
79 114
94 120
61 165
47 147
84 166
4 144
37 130
87 163
72 156
60 155
70 111
99 132
35 147
76 117
85 135
24 114
29 141
10 132
37 115
8 114
65 197
98 172
71 137
69 193
59 143
14 123
21 133
11 108
79 116
94 157
88 149
82 166
66 188
31 104
47 131
54 169
86 187
51 135
51 153
6 122
55 142
46 190
62 131
57 195
53 150
65 104
44 149
96 144
54 134
24 157
14 138
27 152
13 108
22 178
21 176
38 146
69 181
89 172
13 105
3 168
73 190
100 138
42 157
95 120
21 159
63 199
26 179
85 192
42 161
31 180
98 182
57 140
32 152
6 124
20 103
70 128
70 183
37 144
78 146
98 113
75 149
2 105
93 136
82 127
41 168
79 176
99 169
43 161
5 135
24 110
99 134
92 116
97 191
20 101
19 169
68 145
92 176
34 133
53 185
77 154
49 112
40 149
16 108
65 179
67 191
13 111
55 119
52 153
82 111
94 127
50 178
99 189
26 153
13 184
88 106
85 195
42 115
78 104
50 114
1 169
34 189
58 102
66 175
9 183
66 106
95 165
8 192
37 150
49 119
37 175
94 168
61 146
91 197
45 174
19 108
68 107
62 152
80 166
17 167
50 127
26 144
56 195
44 152
34 149
85 160
6 137
83 159
27 166
29 104
25 159
99 128
22 170
69 126
50 137
76 126
29 176
46 112
29 137
38 140
79 193
85 165
57 185
73 134
28 112
31 159
13 165
75 196
26 161
98 102
20 143
