200 7000
6 103
85 117
75 130
48 153
77 115
44 175
21 116
29 138
59 118
23 182
18 103
3 112
59 143
84 131
92 165
53 110
63 105
30 133
17 138
10 163
40 191
72 190
66 165
99 146
90 109
64 121
75 185
2 108
58 127
100 157
85 176
98 180
9 180
56 171
30 102
27 172
30 123
100 168
62 179
9 132
79 167
80 107
3 179
52 154
79 148
61 199
71 155
4 147
73 195
9 190
67 121
42 183
59 179
38 152
36 160
8 198
85 121
36 118
70 122
18 191
14 183
73 166
44 136
92 178
83 136
49 117
22 102
44 158
2 129
5 102
51 105
19 137
26 143
14 186
34 184
93 134
80 196
68 124
63 154
27 138
14 194
60 173
33 193
56 155
99 135
90 200
98 162
2 180
30 126
64 182
20 147
29 162
33 159
26 155
26 110
4 179
47 153
30 188
97 119
16 169
27 148
92 139
51 114
33 123
21 159
30 180
66 171
26 163
3 116
65 192
28 126
67 160
32 199
63 200
25 199
82 191
98 154
26 156
37 104
46 178
12 120
67 123
54 105
91 107
81 186
76 131
62 120
75 179
10 139
86 168
28 162
62 130
40 185
1 143
88 110
63 163
97 172
29 137
16 110
32 169
13 126
58 112
91 174
53 128
54 124
15 119
99 138
51 153
13 101
73 117
57 184
66 182
77 196
94 199
82 139
96 119
75 155
56 177
38 103
90 143
49 144
28 179
71 114
13 133
28 194
51 181
54 115
23 146
31 102
28 168
33 137
31 151
40 149
35 127
86 158
12 182
58 189
78 187
16 102
10 121
66 112
66 153
55 133
57 111
33 183
28 147
88 179
86 181
29 197
97 116
39 134
53 183
35 183
41 119
2 103
65 177
87 173
41 125
48 199
25 169
26 195
92 128
25 175
13 188
48 193
13 161
44 126
65 158
81 173
85 132
74 105
53 195
90 131
12 106
94 200
97 183
72 135
19 187
55 108
17 121
76 181
98 102
12 155
37 111
89 176
77 151
35 188
85 167
87 129
89 135
17 165
63 119
37 183
48 196
22 121
93 157
82 152
10 162
82 123
53 171
100 138
64 131
92 197
60 186
31 137
3 148
33 168
82 131
30 118
3 125
42 187
70 160
42 193
98 110
13 139
81 196
51 197
4 164
90 191
14 148
48 117
1 165
52 145
22 123
28 157
44 118
55 185
37 107
43 120
82 150
61 127
23 160
57 113
72 122
71 151
23 195
32 116
92 130
24 126
45 161
97 143
35 166
75 192
95 197
56 133
26 173
22 191
36 117
96 154
37 131
86 126
17 162
28 164
45 111
53 118
59 101
16 170
80 166
37 141
77 106
76 174
42 196
23 198
71 158
96 172
32 180
63 161
53 167
86 132
71 175
100 179
57 108
32 123
76 170
79 191
22 193
29 199
87 133
51 120
8 121
1 191
39 102
31 175
45 189
65 161
36 126
26 197
53 143
39 127
52 162
44 140
45 187
19 138
77 174
72 127
65 169
56 102
33 146
52 146
35 156
70 109
40 119
43 111
61 175
16 118
83 184
8 141
47 184
75 154
21 158
8 146
26 117
6 161
48 173
33 175
40 194
52 171
18 155
27 137
33 173
43 182
40 181
88 196
64 119
30 197
88 122
63 122
52 132
15 183
17 109
25 108
25 142
70 193
50 177
3 199
31 104
11 194
45 196
98 157
11 195
17 179
92 122
13 121
35 146
53 106
6 114
69 139
38 156
25 160
88 194
6 136
36 130
56 108
62 157
74 126
16 138
23 156
100 101
74 175
52 124
85 138
18 154
9 188
74 176
17 168
41 146
73 111
49 161
84 122
1 137
59 162
53 200
72 173
47 179
74 147
48 118
49 172
74 166
70 148
33 184
95 172
21 195
34 157
45 200
18 142
82 119
26 102
62 128
90 144
58 106
16 119
11 140
47 130
25 133
22 172
58 180
68 191
17 191
35 109
70 180
39 155
66 131
47 119
19 142
82 192
90 166
3 108
23 120
45 199
54 155
56 113
39 194
46 124
4 116
20 146
51 200
60 200
94 124
47 112
34 107
41 196
82 194
81 144
98 191
54 179
67 142
32 130
87 102
22 131
84 106
27 122
11 182
47 148
98 167
68 167
85 111
90 193
20 131
32 167
90 160
69 160
50 186
59 108
50 106
95 164
47 133
11 103
79 179
75 168
74 189
15 168
30 178
58 142
35 178
20 105
52 141
14 180
62 174
76 137
68 125
89 149
96 200
84 184
34 136
79 197
53 115
89 142
78 103
90 179
34 103
47 180
28 149
13 140
30 149
89 115
49 110
86 153
7 138
41 132
21 192
51 140
85 107
30 151
70 111
77 185
20 138
65 118
9 187
57 193
70 192
68 106
13 171
16 134
7 195
64 140
82 102
62 194
36 161
32 189
42 172
51 129
99 144
16 113
1 136
15 173
45 108
70 116
67 133
89 138
3 165
5 122
43 155
52 156
40 154
12 102
44 104
84 171
17 137
82 105
5 182
81 137
5 144
78 151
61 115
13 175
62 141
37 127
37 170
58 153
5 181
39 191
76 103
59 151
80 121
87 153
19 125
47 147
72 189
22 167
82 145
76 165
40 190
86 198
29 182
95 140
65 183
87 169
6 125
50 102
57 105
76 139
92 179
91 141
50 158
11 145
63 171
51 132
69 143
6 148
52 172
89 156
23 134
29 159
86 169
73 190
30 152
26 149
72 157
54 177
54 162
42 105
71 191
12 114
49 193
38 200
87 139
12 115
60 106
37 154
33 126
13 116
63 113
17 150
96 155
30 185
89 164
34 115
1 133
12 104
67 174
40 158
16 152
16 168
75 174
79 161
30 150
19 153
62 144
24 122
18 113
67 136
21 169
46 159
67 171
79 196
64 180
40 118
30 161
49 126
15 182
59 140
27 188
70 108
64 126
22 107
92 191
80 186
21 144
75 166
87 193
10 129
84 161
92 154
90 116
18 200
24 114
14 102
41 172
52 193
61 155
89 110
34 177
58 187
48 101
61 103
3 160
91 130
56 172
54 117
89 152
84 121
93 115
40 126
30 187
99 119
88 185
82 185
57 118
64 168
8 137
90 174
2 110
89 120
97 131
63 107
59 141
73 105
13 174
43 145
46 141
45 121
77 105
36 128
99 160
36 108
34 120
29 163
50 144
21 117
100 195
69 166
88 126
53 147
89 145
8 186
23 127
23 119
92 109
78 119
21 102
66 129
53 176
95 145
91 168
22 177
70 137
99 189
57 155
25 158
87 160
73 191
16 142
99 105
4 132
44 144
75 111
17 157
55 103
14 121
28 178
40 124
96 146
48 116
2 169
88 121
70 187
77 130
68 189
1 157
36 147
70 171
35 142
14 157
79 140
80 111
10 180
34 158
53 159
23 109
9 144
64 191
83 104
75 139
64 107
66 130
29 164
75 194
38 183
69 188
38 111
85 136
99 150
24 142
39 196
80 194
3 156
13 181
2 192
58 144
82 154
49 113
30 134
49 148
9 148
87 155
85 197
44 171
87 200
77 131
34 128
22 116
60 165
61 125
1 194
98 181
35 118
89 183
84 104
74 131
1 128
68 196
95 141
56 173
78 139
21 189
17 117
88 129
95 126
21 179
94 135
93 101
21 194
63 110
48 127
3 198
13 195
9 114
7 149
9 122
52 143
91 146
97 167
37 125
78 158
68 155
1 103
16 136
87 119
58 164
1 102
18 106
31 157
12 181
88 143
80 138
44 131
3 117
24 144
39 153
3 151
89 189
60 130
93 107
85 192
82 187
9 101
9 118
11 127
58 114
20 200
68 151
33 191
74 137
100 127
29 186
56 162
22 157
12 172
20 168
49 134
43 113
47 185
23 116
34 186
74 143
21 105
46 133
18 166
94 185
73 192
85 124
45 114
17 195
55 171
69 129
73 160
25 163
79 130
36 144
95 179
87 167
28 190
25 155
23 131
56 103
72 188
41 110
99 140
34 185
22 149
80 133
88 153
72 161
9 194
5 119
50 113
15 102
58 140
27 151
8 147
12 171
76 128
30 163
24 145
16 144
94 117
62 132
54 136
42 122
60 198
78 118
52 165
100 189
56 189
24 125
60 116
21 112
34 195
43 189
79 128
52 183
35 198
48 122
37 130
94 136
35 113
20 186
40 186
71 128
32 152
40 138
24 161
75 172
50 135
55 198
21 190
14 197
37 133
39 116
80 151
93 144
60 129
11 172
6 160
55 124
28 109
38 135
86 200
49 118
100 139
88 190
37 120
47 195
47 173
82 148
64 158
25 132
30 122
21 133
83 108
12 152
87 141
13 178
1 167
24 149
1 144
9 186
91 154
88 102
81 164
75 129
15 155
22 119
93 193
72 118
90 133
16 186
51 170
51 141
27 119
53 196
24 103
10 187
94 133
59 191
93 125
81 131
47 156
17 190
56 160
20 112
2 173
48 132
70 164
56 168
76 159
14 159
50 147
13 122
100 105
28 189
72 107
83 128
45 148
94 156
6 177
63 191
52 196
66 144
13 144
66 121
76 176
43 102
25 192
32 187
3 137
5 163
92 107
44 106
43 150
4 138
82 120
6 188
18 120
24 190
56 199
46 117
24 154
11 191
32 113
5 198
90 195
64 200
82 172
38 163
82 101
32 172
82 108
9 138
5 200
88 193
100 160
2 125
54 151
4 175
22 184
24 136
35 153
77 122
38 167
66 185
84 189
70 158
42 144
74 187
25 114
95 156
56 128
49 177
36 178
44 135
48 168
9 129
63 152
14 147
82 199
3 110
45 146
49 151
37 129
38 174
15 106
90 128
80 136
17 122
74 103
98 192
81 160
53 174
3 159
85 155
37 173
91 119
98 169
92 196
45 171
3 138
37 172
45 167
64 163
47 193
10 161
56 149
19 127
47 123
58 174
11 171
46 132
56 150
8 197
48 108
11 170
69 177
61 188
24 198
79 142
10 114
30 108
30 158
37 142
4 140
66 117
53 192
8 180
42 184
60 153
11 196
12 135
54 137
97 112
37 196
52 175
16 156
71 111
73 125
18 179
74 158
76 195
7 166
48 160
59 199
10 142
29 165
10 150
60 152
45 142
39 101
68 192
18 128
19 112
49 167
55 191
20 152
41 189
91 120
20 160
26 154
27 134
6 147
27 158
78 143
64 136
66 174
35 147
39 149
95 154
12 110
89 123
19 139
26 111
74 168
89 170
8 189
98 193
31 122
19 119
40 160
96 143
100 197
35 152
34 162
98 152
75 169
5 167
77 187
55 184
83 177
55 194
77 157
51 125
8 109
40 156
6 105
84 119
5 110
87 118
94 196
43 166
2 187
19 171
57 180
24 176
31 180
26 178
52 166
25 153
44 157
97 200
7 153
65 156
46 195
96 177
46 121
36 195
85 113
3 174
88 177
61 186
81 184
70 112
18 150
86 136
96 175
60 158
65 147
37 178
95 187
98 196
75 131
35 190
81 153
80 162
34 106
66 135
100 199
64 115
53 156
19 118
28 133
75 103
60 109
21 156
92 148
19 191
82 132
88 180
98 140
37 152
63 148
60 120
62 183
68 109
4 120
30 189
55 142
5 103
16 173
14 169
93 175
7 127
21 132
18 105
56 101
1 180
75 105
63 153
28 117
39 150
94 126
28 165
9 141
58 116
69 130
95 191
55 168
12 188
23 190
31 153
36 190
17 169
67 181
80 129
94 129
63 109
16 160
45 160
48 115
9 156
90 162
19 102
49 164
77 135
20 166
28 154
54 108
51 152
55 174
98 142
68 128
71 168
89 153
17 125
79 109
91 163
53 102
2 161
77 199
11 124
46 163
40 165
62 103
12 177
3 180
47 197
16 135
51 178
59 177
83 166
30 156
98 171
90 176
27 152
98 159
56 124
75 161
87 131
44 117
5 170
91 158
22 133
1 114
22 186
80 174
12 170
58 194
39 123
7 113
34 175
4 183
7 189
19 159
22 137
66 183
28 119
29 154
37 101
11 154
21 147
78 177
77 139
50 194
17 197
6 168
100 135
97 117
9 171
76 151
11 125
18 173
7 103
40 133
47 110
36 192
69 199
37 163
47 183
39 197
78 145
87 175
63 115
58 117
8 174
100 143
50 155
61 168
5 192
10 131
2 124
7 131
52 153
96 138
88 199
40 112
90 125
71 109
95 186
100 149
77 193
18 137
22 132
66 172
14 114
55 149
46 191
37 199
75 153
36 109
97 197
8 166
45 136
89 193
57 130
73 165
72 196
77 179
4 171
93 149
29 126
78 156
1 196
23 173
39 135
7 160
32 124
3 133
68 153
85 179
31 161
96 166
56 105
18 178
28 183
70 183
88 140
46 156
24 130
8 188
43 178
51 150
47 144
52 122
78 178
77 132
90 150
88 125
42 163
34 152
98 143
50 152
78 131
90 127
8 171
30 181
38 109
69 171
52 170
42 169
6 118
16 143
96 170
49 106
19 174
12 116
61 108
1 116
6 196
56 196
11 101
32 156
48 151
40 176
42 118
64 197
97 156
45 195
7 118
42 107
98 182
73 197
67 117
89 179
66 176
28 110
25 183
98 135
38 199
99 157
22 163
57 119
38 169
53 114
26 190
43 141
79 159
81 124
25 151
5 107
23 128
19 145
83 191
76 182
33 116
24 192
56 161
22 164
56 157
33 200
34 172
84 174
66 146
80 110
84 187
43 177
30 117
25 185
11 146
72 117
70 175
83 114
80 105
87 151
84 120
100 196
23 161
54 191
73 118
56 141
17 145
98 111
55 176
17 151
44 160
94 186
83 113
64 161
11 152
29 132
12 193
70 146
7 200
25 150
100 117
54 133
67 193
51 118
38 120
59 116
52 181
36 200
92 151
7 123
17 154
73 121
37 200
59 117
60 132
55 114
68 173
73 196
64 110
6 124
74 140
54 130
3 122
22 196
10 170
85 147
44 188
47 121
5 180
84 113
5 168
88 124
97 115
50 123
21 171
39 162
84 166
69 153
9 133
73 139
91 186
17 143
68 188
93 118
20 139
47 177
65 159
87 113
23 189
59 182
68 112
37 143
70 179
81 185
87 150
68 142
73 181
91 160
20 115
80 130
42 185
38 112
99 130
60 121
25 131
24 137
31 109
60 179
64 153
23 168
74 153
44 172
15 124
55 189
84 134
94 114
81 157
60 194
24 133
37 126
68 186
52 186
41 169
99 199
79 146
47 125
48 113
100 180
67 182
37 189
48 145
6 163
24 172
44 191
34 199
2 157
44 187
43 134
71 126
48 106
27 162
71 166
52 185
10 141
14 182
43 193
23 144
7 196
80 140
8 111
95 121
48 149
49 156
22 154
12 112
14 137
25 198
4 159
98 161
38 150
60 151
37 177
66 196
77 107
79 190
47 146
32 194
2 119
33 125
66 152
66 164
93 120
85 162
11 136
63 185
26 124
34 167
32 174
17 166
17 194
3 163
96 107
43 125
22 141
94 164
4 101
80 127
20 192
11 139
48 165
60 199
12 148
57 182
98 121
70 138
88 130
75 123
8 128
73 172
78 182
52 102
29 156
91 145
62 182
29 101
24 180
50 198
74 116
91 126
84 127
48 172
95 115
57 121
93 161
70 120
78 149
8 160
78 163
55 131
90 111
6 157
7 181
53 178
23 103
23 180
89 168
76 194
73 156
71 169
18 165
71 123
75 117
10 188
3 124
9 127
23 159
21 137
35 135
8 126
7 174
11 176
28 130
3 161
59 127
6 187
86 188
17 164
83 129
90 185
41 190
96 112
76 185
19 110
54 183
33 109
56 188
22 139
77 117
22 189
87 194
39 173
55 145
34 146
86 142
72 177
63 104
68 116
91 184
7 169
83 168
60 134
8 169
48 140
97 176
59 103
38 125
42 139
41 188
25 138
75 107
27 131
62 106
29 185
90 104
6 158
39 165
6 176
81 105
47 166
57 181
76 200
1 111
100 165
50 128
15 197
30 132
26 139
74 173
30 137
53 148
97 149
50 150
72 103
91 124
25 120
81 116
65 111
16 198
65 116
44 101
93 131
13 111
43 191
1 164
5 150
66 111
44 186
56 163
22 183
48 136
62 148
24 129
86 131
82 110
31 191
85 139
9 119
93 187
29 131
54 189
31 149
14 193
65 151
90 187
27 103
4 195
59 190
38 147
100 111
56 129
96 132
9 153
25 173
15 196
89 159
4 149
44 137
39 122
51 168
65 136
42 155
96 130
31 147
84 196
53 161
59 172
65 146
45 131
66 113
85 123
95 149
53 182
93 104
9 117
84 105
41 185
76 180
17 196
19 167
92 200
100 200
84 164
69 182
55 195
98 109
98 149
52 108
76 171
24 124
45 163
75 135
90 168
18 164
11 123
7 130
38 134
48 143
60 181
45 123
61 154
11 128
19 168
24 164
86 130
80 168
90 124
26 170
62 162
35 176
48 162
75 165
30 175
8 190
13 143
97 174
69 131
16 157
3 146
74 193
69 154
34 116
43 164
49 137
65 168
41 106
98 108
82 171
78 101
72 120
34 149
94 194
7 150
24 173
67 159
29 177
100 119
60 196
24 167
51 115
100 110
76 184
15 109
41 161
29 129
92 170
87 122
84 165
17 144
4 111
65 102
92 182
85 171
24 107
51 112
32 146
84 188
60 108
45 168
71 163
9 161
72 187
35 138
63 138
54 144
38 177
58 172
49 157
1 200
66 150
31 105
2 127
39 133
8 196
1 179
70 134
59 105
66 133
78 123
14 167
3 181
60 115
98 190
15 138
62 173
8 142
79 168
63 131
79 136
93 129
63 196
1 177
83 165
13 132
10 118
72 154
16 194
96 144
50 200
12 161
29 191
18 122
12 157
31 167
62 200
11 156
53 186
64 199
22 114
76 111
90 118
26 191
91 170
82 197
70 156
11 162
54 161
46 128
70 125
13 150
81 150
97 168
42 102
93 152
94 175
88 112
16 126
80 104
68 150
22 112
56 153
31 182
63 181
58 128
84 110
12 184
25 112
66 107
9 151
24 113
71 132
93 181
100 148
43 199
46 146
73 132
18 196
95 184
4 173
49 123
1 123
39 129
59 106
14 168
52 109
73 176
62 180
60 125
47 165
58 135
65 195
11 197
76 144
23 139
96 108
15 162
27 173
8 162
54 200
82 117
32 106
12 143
54 127
86 176
20 123
90 139
15 200
48 130
79 145
71 182
27 157
81 163
94 161
65 178
71 113
4 190
32 107
67 127
11 169
19 197
69 197
47 132
45 128
54 175
1 117
22 148
31 141
46 182
42 174
38 102
4 129
81 200
20 175
86 127
33 122
96 149
25 124
38 180
21 104
79 151
76 110
99 126
58 125
86 190
28 129
98 185
64 114
25 172
62 136
13 177
62 161
56 136
82 116
45 110
94 159
86 107
86 165
98 132
63 114
42 104
91 159
89 158
43 128
93 127
92 185
85 104
19 114
21 119
78 111
54 149
22 110
11 117
38 140
4 197
53 124
36 171
15 174
86 174
69 156
81 156
89 118
40 180
67 163
34 139
65 149
57 179
38 139
83 134
89 124
65 188
8 157
20 117
28 136
4 125
67 106
34 142
3 131
86 143
1 118
28 172
55 173
17 172
100 190
14 162
7 176
73 173
38 131
79 110
85 131
23 199
86 156
94 172
100 129
69 172
35 200
52 135
77 175
67 180
37 162
20 169
46 166
43 126
24 148
13 119
17 140
67 154
100 171
79 121
6 181
49 162
5 162
52 147
34 197
5 104
81 179
71 147
23 105
33 161
62 113
45 141
41 184
43 187
81 119
44 164
78 115
69 181
55 119
8 163
70 133
10 147
42 131
2 142
55 190
58 170
77 197
100 140
70 162
81 120
32 142
2 193
49 111
47 200
26 126
25 159
98 178
57 162
92 169
19 177
63 126
41 102
86 179
85 102
25 149
72 169
11 167
92 188
75 159
54 196
72 134
79 112
51 137
98 164
32 154
58 150
60 156
35 143
23 200
17 102
32 120
33 131
50 134
81 106
42 140
71 187
4 151
32 179
31 200
20 125
67 169
80 175
68 143
18 123
45 170
9 181
59 130
66 178
62 119
33 189
85 118
54 103
76 104
54 153
15 179
36 157
89 187
21 125
94 192
29 110
39 115
1 161
86 196
52 112
82 193
72 194
70 166
71 116
74 197
55 138
76 155
53 168
20 121
67 164
82 170
47 169
55 144
17 133
58 134
50 167
62 122
74 195
71 154
35 108
75 115
55 193
73 171
91 178
18 135
98 113
99 156
78 132
46 197
75 104
12 117
70 150
97 190
68 111
50 114
39 177
59 188
17 142
78 197
21 135
26 150
67 112
7 173
77 190
6 193
36 185
5 133
87 142
51 158
7 192
11 133
84 102
72 178
19 155
69 149
33 111
3 168
27 140
79 139
94 165
67 113
44 165
53 193
46 112
83 141
3 149
83 179
13 146
98 144
59 135
71 125
10 107
57 106
82 167
42 148
52 130
33 181
31 143
59 142
89 191
32 200
26 141
7 191
92 176
99 102
43 140
74 191
25 122
56 119
19 188
87 197
72 121
24 159
87 106
80 131
99 125
43 115
84 140
34 161
7 125
60 140
46 181
45 106
7 190
1 199
58 169
18 162
82 164
27 128
8 106
18 132
86 118
83 157
77 126
72 114
3 126
30 130
32 148
89 127
67 158
10 154
60 187
61 147
66 167
40 103
15 121
33 133
63 189
15 118
96 127
57 142
9 192
24 118
9 162
86 129
43 137
20 164
50 101
80 135
54 112
69 164
80 103
38 123
24 188
51 179
82 181
28 196
100 107
3 115
26 131
33 132
29 189
36 114
58 103
97 152
46 188
56 182
57 112
20 118
77 125
39 179
74 169
78 184
82 174
23 111
81 182
96 187
62 176
9 116
91 111
36 166
2 111
29 145
83 148
95 195
83 115
15 116
22 190
81 139
51 177
75 190
59 194
54 169
7 111
59 175
84 195
69 200
26 135
19 172
44 142
24 187
14 185
20 174
10 181
10 185
93 197
77 123
43 188
1 142
87 177
99 136
18 147
94 184
52 199
66 102
11 151
72 104
67 145
74 182
80 116
94 166
78 164
56 146
73 124
88 133
71 161
45 107
37 139
74 125
95 150
57 107
12 185
88 104
90 110
47 192
46 108
22 122
45 119
3 164
41 133
25 129
64 188
100 182
70 110
59 126
63 170
58 185
96 135
43 165
45 132
84 144
35 104
76 134
29 183
75 113
89 132
89 146
21 163
61 152
35 173
7 129
99 109
15 131
41 108
2 141
13 113
17 160
72 138
51 192
35 124
91 122
96 188
28 103
33 142
16 184
61 200
35 181
88 101
25 115
26 182
54 106
29 175
71 131
58 165
86 141
22 147
28 156
51 194
8 167
25 157
69 123
75 134
20 158
39 128
5 143
5 114
31 118
15 113
59 137
93 192
90 145
40 127
15 189
93 117
84 185
83 200
55 117
61 164
74 155
83 162
1 104
33 104
72 197
56 194
66 190
57 115
98 114
97 159
57 192
94 132
72 143
80 182
14 132
17 163
28 197
95 107
5 161
19 192
50 195
51 195
37 112
41 177
19 107
100 185
20 185
49 173
4 136
54 118
94 160
8 123
100 152
53 197
28 108
50 185
16 158
35 159
96 110
39 189
61 182
61 157
54 171
22 168
89 148
40 141
12 174
83 106
56 125
84 101
30 116
17 126
41 176
64 141
18 161
12 166
63 173
19 173
61 191
44 178
77 156
41 159
68 105
20 177
82 140
35 164
82 180
96 156
1 122
33 169
89 185
18 125
49 198
23 185
51 136
41 180
17 198
26 187
68 168
68 162
4 170
3 134
56 180
3 152
81 191
47 171
3 154
56 183
62 177
86 182
7 163
13 190
34 150
25 167
53 112
17 186
72 105
65 125
91 151
72 158
12 176
18 146
94 151
80 102
43 110
46 107
3 147
53 162
5 140
16 133
39 181
37 146
66 140
44 156
33 150
60 117
61 113
95 192
49 138
61 118
23 110
40 169
99 154
15 115
9 125
47 108
45 169
23 140
58 123
90 182
99 155
79 185
81 129
22 165
53 122
53 163
10 132
28 199
71 136
93 153
100 131
20 107
16 191
29 118
80 163
76 140
77 127
24 166
57 114
35 158
81 138
80 101
97 141
13 151
65 164
1 135
78 191
45 183
45 173
48 189
61 183
100 109
23 191
60 190
55 158
49 180
51 189
45 103
99 149
55 122
27 161
13 134
5 191
13 157
27 171
50 160
20 159
86 197
87 156
66 188
52 129
87 104
71 194
64 171
70 117
60 195
32 112
71 120
5 154
76 123
74 102
96 137
13 169
56 167
73 123
61 131
19 165
75 197
60 143
44 111
20 179
22 197
3 170
83 161
54 159
72 167
9 177
62 142
31 119
65 175
87 145
21 128
9 149
82 200
38 194
27 121
14 179
3 178
50 168
31 135
52 190
3 197
43 116
64 146
100 159
29 178
13 184
52 117
44 119
32 195
71 186
61 173
54 178
90 177
6 159
14 101
4 192
14 135
99 170
68 127
73 112
50 162
35 145
49 115
82 121
33 165
52 144
70 173
94 106
26 138
9 103
50 119
99 173
3 186
37 158
86 185
95 158
96 191
57 189
77 154
63 139
53 103
53 160
8 152
18 177
33 199
46 109
83 121
30 192
58 107
68 146
2 183
42 151
8 187
88 171
58 184
1 175
40 131
38 113
69 120
10 140
2 140
39 140
27 155
100 184
7 193
71 156
37 165
37 123
39 132
100 176
57 164
96 116
94 145
37 174
36 180
77 178
39 110
99 159
54 158
73 104
31 136
57 151
14 187
59 124
36 134
44 183
4 148
49 152
47 120
86 138
36 158
11 105
27 180
73 189
13 187
75 112
57 153
63 136
93 173
94 134
18 167
9 170
76 132
42 120
91 197
17 115
28 151
81 125
23 186
34 193
36 113
56 145
72 128
65 180
56 137
31 103
83 101
6 175
83 180
85 164
15 112
94 110
48 109
12 165
55 110
63 101
70 157
82 112
48 177
31 126
77 176
45 174
31 146
6 180
47 114
89 184
8 148
2 177
97 178
98 199
77 136
26 128
10 157
49 174
88 197
38 141
57 154
79 147
92 115
97 114
48 190
64 174
99 116
16 178
55 178
99 151
84 136
1 173
6 130
30 182
23 179
97 163
41 178
16 147
33 194
21 131
93 198
19 105
93 155
73 128
69 161
28 148
51 128
60 124
73 135
19 116
93 138
10 151
74 133
37 150
82 182
10 105
6 132
16 112
12 180
28 166
93 169
17 119
86 180
62 109
32 161
16 196
32 131
62 137
57 194
43 151
64 123
56 158
10 101
95 127
9 193
93 119
44 123
96 182
13 130
15 171
93 142
50 104
79 165
7 120
20 157
63 112
12 101
59 154
95 173
63 184
28 137
5 108
1 131
92 103
66 143
50 187
75 193
82 147
59 183
36 199
47 140
56 130
72 141
28 170
34 173
68 190
50 184
49 166
27 187
81 104
54 129
19 115
29 111
48 157
40 164
100 133
22 187
12 169
78 170
83 127
2 184
80 177
27 200
14 175
74 107
62 153
13 200
63 188
96 136
88 117
100 128
54 104
46 199
89 186
55 162
1 193
15 181
72 106
87 187
28 118
85 187
10 146
39 198
30 160
27 159
76 120
60 128
95 132
32 175
35 162
26 114
41 183
36 115
36 170
18 129
18 183
15 134
90 115
80 178
8 172
56 148
51 142
19 146
74 163
25 166
16 106
100 141
67 197
19 183
3 194
52 148
69 180
34 122
28 101
55 175
16 105
51 183
69 119
36 149
35 175
95 113
50 105
65 122
36 175
37 145
44 120
9 178
10 123
36 102
69 124
60 178
62 185
39 154
6 119
80 195
87 147
49 124
100 186
52 191
99 164
1 125
84 178
99 181
24 193
49 101
91 185
47 118
10 192
38 114
44 150
41 174
88 154
31 179
80 147
83 176
49 186
63 177
5 105
6 140
76 164
70 129
66 200
74 152
76 102
39 160
42 109
59 139
17 159
78 188
55 146
63 192
67 195
23 153
64 149
9 191
5 189
53 194
94 144
76 199
90 164
20 119
21 126
92 138
3 144
86 160
81 112
20 180
76 154
85 109
61 128
20 196
6 146
22 146
53 154
34 188
6 106
91 157
73 137
66 124
76 146
63 150
71 167
81 143
68 197
13 108
18 136
64 138
98 103
83 142
78 159
32 150
35 136
59 134
57 198
71 101
89 195
31 160
97 154
23 169
31 194
43 130
55 179
63 168
76 106
19 149
61 151
42 162
77 165
67 103
48 174
37 171
38 149
83 102
60 192
25 190
44 108
38 187
19 120
24 157
45 134
82 183
59 171
54 113
60 175
13 117
92 144
58 191
20 143
61 104
68 101
72 140
1 149
50 166
10 167
62 104
57 126
10 145
38 192
94 195
67 143
75 152
35 184
14 115
7 171
90 113
92 153
79 117
45 190
69 136
43 154
74 121
57 169
51 148
8 176
79 122
61 101
97 157
24 112
40 111
84 186
97 140
17 147
60 133
63 117
30 121
57 120
11 185
64 139
97 109
66 106
86 170
45 145
27 189
83 153
57 185
50 180
99 200
95 135
59 167
57 124
74 178
80 185
41 126
100 166
39 159
30 104
54 176
50 178
98 163
25 140
78 144
41 197
24 152
12 109
5 193
59 104
67 135
27 110
73 144
65 145
44 134
27 169
57 128
76 152
68 126
10 182
14 108
95 123
61 105
92 152
56 200
82 115
1 158
76 188
20 114
8 127
23 107
40 107
16 167
66 168
75 143
87 146
59 157
67 188
44 152
86 145
11 178
6 189
85 165
62 191
37 124
90 189
37 106
24 174
62 149
42 142
59 164
71 199
32 139
21 184
12 200
46 103
27 168
45 113
6 197
32 143
42 181
47 113
53 198
6 139
85 169
42 147
89 136
100 113
75 181
82 175
29 151
33 143
81 140
61 143
71 176
10 166
86 125
47 152
90 120
42 190
17 114
27 113
100 146
58 179
41 164
82 195
50 127
9 196
82 103
23 183
53 149
89 119
65 194
21 103
20 126
64 157
31 142
49 194
63 156
9 128
7 162
59 145
26 161
25 178
42 171
22 156
15 101
98 117
21 121
19 164
26 168
80 150
64 128
3 127
31 181
87 183
47 151
97 101
43 133
44 147
79 118
86 109
44 146
55 197
16 140
53 135
3 140
27 126
58 120
97 165
76 197
61 141
17 107
85 150
47 194
18 199
66 197
42 156
63 190
93 195
81 134
100 136
72 133
56 175
7 119
12 145
39 145
96 133
74 192
38 176
52 128
52 123
7 102
87 195
77 109
53 158
57 109
5 196
11 129
82 156
51 149
9 135
14 119
89 107
22 178
37 144
79 132
64 133
69 137
27 104
79 114
53 170
100 145
94 121
69 186
68 180
52 194
15 170
84 143
11 198
58 108
5 137
68 174
68 154
28 120
79 163
65 198
77 153
17 153
22 115
42 188
16 104
75 167
78 153
45 191
75 132
97 102
3 103
93 113
34 125
6 110
2 164
12 160
71 183
76 166
78 180
61 194
61 102
34 138
99 121
26 167
65 139
2 175
88 127
28 169
65 126
65 153
29 103
3 195
61 160
2 185
44 161
66 175
24 135
38 124
92 158
56 127
43 108
18 139
50 159
89 113
72 193
55 154
44 129
85 190
86 133
48 194
24 160
8 165
39 185
91 112
69 170
4 167
73 155
2 138
16 149
13 106
45 193
63 178
59 138
20 148
58 188
9 123
67 141
92 145
52 176
90 196
84 181
51 130
47 186
82 159
79 170
76 168
91 152
26 152
61 133
4 144
98 124
96 139
42 191
45 120
43 181
7 159
89 192
61 181
85 119
78 155
32 162
4 135
85 195
92 133
82 169
66 180
5 174
50 189
11 190
4 157
60 197
84 198
79 104
7 179
75 186
42 116
5 101
69 128
64 196
79 164
37 166
74 109
96 159
39 108
9 158
89 155
9 168
68 178
60 110
18 184
62 170
87 191
43 123
39 109
33 120
12 118
35 155
43 158
87 163
6 133
84 114
31 113
24 134
67 149
6 137
71 146
45 138
91 196
8 108
82 165
91 190
88 147
65 140
40 161
13 102
3 150
97 188
65 155
72 130
38 106
57 167
34 170
15 188
17 124
8 103
100 191
28 135
61 158
99 163
46 137
60 180
43 173
71 133
53 120
73 115
44 177
8 129
23 175
82 153
50 129
66 137
67 108
44 200
80 197
91 198
71 112
11 161
94 104
37 147
99 118
43 194
29 166
73 186
48 184
36 177
47 187
81 148
63 179
87 125
52 174
32 118
26 108
35 189
25 101
17 184
14 138
72 170
11 134
89 131
76 172
73 130
64 156
22 151
75 177
31 125
85 154
63 158
76 118
30 146
80 134
2 151
21 114
45 140
49 163
48 183
89 162
97 135
96 189
92 123
68 166
56 134
38 108
57 137
75 118
17 131
10 156
25 127
53 134
95 101
54 107
88 172
60 102
22 120
87 143
78 169
20 170
17 105
6 143
23 118
51 110
36 186
2 105
83 120
57 117
34 163
17 167
50 115
80 171
8 158
67 146
57 178
24 146
74 159
1 176
5 172
22 199
9 102
61 110
97 130
21 113
31 117
41 152
65 104
61 137
64 198
78 196
14 123
46 157
96 173
99 114
87 182
19 186
59 149
16 190
7 161
45 181
92 135
3 104
19 111
92 106
87 161
33 195
91 129
58 104
87 189
83 175
71 104
9 198
67 172
35 137
90 155
13 142
32 192
27 123
63 132
8 175
13 127
92 195
17 135
95 124
71 181
10 124
7 108
77 200
5 186
47 157
14 104
58 149
98 179
2 178
16 132
76 130
66 186
80 187
96 109
99 178
26 181
82 107
47 137
50 157
88 139
92 121
45 162
6 113
18 124
3 105
18 157
45 150
60 112
91 115
72 148
80 146
1 150
36 151
24 183
40 195
82 106
32 145
97 175
46 160
83 197
86 105
58 190
14 112
31 185
54 123
1 186
47 182
68 179
66 138
63 166
20 188
52 105
100 114
81 147
2 149
37 168
79 156
3 101
36 112
88 116
14 117
81 154
42 117
2 196
72 159
51 187
8 133
34 111
1 108
34 192
89 194
68 199
24 116
22 144
97 118
66 126
40 147
18 143
18 104
33 145
91 172
27 125
66 161
78 162
60 154
51 103
49 196
23 137
28 112
71 170
59 115
24 131
90 186
20 124
29 179
22 158
33 115
36 198
94 115
38 198
9 145
28 191
16 182
25 126
7 112
93 106
80 165
99 183
87 174
7 109
92 173
19 126
68 141
12 137
39 120
30 127
2 120
51 157
27 135
33 164
11 187
67 187
52 120
38 153
69 141
4 113
86 163
81 141
19 169
43 121
97 137
93 165
62 101
23 108
47 116
39 112
31 165
69 174
25 168
18 145
85 126
4 131
29 124
11 126
99 174
19 178
89 163
74 145
7 185
100 122
30 183
69 102
90 153
10 186
91 162
61 138
12 121
99 143
47 162
41 150
18 169
78 125
15 176
97 108
80 106
50 171
15 153
69 191
27 165
98 122
8 140
61 167
11 104
74 124
29 196
36 120
89 169
46 101
34 119
15 147
38 115
18 149
41 151
36 141
12 194
7 157
4 123
72 200
30 157
26 183
64 143
74 174
50 117
6 171
18 117
49 129
85 199
58 154
36 121
25 146
25 174
32 134
27 146
70 136
67 186
76 117
32 102
22 169
67 115
55 166
72 125
87 149
11 111
31 127
87 121
75 196
59 161
49 116
54 166
14 176
6 107
57 116
59 129
82 124
23 184
55 180
88 150
40 150
97 173
62 188
81 177
59 111
13 158
51 172
17 158
62 110
36 173
15 135
72 186
36 154
66 122
69 163
21 118
86 119
84 115
51 182
51 117
70 197
48 198
52 200
93 160
66 142
95 168
48 125
37 156
65 182
72 113
95 200
68 158
13 125
79 120
20 156
30 124
55 200
56 164
69 158
93 170
8 130
96 194
54 167
20 133
79 172
25 161
62 140
17 199
56 138
24 177
76 198
13 186
6 134
18 156
40 144
15 103
34 108
49 200
45 178
83 160
85 166
18 151
36 183
100 175
99 142
43 148
40 116
10 102
18 101
84 109
43 200
53 116
58 118
10 172
28 161
35 141
29 152
47 122
38 165
50 141
79 150
61 178
9 130
1 169
14 146
97 180
55 159
70 154
97 199
87 134
94 154
13 114
76 179
27 175
57 147
77 108
17 112
28 123
79 189
1 155
29 119
30 167
72 119
26 199
53 166
89 190
45 137
68 121
57 123
39 118
90 161
39 105
25 143
7 137
79 103
48 167
9 160
3 169
56 104
2 181
40 125
34 181
88 113
59 198
35 105
7 136
98 189
58 158
58 181
21 148
7 184
84 130
45 130
39 137
89 104
18 185
16 128
26 119
52 177
53 187
13 107
68 135
91 137
55 105
64 102
89 151
5 141
43 143
55 121
97 132
69 165
51 162
57 170
70 152
35 126
97 147
79 111
46 169
76 115
60 105
45 165
100 173
1 190
43 167
46 134
93 132
27 198
26 113
79 131
22 109
90 175
8 183
30 166
14 139
32 151
43 185
83 151
72 142
11 142
53 146
100 156
7 186
94 111
32 144
61 180
6 155
62 190
59 195
48 147
86 108
32 121
38 164
83 139
85 181
62 168
23 117
93 177
54 174
72 137
96 151
24 138
74 136
25 147
77 168
46 139
100 123
93 121
46 147
34 123
41 175
71 137
32 182
52 178
30 128
5 121
67 189
10 108
81 152
19 157
99 124
58 175
2 153
12 133
81 169
44 163
94 123
34 137
64 113
62 181
62 134
95 151
30 103
14 145
60 114
95 152
96 165
67 124
6 111
76 119
57 174
44 114
81 168
59 107
68 117
65 191
4 193
52 161
92 168
26 144
94 122
87 136
16 155
70 169
47 172
59 152
39 174
48 197
94 112
91 188
35 170
90 101
69 138
15 133
89 171
19 140
39 187
82 161
95 111
24 168
80 115
31 176
47 199
64 132
45 135
100 132
37 138
74 120
44 179
89 160
11 114
26 132
21 101
36 184
15 161
54 132
52 125
94 153
39 113
5 175
69 142
78 186
30 143
62 147
31 168
84 156
49 125
70 194
63 116
91 125
7 104
18 127
38 188
28 173
20 127
98 168
87 103
77 143
9 137
67 109
26 137
10 119
33 163
30 110
79 125
16 165
48 192
11 175
18 144
1 105
10 111
53 145
31 144
75 127
45 186
52 104
74 184
70 141
32 140
100 106
90 119
78 157
35 186
49 165
51 167
96 193
39 170
41 149
65 109
28 111
25 145
44 132
53 136
3 114
65 185
88 178
14 172
42 119
64 193
33 112
98 148
9 174
75 182
28 124
49 150
39 199
5 156
75 191
91 155
74 188
26 121
27 120
33 102
70 190
66 154
23 125
48 105
6 169
16 197
2 114
81 172
42 113
27 186
40 193
74 144
95 177
90 167
68 161
91 156
33 113
52 115
92 102
13 189
31 112
77 149
85 151
17 193
4 162
9 109
30 186
65 143
62 192
54 134
28 142
11 143
15 137
27 118
56 126
17 141
46 194
97 166
82 136
30 164
90 135
20 135
66 145
43 183
10 148
36 132
83 192
14 174
55 150
54 156
80 160
88 158
29 106
33 186
74 177
24 181
95 183
16 124
61 195
23 174
70 184
68 144
80 159
15 105
8 149
62 154
87 176
83 187
21 178
29 176
60 150
46 193
83 170
37 132
39 163
24 127
24 121
79 162
19 135
61 109
82 176
4 102
14 144
11 173
66 158
51 188
26 172
72 162
2 112
36 187
9 183
86 184
78 167
4 122
80 169
5 173
56 190
11 149
46 151
29 146
32 136
7 152
97 185
67 120
57 129
91 106
40 200
85 182
82 141
14 161
53 107
83 167
26 151
40 197
84 141
41 160
40 146
54 139
31 173
15 128
98 172
75 109
87 107
71 141
18 153
35 192
85 133
4 154
14 200
55 116
11 184
14 199
10 184
1 101
20 132
47 136
57 159
92 136
98 188
62 139
81 195
84 157
17 176
7 107
64 152
73 175
25 137
58 192
12 113
48 156
80 156
3 118
53 123
46 187
67 194
42 182
90 138
83 186
41 137
41 192
64 147
2 159
92 149
9 105
88 134
99 153
27 116
69 135
73 184
94 193
82 129
78 148
77 173
85 173
70 168
30 174
82 138
1 168
30 147
50 131
66 125
51 196
40 177
94 125
40 130
69 192
81 158
79 182
4 185
33 185
71 189
20 183
21 162
1 178
91 161
25 200
71 124
64 169
48 124
26 107
53 141
21 157
37 180
23 130
88 109
55 111
22 111
98 187
24 119
5 157
28 158
61 176
73 141
91 131
88 149
10 126
99 172
76 141
75 126
70 174
94 127
17 161
59 132
3 184
42 195
43 174
84 139
76 156
56 132
42 199
50 153
90 199
15 144
34 182
3 193
65 130
7 142
90 123
45 118
32 170
24 153
35 101
7 134
56 135
16 195
16 139
93 168
66 170
71 165
30 112
82 104
41 128
42 160
74 186
92 108
39 126
72 110
42 124
2 123
19 184
67 130
59 196
74 190
90 106
91 200
96 199
47 168
27 193
89 128
16 185
2 156
19 128
23 138
67 167
22 170
64 101
77 171
76 143
64 178
74 132
49 140
57 150
33 117
40 192
75 128
1 166
62 159
2 197
86 186
66 101
12 162
16 125
55 102
92 174
29 170
62 171
50 182
53 184
33 188
7 124
19 148
75 178
25 148
47 154
59 192
75 106
71 134
27 132
52 126
52 167
91 165
15 125
43 132
75 145
63 128
37 119
90 183
35 161
89 122
21 123
24 178
17 180
99 132
36 104
71 148
77 116
100 188
99 134
29 105
92 181
50 172
68 198
91 150
41 195
58 159
79 137
85 142
50 188
78 130
84 190
53 142
17 123
31 115
47 158
63 199
94 189
82 188
98 158
11 132
12 141
66 123
78 161
86 117
80 192
43 112
34 153
78 171
33 177
74 154
90 190
92 193
2 139
26 192
89 139
93 162
24 162
96 113
38 166
33 148
61 189
22 101
31 169
98 131
86 147
7 146
89 137
69 152
70 105
13 156
92 194
52 116
9 113
83 169
1 162
46 150
36 143
71 127
82 198
75 141
27 164
51 144
44 110
14 127
60 159
17 192
95 136
32 133
78 200
68 115
21 167
22 138
73 164
36 135
94 155
24 170
28 139
80 113
71 196
53 130
32 168
61 142
31 131
97 182
22 143
6 149
39 111
49 128
32 166
38 182
10 104
86 140
14 143
25 197
69 144
47 150
7 167
79 180
18 121
35 122
80 164
62 158
30 170
10 138
49 103
57 191
29 198
41 191
60 111
6 151
79 149
88 146
48 164
41 187
46 145
1 138
84 182
15 164
75 121
84 170
37 191
1 132
91 148
7 117
6 182
45 155
14 178
92 131
38 144
49 131
86 154
82 149
96 124
56 193
58 193
51 163
57 183
71 173
99 194
44 115
24 197
99 198
23 162
16 129
10 116
84 200
50 148
13 155
40 128
29 192
99 187
2 145
19 160
47 102
42 180
97 153
13 182
91 139
9 108
60 139
49 149
45 126
82 133
66 149
18 181
99 180
66 181
25 121
81 159
56 170
13 197
42 143
63 198
60 191
7 148
37 108
60 148
34 129
55 126
49 153
41 166
12 131
64 184
16 137
9 199
73 152
2 189
69 106
71 171
78 179
94 116
69 155
10 110
70 124
66 109
98 130
53 173
3 162
51 198
86 112
98 123
83 154
49 133
73 119
13 185
77 142
10 113
59 119
54 126
31 197
46 113
14 158
68 177
4 189
80 137
63 186
53 189
64 183
82 113
4 108
97 171
25 187
48 139
5 165
2 152
38 122
78 172
45 158
61 107
46 123
75 200
10 103
44 107
36 103
43 104
27 129
70 195
1 112
76 126
92 163
96 115
3 172
6 184
57 190
45 109
54 146
19 175
36 165
68 187
38 129
12 189
46 115
61 171
80 152
35 172
90 159
20 130
15 120
65 114
65 173
71 174
85 145
98 198
67 179
46 189
96 190
51 139
11 177
62 195
22 126
59 189
4 115
9 136
70 167
78 116
19 163
9 157
93 102
8 145
34 135
21 197
20 110
29 125
45 185
6 115
87 110
8 156
41 173
49 195
17 152
54 154
85 186
78 141
55 177
74 185
37 187
34 145
96 128
51 193
25 141
85 108
77 133
33 136
65 117
47 104
21 120
34 164
50 197
30 115
84 183
28 198
64 108
52 113
22 166
41 101
79 193
8 139
46 129
58 182
47 135
25 134
30 106
92 146
62 151
5 120
19 195
31 152
28 105
34 105
6 192
25 186
83 172
93 176
52 121
85 106
49 127
61 114
53 132
54 114
32 109
26 133
97 189
81 121
8 184
15 191
61 165
20 128
33 107
54 193
26 101
10 133
8 136
85 152
29 190
86 116
93 139
48 169
99 137
3 135
94 142
58 147
7 114
59 169
62 117
65 107
38 173
45 164
22 129
14 153
69 133
27 145
75 125
30 198
68 171
50 107
95 180
5 164
88 120
64 167
78 147
59 166
70 191
19 131
17 130
46 153
15 129
87 172
31 156
39 171
75 199
38 145
13 173
77 164
14 118
72 109
64 103
15 110
53 153
74 161
61 159
96 196
65 134
67 200
79 171
22 135
65 132
43 159
93 158
28 180
12 191
87 117
81 109
36 146
47 191
46 119
63 102
93 167
63 197
3 185
35 110
12 111
56 143
11 148
69 145
90 152
87 178
47 109
76 158
79 155
52 189
27 147
84 168
49 154
17 188
86 152
41 114
2 160
39 124
7 158
51 102
55 101
79 141
74 128
36 148
81 135
88 182
53 152
77 158
74 194
28 104
84 153
97 133
1 121
51 111
16 171
72 168
96 198
1 185
56 142
13 172
75 133
68 119
70 121
24 171
14 110
21 180
24 110
44 189
34 200
56 139
58 119
24 141
13 193
92 142
80 170
61 112
31 121
79 108
25 103
4 141
14 155
39 141
76 107
15 151
2 144
35 150
15 163
61 150
93 186
87 152
40 140
5 132
5 124
27 115
16 151
15 160
23 187
7 197
95 181
6 145
31 193
10 149
83 199
50 149
87 171
65 103
10 112
21 122
81 194
42 145
35 154
65 144
89 130
85 115
36 138
34 176
61 166
38 172
73 161
14 177
71 150
17 101
41 113
22 185
23 124
38 155
36 139
65 135
36 136
41 198
91 127
97 105
53 109
18 140
76 178
17 189
91 144
19 200
15 172
59 133
86 115
3 106
46 177
42 132
47 196
85 188
28 150
76 145
67 176
25 116
18 198
86 103
40 184
1 130
29 174
82 142
48 161
14 195
37 148
96 104
89 111
26 175
98 150
28 186
65 131
4 117
29 139
50 145
23 194
45 144
99 108
6 162
21 170
20 145
75 175
70 103
56 114
75 171
79 133
11 193
14 136
1 151
2 107
39 104
7 135
19 124
52 155
84 162
46 175
50 130
78 142
3 176
40 166
71 107
27 111
4 160
11 122
70 126
75 120
23 157
9 154
78 175
30 141
7 165
30 142
9 155
9 112
38 171
26 130
77 160
100 161
23 112
75 160
56 195
94 191
84 129
40 187
2 132
82 144
83 196
55 187
86 149
88 144
5 177
81 122
82 184
62 196
17 104
68 120
49 191
86 151
83 149
44 112
48 170
8 159
10 193
91 142
19 199
64 194
35 191
29 195
93 194
22 182
35 151
72 155
42 164
80 154
68 132
25 104
74 160
79 176
69 148
32 135
84 135
50 190
58 200
78 193
45 177
81 181
50 126
89 172
46 174
1 197
93 188
70 170
13 152
99 162
38 184
8 178
19 143
58 196
24 184
84 163
87 188
51 151
73 122
34 169
1 195
100 155
94 180
99 123
93 183
42 128
65 157
39 152
64 118
63 167
47 101
73 138
72 146
33 121
70 177
11 160
74 150
98 116
60 131
48 120
97 158
61 119
81 198
81 101
36 150
26 165
42 189
27 112
53 117
83 178
72 151
20 113
28 160
10 196
53 188
32 132
32 111
59 185
4 191
14 192
44 143
73 158
14 106
6 173
86 195
27 194
72 164
95 167
65 150
22 194
94 150
65 189
75 158
44 149
10 175
39 139
44 199
72 195
60 188
97 150
81 155
57 175
28 155
32 183
72 111
13 109
62 152
81 178
79 102
16 189
41 154
83 198
83 112
16 130
88 145
71 145
53 139
58 186
58 111
1 127
16 159
31 148
44 185
31 159
86 187
66 159
38 142
13 135
70 113
37 135
99 147
28 138
29 153
95 189
60 118
99 197
53 185
12 159
13 166
35 132
13 196
62 199
61 153
75 195
18 130
100 108
57 145
44 195
58 178
45 194
40 199
33 174
8 114
82 122
29 148
41 167
74 156
14 149
90 184
79 119
56 107
5 113
58 136
29 144
25 156
5 128
36 163
46 184
64 165
26 106
32 181
70 143
80 190
54 119
92 150
76 122
11 144
37 198
21 134
1 153
69 169
85 163
45 166
18 102
86 113
21 140
89 198
52 149
73 159
20 154
83 195
97 160
24 102
93 163
74 113
66 160
44 113
33 157
6 174
41 193
21 110
6 154
95 106
30 173
63 183
12 147
2 194
35 148
17 148
41 181
39 114
80 149
74 115
68 159
93 140
70 188
77 170
64 145
76 138
11 137
52 163
24 195
73 108
58 195
27 199
66 173
92 132
84 177
74 157
14 166
26 196
65 115
13 103
67 114
99 193
73 103
92 187
8 200
90 108
59 200
87 170
78 108
17 156
41 171
5 134
65 101
88 115
81 171
96 158
78 137
63 142
45 133
67 137
18 182
21 191
63 140
28 159
43 168
49 176
69 115
61 135
29 113
66 199
27 149
4 169
96 121
46 190
53 165
99 145
73 148
58 183
75 187
34 166
69 125
22 175
27 156
89 166
96 184
11 106
15 145
1 109
17 155
9 134
11 130
41 156
19 129
40 117
75 183
28 107
68 194
39 169
50 137
84 124
2 186
94 197
27 124
95 188
98 137
41 127
76 183
9 197
2 118
42 197
22 106
41 117
85 194
96 120
44 128
20 109
54 140
95 103
83 181
58 155
18 192
17 136
22 136
86 120
13 115
38 148
20 101
67 198
13 170
61 197
85 137
6 144
75 148
58 132
67 151
44 109
86 128
85 157
25 164
30 169
75 173
28 184
55 160
45 175
8 105
23 188
61 177
99 165
39 166
49 197
81 193
14 103
16 179
55 139
46 173
83 135
42 133
90 132
23 192
8 195
30 144
82 177
19 198
1 192
51 164
93 174
53 111
82 118
79 160
59 131
48 154
77 169
81 149
18 187
90 112
63 130
30 145
81 118
92 186
26 188
25 171
78 129
49 190
84 123
57 104
95 196
13 163
59 170
4 187
48 141
6 112
77 110
40 148
44 124
55 112
48 137
31 186
60 164
98 146
14 170
24 169
66 148
31 195
81 115
91 116
54 128
77 134
3 136
44 153
34 114
90 178
88 114
12 187
68 184
6 166
76 135
12 139
26 153
38 126
9 106
21 193
32 160
15 149
73 136
71 197
21 177
48 111
6 167
65 127
55 183
64 150
99 191
67 126
90 114
19 121
55 157
64 160
50 191
86 106
100 170
58 152
23 136
6 186
11 116
30 195
50 109
39 143
41 200
42 121
64 192
68 165
4 128
61 149
52 127
45 159
54 170
15 152
89 157
69 198
51 124
90 180
95 105
47 189
69 114
60 145
14 173
77 137
15 146
57 171
64 137
61 123
29 157
73 168
70 144
42 137
83 110
59 165
9 131
10 134
31 120
36 174
12 168
81 197
25 123
3 192
20 151
54 110
6 129
62 156
53 144
72 129
34 132
89 121
95 182
60 171
40 179
42 138
54 116
72 156
65 128
52 192
85 184
62 114
89 175
92 190
24 196
34 104
99 133
7 183
25 125
16 176
59 158
95 153
16 107
2 137
22 161
27 178
18 194
73 163
9 173
10 144
30 159
32 171
6 190
77 189
9 159
54 125
54 150
78 198
16 122
1 198
94 170
93 141
99 117
46 196
72 112
69 105
75 170
54 173
23 114
20 140
17 129
78 165
23 133
52 168
18 141
88 148
93 111
43 122
98 184
27 191
46 131
11 147
74 179
90 156
68 175
88 138
21 108
32 176
73 187
46 152
26 109
44 151
49 108
59 193
100 178
77 184
98 127
53 119
52 164
84 193
49 179
19 182
51 154
10 183
96 174
78 124
74 167
38 160
70 101
50 142
87 168
96 141
98 147
15 143
97 110
10 115
78 174
99 177
91 121
98 183
6 191
25 189
20 108
89 177
26 145
62 133
57 143
66 147
93 184
30 140
94 120
65 141
96 140
16 146
79 198
5 130
53 131
80 132
34 121
74 142
72 191
51 122
28 153
56 187
6 164
5 190
58 124
41 134
33 138
54 195
30 114
76 160
65 160
26 142
41 147
54 168
89 165
70 186
5 155
17 170
51 199
12 183
30 172
30 179
66 134
2 166
83 105
13 149
78 127
95 116
3 187
40 153
57 168
89 167
14 188
1 106
49 102
97 170
65 167
35 107
99 158
40 122
6 104
81 127
84 154
80 198
18 115
56 140
28 176
22 125
80 161
24 108
25 117
52 138
96 122
73 185
6 195
81 165
81 132
24 143
25 113
29 112
84 116
36 127
62 115
11 153
32 153
33 127
10 155
15 198
18 188
36 179
78 133
82 151
73 149
17 116
84 158
97 181
66 110
62 121
35 187
89 178
5 112
32 155
3 143
96 134
77 119
87 132
17 111
97 192
67 132
23 163
51 185
67 138
71 149
60 137
21 187
65 197
29 109
9 111
35 197
2 179
9 184
3 145
61 117
15 126
80 176
49 181
4 152
42 153
6 165
83 130
91 103
53 190
93 122
59 144
48 187
60 103
65 152
18 133
48 142
90 198
21 183
2 148
26 184
79 152
91 176
71 121
54 160
94 178
98 194
71 193
34 179
13 191
96 147
15 130
43 118
20 149
51 119
14 142
61 172
55 120
83 107
14 129
9 167
56 176
49 136
70 106
53 113
65 154
50 151
87 162
85 144
49 185
12 119
6 153
25 128
66 141
21 145
2 162
20 155
39 130
51 147
98 186
18 119
69 184
7 178
29 133
6 108
97 122
72 175
18 172
56 154
33 190
62 146
93 180
38 195
38 130
80 189
96 169
77 141
84 172
4 137
60 177
21 182
92 116
27 192
71 157
55 109
32 157
99 107
62 127
1 183
24 105
53 126
54 148
7 141
43 127
26 115
71 190
35 139
87 128
45 188
20 194
88 141
28 113
59 155
49 168
43 119
68 139
45 197
92 175
18 116
4 119
46 127
23 121
48 188
20 173
42 127
83 145
97 144
29 134
37 186
96 176
13 118
66 179
76 116
62 198
46 198
60 107
41 148
4 176
63 134
27 177
62 123
11 168
39 121
98 155
86 183
8 138
10 106
49 119
17 200
5 197
35 130
85 200
100 153
38 143
89 147
89 143
8 101
41 131
20 116
80 157
70 135
70 127
39 188
88 170
59 102
65 129
52 157
27 196
39 144
21 106
48 159
86 155
38 168
96 160
38 162
90 147
41 168
14 181
27 136
4 172
27 109
41 129
59 112
48 133
74 119
88 186
7 199
90 157
65 133
38 138
44 193
27 127
58 173
86 123
78 109
50 110
10 159
93 145
72 171
4 103
67 175
21 127
49 155
89 116
34 156
74 171
50 139
90 142
11 115
12 154
79 183
30 113
66 127
47 126
76 113
93 133
36 124
95 139
14 165
91 183
89 154
77 138
88 164
42 101
90 172
38 154
91 166
23 166
36 197
64 166
42 198
37 190
57 146
42 165
51 171
33 171
12 149
91 167
77 192
31 130
81 111
79 184
40 178
25 107
95 194
71 129
95 143
33 149
9 172
92 183
5 149
79 135
84 138
65 179
41 107
57 195
76 186
76 133
47 117
19 185
46 106
15 122
43 171
44 181
79 116
82 143
58 168
31 154
77 129
8 122
58 109
72 136
34 147
67 119
57 149
85 159
16 109
46 200
40 196
14 120
80 199
9 110
47 105
62 105
21 161
82 130
78 102
78 126
54 164
35 133
7 105
13 179
48 135
69 176
37 159
36 188
32 147
31 171
8 118
62 186
91 179
37 167
45 149
75 150
21 136
86 157
68 107
60 182
11 110
68 147
21 198
55 181
12 134
60 189
46 164
32 178
1 115
76 153
52 111
16 150
15 190
87 116
47 134
5 126
97 123
55 196
68 130
53 138
14 191
34 194
18 171
9 163
94 146
39 147
49 170
24 106
11 119
19 162
5 145
21 111
3 190
65 190
57 187
38 104
36 116
46 154
24 155
4 155
73 194
63 172
15 165
52 169
39 164
3 139
52 173
51 101
84 103
17 175
71 172
89 114
37 136
97 164
60 141
74 101
43 163
1 134
79 166
95 114
17 103
83 133
95 178
86 150
6 126
10 130
18 163
16 115
48 166
45 180
60 176
28 171
51 165
16 177
27 174
64 135
37 140
74 141
22 118
88 187
99 104
25 154
66 120
32 114
35 168
85 128
92 110
72 131
95 185
98 141
6 127
86 146
39 175
12 186
6 198
75 110
52 118
99 112
4 139
21 150
48 123
26 189
21 165
62 184
94 174
1 107
60 172
38 179
53 175
25 170
65 170
55 134
92 157
62 125
75 124
35 123
77 111
31 155
33 134
45 147
97 125
68 145
100 137
76 109
26 177
6 142
66 104
64 190
37 179
98 174
29 114
11 102
93 109
61 146
5 179
43 103
39 156
100 193
3 142
31 164
68 152
39 142
60 166
14 198
41 103
56 131
49 188
59 113
47 181
6 183
18 107
57 200
50 181
2 116
17 146
73 101
25 194
9 195
38 107
93 124
50 125
95 160
44 170
98 115
72 181
92 192
34 133
10 164
72 163
31 123
13 194
18 168
43 169
44 155
68 122
96 195
76 189
22 179
14 163
15 167
47 163
8 104
42 154
43 162
4 121
78 190
87 115
71 115
41 199
45 112
9 142
4 163
58 131
63 194
67 140
1 126
13 123
86 111
3 153
46 136
11 186
45 143
32 190
34 187
18 108
91 118
22 127
10 143
56 156
83 131
25 195
5 151
34 140
4 199
29 172
49 158
31 190
15 123
77 140
40 106
60 146
34 112
18 174
98 138
8 116
82 173
89 103
98 107
95 175
42 114
51 191
27 102
87 196
73 170
18 186
27 197
85 114
20 198
87 199
55 123
36 153
61 116
48 186
45 124
25 196
65 106
100 183
89 150
9 143
84 125
70 104
58 122
59 176
65 196
24 156
24 123
55 188
55 147
64 173
27 166
80 124
37 193
88 107
73 145
67 173
3 191
97 134
98 120
40 137
42 110
45 154
32 115
57 144
18 131
92 114
57 188
91 140
100 177
14 133
15 142
33 114
52 106
66 194
54 182
8 155
30 148
19 179
86 192
77 118
62 102
54 188
99 127
75 108
90 126
37 116
26 193
33 135
29 143
5 139
46 185
100 102
32 104
20 104
16 161
86 124
81 162
10 137
62 155
26 164
83 194
65 108
28 131
19 133
16 187
83 150
62 189
98 145
95 138
52 188
92 180
60 184
88 135
93 116
17 120
26 159
87 198
54 187
50 163
61 190
60 135
98 200
58 177
20 178
44 125
95 142
40 143
35 125
95 171
89 196
93 159
65 193
91 123
70 198
29 161
98 106
38 157
76 108
21 166
37 192
100 174
78 154
98 133
19 134
97 113
81 146
59 173
88 160
15 136
62 112
1 145
42 158
25 105
37 169
25 130
40 198
21 168
31 138
55 107
48 163
37 122
69 104
69 189
100 194
92 162
60 169
54 143
40 109
6 172
87 179
10 190
26 171
46 116
81 133
97 103
60 144
40 105
41 118
32 141
84 169
40 163
19 156
67 178
37 182
5 178
14 124
43 172
73 142
46 170
87 120
34 196
100 144
30 162
1 152
95 163
44 198
78 110
97 124
67 190
88 192
53 157
12 142
2 168
39 195
84 197
83 123
19 147
29 128
93 189
89 129
1 156
87 112
68 185
70 151
14 140
92 189
46 172
81 142
93 164
96 157
57 141
91 182
10 173
50 112
86 135
36 189
28 121
69 150
77 112
11 199
23 145
45 172
42 168
42 115
92 125
88 119
55 151
90 192
16 103
53 199
20 136
99 152
21 130
28 188
65 148
59 159
73 113
62 124
97 111
40 170
67 104
12 130
97 145
90 181
14 122
5 184
7 106
12 108
29 140
44 196
74 138
61 192
65 165
72 198
1 129
84 146
87 159
99 101
23 147
10 153
36 164
95 166
85 178
69 116
41 130
51 134
95 190
73 162
97 195
26 158
74 148
18 197
96 180
99 186
75 149
46 111
15 139
92 164
64 130
37 157
63 155
21 174
42 170
97 148
95 119
17 174
33 170
69 195
21 149
73 107
96 164
99 139
13 137
58 138
60 155
54 199
57 163
93 182
45 127
38 185
23 167
60 161
20 190
77 128
80 167
96 102
29 117
58 197
33 196
56 112
55 130
57 173
21 181
82 109
62 118
63 125
39 167
68 149
85 105
61 179
1 160
13 112
40 104
8 132
23 141
48 129
90 173
66 105
86 177
62 131
97 162
25 144
58 126
42 175
85 130
67 152
10 197
29 123
29 121
10 198
41 139
69 175
96 131
88 103
9 115
92 105
26 148
43 170
84 175
57 102
92 101
22 113
72 144
12 128
64 109
63 141
30 129
60 163
54 194
91 195
50 199
8 150
2 126
14 126
7 132
89 188
9 179
48 146
43 198
48 152
44 197
54 180
59 184
17 149
40 145
67 102
21 109
18 190
41 124
3 123
41 157
62 163
28 200
5 146
66 157
59 114
52 187
42 161
56 185
38 190
68 170
72 149
53 181
38 178
88 137
16 162
23 106
93 136
66 132
95 134
75 151
4 174
32 173
53 151
31 198
43 131
94 130
55 153
81 110
93 143
75 138
19 158
56 178
93 110
16 117
51 160
44 169
48 134
17 118
56 165
97 107
54 120
64 172
60 142
73 179
99 103
23 129
74 123
41 182
89 133
54 142
78 106
40 121
95 157
47 127
65 105
99 110
2 136
29 188
45 157
29 187
25 139
11 165
51 159
9 189
28 144
37 110
9 176
83 158
25 162
51 174
39 146
74 146
76 157
72 184
41 112
40 159
16 141
88 166
