200 300
71 108
31 123
70 189
96 163
74 103
41 173
94 157
51 149
27 150
42 189
72 146
11 148
84 139
50 187
85 181
44 198
3 194
40 178
99 153
52 174
16 112
39 182
76 111
13 126
4 123
54 197
18 144
29 172
37 157
86 191
70 133
14 194
3 122
4 134
61 185
40 197
6 187
4 147
50 151
91 134
97 151
79 160
32 135
12 166
6 149
3 171
79 184
75 109
92 157
14 114
36 177
10 136
44 155
23 180
89 170
59 137
67 186
49 144
7 105
59 101
81 151
8 187
65 112
26 161
68 164
83 163
17 105
78 137
91 146
92 114
95 123
67 170
41 123
4 164
12 141
71 140
82 178
56 109
98 153
14 110
92 141
23 118
24 180
52 183
59 199
50 177
7 144
28 110
31 185
13 110
99 102
56 133
53 125
59 184
12 164
25 111
88 149
40 159
49 135
30 130
10 145
77 124
95 197
4 180
90 149
29 141
96 156
29 142
66 166
48 134
54 118
87 172
95 128
20 143
46 144
86 117
85 165
64 148
74 130
2 185
22 190
79 108
85 195
65 184
64 158
10 121
34 132
57 173
41 168
57 120
89 179
85 103
39 121
60 167
12 105
19 187
43 182
10 168
98 196
1 125
15 105
24 155
61 132
82 104
48 128
68 171
22 182
92 187
21 124
73 175
80 145
33 155
84 174
18 142
29 107
16 163
93 194
94 140
76 143
90 108
31 125
67 133
12 113
77 152
45 116
31 162
27 109
48 125
6 103
23 137
95 198
30 146
16 129
34 198
81 162
39 170
95 104
33 130
60 171
11 141
54 178
32 178
14 183
60 136
57 159
88 165
24 195
97 186
47 104
93 188
82 192
85 112
52 114
7 164
14 108
73 200
27 136
80 180
66 152
47 103
77 144
85 190
89 160
92 110
67 193
82 125
95 158
61 180
93 145
13 127
69 157
45 145
39 193
24 199
85 102
22 153
31 137
34 157
26 129
80 136
39 107
3 123
99 103
97 199
7 138
27 154
80 169
39 132
66 126
24 143
98 165
46 132
19 195
88 173
38 119
67 157
34 172
73 118
35 172
13 170
89 126
32 105
33 103
54 119
58 111
95 110
43 122
47 107
45 105
100 161
66 112
52 194
19 193
31 159
32 165
93 138
15 154
60 143
23 196
54 166
66 103
52 143
2 187
85 193
79 177
35 137
19 133
22 198
36 102
88 121
12 144
60 130
26 157
35 147
36 130
62 170
29 115
91 108
16 109
46 178
41 135
62 189
7 194
28 129
52 139
52 198
91 122
14 191
72 168
11 157
62 173
8 150
81 110
79 140
55 195
38 162
32 157
72 182
40 111
91 188
