200 300
6 112
66 198
3 144
7 104
64 116
27 131
12 106
34 177
3 195
76 195
69 110
100 126
12 128
11 147
66 197
48 122
34 101
33 174
94 142
95 151
13 128
47 168
78 112
76 115
94 189
88 174
13 102
18 165
76 158
38 175
48 151
1 133
27 158
68 115
69 128
24 162
16 178
49 111
99 156
50 174
3 164
9 147
22 162
8 180
1 200
18 151
89 171
24 139
14 154
53 189
1 185
72 135
56 169
50 131
40 198
98 177
8 176
30 155
43 148
7 114
10 129
4 183
74 179
17 156
18 108
58 130
9 175
6 155
28 102
3 122
58 192
51 150
95 162
11 172
64 155
2 199
83 139
66 156
48 114
81 157
78 145
22 171
28 198
17 190
80 169
23 179
99 129
87 104
97 125
72 106
20 167
3 123
26 127
39 179
92 187
77 140
18 156
9 151
25 120
2 107
9 165
58 126
91 115
57 181
75 137
50 187
91 172
48 169
38 162
18 126
11 181
26 143
56 145
49 147
67 152
85 114
3 180
72 116
65 162
12 136
26 191
4 118
3 147
48 141
45 145
32 182
83 117
2 170
42 115
38 199
77 187
61 152
78 126
23 129
45 106
18 105
55 173
10 134
39 112
73 120
5 173
15 125
79 176
38 140
21 113
65 136
9 103
23 126
19 172
57 187
76 173
51 135
2 110
96 142
6 149
66 177
54 119
46 157
27 156
99 135
6 177
6 117
48 183
51 145
7 138
48 193
11 150
84 133
76 189
91 144
87 166
50 191
44 120
1 147
34 181
20 111
47 119
60 114
15 110
73 111
54 114
68 173
89 152
2 133
66 105
60 146
12 181
100 182
42 121
51 157
90 155
96 193
99 117
6 116
83 196
25 107
85 149
21 102
38 185
84 198
37 163
48 118
95 110
93 144
88 177
29 186
73 169
98 168
33 189
33 190
22 133
94 152
83 197
15 135
80 129
48 166
62 193
60 173
4 160
62 163
62 131
37 187
26 154
3 121
12 119
93 116
50 195
2 131
81 186
69 112
3 130
58 127
30 136
30 111
62 116
79 106
5 136
51 177
47 124
93 194
70 168
65 142
54 148
94 130
38 147
9 131
6 115
34 116
100 199
91 184
50 112
4 132
86 130
93 136
94 139
54 152
5 176
66 130
85 170
5 184
29 109
34 142
46 163
81 104
30 123
89 159
85 175
98 178
94 168
24 180
50 156
29 102
92 145
23 168
90 165
65 137
5 200
52 172
28 144
16 147
81 166
37 131
30 178
90 121
84 171
9 102
3 126
64 118
33 148
45 114
95 120
34 147
89 116
42 189
75 128
43 123
63 140
4 162
13 145
74 170
