200 300
53 177
76 152
59 149
11 139
67 149
70 144
74 117
54 191
89 200
9 190
65 179
96 118
6 171
19 163
31 155
4 121
15 163
47 152
50 175
50 125
84 122
7 138
89 152
11 156
96 180
91 195
78 121
41 200
82 116
47 150
81 192
13 135
40 105
75 200
78 151
68 179
38 148
42 123
60 170
90 136
86 120
34 181
44 129
63 123
5 141
17 127
6 157
69 160
48 106
3 116
29 164
87 166
35 146
13 163
47 175
58 173
57 121
60 154
1 119
15 146
67 140
4 105
87 120
78 132
17 180
94 121
27 168
5 161
92 173
52 128
38 154
30 186
35 178
22 188
27 137
34 162
80 133
39 148
91 185
29 173
29 159
87 146
29 170
30 172
35 125
77 108
51 193
62 156
8 168
12 117
16 112
100 179
42 102
10 127
53 183
36 158
6 179
16 172
1 120
41 180
86 110
69 141
16 149
91 147
86 151
75 125
37 132
53 128
25 187
50 174
3 129
76 142
38 160
95 163
77 106
20 122
58 180
1 175
86 148
90 170
61 169
67 102
31 187
97 184
52 172
37 184
5 122
66 132
100 132
98 151
24 192
86 124
34 169
43 114
51 144
35 189
50 144
99 143
13 186
61 190
49 132
17 163
37 141
53 133
91 131
27 191
97 178
60 163
90 139
68 127
72 200
19 158
52 124
54 193
77 125
58 110
46 124
78 145
62 190
44 195
48 164
64 120
10 116
24 196
5 188
93 147
68 180
46 137
77 130
17 162
54 174
79 200
25 165
66 131
7 172
35 176
35 173
59 139
89 154
97 119
66 176
42 176
16 130
84 155
59 107
82 161
44 123
31 105
58 133
24 169
39 200
75 196
36 175
16 179
84 142
17 165
82 167
96 143
92 149
1 123
27 146
62 144
42 173
23 129
68 175
12 167
8 193
84 177
100 166
17 139
95 122
79 106
30 101
36 174
11 128
93 110
31 198
70 199
57 186
34 170
4 164
59 113
24 170
66 184
8 148
18 196
90 173
38 149
88 147
4 112
37 137
11 108
61 170
25 105
52 154
43 133
61 142
95 158
26 134
2 150
54 133
65 137
1 172
33 170
84 188
33 166
46 136
90 104
63 102
94 195
5 170
79 110
7 141
18 172
28 144
31 154
23 148
76 195
8 196
22 102
67 167
17 101
99 170
64 123
26 168
96 165
21 153
100 120
54 113
40 112
91 111
99 180
4 130
36 141
21 137
3 186
74 161
55 120
35 177
64 137
81 145
86 127
3 113
50 116
19 104
4 131
10 187
13 188
63 117
4 124
65 111
15 176
96 129
10 194
57 118
47 123
35 144
40 192
60 141
38 182
