200 10000
1 131
66 3
132 193
97 25
53 198
166 25
77 27
108 162
187 46
18 39
147 158
147 116
16 139
172 169
38 15
16 50
60 133
29 105
88 105
170 179
156 139
49 70
53 10
189 82
165 145
137 75
17 162
32 103
200 35
164 75
184 10
49 52
197 103
41 121
111 151
184 57
189 68
185 23
100 95
31 195
55 163
134 75
5 6
100 33
137 10
26 105
31 149
47 20
148 105
47 192
183 48
81 21
2 139
22 112
66 57
138 68
22 107
134 109
80 27
90 28
5 10
140 178
189 54
16 158
142 39
200 117
194 6
176 45
92 7
122 96
60 181
125 152
77 116
140 54
18 10
59 9
166 82
55 15
91 198
148 54
182 141
189 9
13 169
2 121
125 175
119 8
44 4
44 162
81 160
53 175
197 52
114 180
22 67
166 14
47 52
101 139
190 105
91 173
69 64
132 106
84 21
29 171
13 198
51 70
148 94
172 85
177 3
65 146
63 4
148 93
22 179
49 135
142 141
177 33
60 9
134 198
80 121
140 25
157 95
76 78
102 93
73 126
16 175
154 45
191 149
18 7
176 68
32 124
1 130
77 64
170 158
147 173
30 146
191 21
79 131
165 196
71 193
87 34
79 124
13 48
144 48
119 9
40 24
166 171
113 70
63 56
43 8
144 196
88 192
66 56
63 85
79 150
41 153
187 186
188 117
129 14
12 85
29 9
62 196
189 98
156 112
125 124
87 67
61 128
170 195
84 24
129 126
12 28
129 52
176 99
114 58
197 4
185 121
66 28
176 25
59 34
90 121
185 155
129 25
84 178
13 196
132 98
43 116
176 52
147 169
129 163
60 152
157 163
77 192
165 57
102 116
172 133
102 104
194 174
111 199
5 150
84 105
137 99
164 167
190 167
159 98
187 107
184 135
200 179
100 93
42 39
12 7
142 130
47 14
161 68
100 21
120 131
12 27
74 48
172 21
156 68
18 133
2 20
170 94
115 34
36 82
11 150
76 179
55 146
200 10
53 72
91 195
47 82
108 67
32 67
88 175
76 198
87 145
65 48
137 50
59 104
194 56
90 106
11 82
172 155
80 109
69 20
26 106
59 70
18 128
187 198
91 180
53 58
1 179
63 160
156 116
182 105
30 192
200 128
41 173
42 15
157 130
100 121
42 35
26 7
118 106
191 117
111 155
69 46
87 78
123 7
200 116
62 25
183 98
11 151
60 180
26 98
190 192
80 28
143 94
91 121
138 198
115 199
13 117
97 64
147 86
118 6
113 25
38 180
176 136
69 181
59 130
36 33
36 64
53 112
200 169
115 171
77 128
31 23
97 150
22 131
113 48
189 78
55 27
183 158
194 180
81 52
5 117
69 24
42 110
88 186
62 180
5 89
188 85
148 78
144 126
17 83
111 146
101 67
38 136
88 158
29 167
90 57
187 149
13 146
115 72
102 78
77 162
187 109
2 67
31 110
140 39
22 75
101 9
1 54
81 58
140 24
118 193
38 99
194 52
122 83
74 67
164 25
18 70
69 10
91 126
66 104
102 21
44 130
101 68
156 153
60 160
147 85
5 50
74 136
51 94
166 167
84 192
77 174
142 146
2 163
62 171
65 109
143 135
16 57
1 149
134 34
59 23
191 23
200 155
177 4
38 28
148 145
87 141
62 121
11 96
55 37
184 6
87 4
26 52
187 181
200 19
97 8
154 186
114 57
132 33
101 86
41 64
76 146
13 25
125 14
13 153
182 131
91 50
165 199
5 195
144 20
134 104
81 181
87 15
165 181
76 85
74 25
125 126
157 127
13 162
31 174
66 10
170 19
185 181
32 7
26 86
125 186
65 99
191 98
111 174
182 54
102 178
170 89
29 128
73 179
102 34
97 160
66 117
154 131
1 98
62 58
51 15
42 78
17 131
189 124
123 139
87 33
74 33
143 67
80 126
11 8
140 112
118 85
74 192
191 163
88 150
77 23
51 67
74 39
47 10
77 130
26 3
69 75
200 8
190 196
140 72
76 70
123 21
11 39
172 163
73 93
88 151
154 196
71 6
100 178
194 141
191 175
62 155
101 171
156 10
132 23
61 46
55 193
187 124
22 24
97 82
2 58
12 141
66 82
184 9
157 151
76 50
144 72
142 72
119 25
188 15
29 127
190 83
159 105
194 83
41 104
144 163
13 33
30 68
159 151
164 150
148 37
183 106
138 78
65 167
1 14
74 46
194 139
114 96
38 19
156 150
184 136
91 130
161 173
61 149
65 116
1 112
197 64
119 23
55 6
122 68
115 46
172 198
154 25
114 95
97 193
122 179
53 179
65 52
143 6
5 25
17 127
108 167
43 175
102 46
41 178
184 116
91 174
49 33
168 85
36 112
200 103
63 24
38 192
194 104
111 68
161 57
140 171
111 27
123 27
125 89
2 130
140 186
16 68
125 145
36 58
191 24
166 136
125 178
13 151
11 195
197 131
120 151
102 181
61 158
159 99
49 83
65 162
182 37
122 50
16 23
157 93
154 94
41 152
176 121
140 70
191 93
49 78
122 135
165 68
166 37
59 145
51 109
165 4
90 136
26 54
43 112
194 130
138 25
148 68
154 93
164 109
170 72
129 149
119 58
74 121
30 93
76 150
92 4
92 196
177 56
123 57
44 121
32 28
176 128
92 28
26 133
40 103
161 99
184 107
43 195
84 64
59 150
69 199
164 33
188 139
55 179
197 56
111 198
41 35
191 193
81 78
32 96
32 46
197 105
177 39
159 23
147 198
147 99
154 155
2 104
113 131
101 7
29 48
188 152
22 7
148 4
18 162
60 37
74 146
190 82
51 20
73 117
144 117
11 98
137 78
115 153
77 163
17 152
129 199
41 155
65 19
16 167
16 56
102 54
176 9
157 152
191 128
125 153
36 86
43 131
12 153
22 14
120 112
41 180
113 3
183 171
189 196
182 163
138 150
80 131
134 23
32 34
88 195
183 133
194 128
132 14
12 9
49 198
44 160
170 198
168 112
55 199
172 94
197 135
148 96
63 162
29 174
122 133
168 6
188 54
118 64
164 133
137 39
113 50
11 174
184 109
43 181
138 195
2 37
114 34
65 104
197 45
101 196
5 127
77 67
147 112
97 24
60 107
194 112
100 50
143 107
62 96
115 99
30 135
142 54
108 149
49 131
12 58
18 21
159 35
69 19
183 105
154 167
11 141
80 57
26 57
168 94
71 82
125 110
43 196
17 28
44 48
113 27
71 133
108 6
13 112
166 106
119 78
176 193
143 105
118 149
134 78
53 162
166 8
113 110
132 9
101 64
2 199
189 3
65 98
74 23
59 199
154 150
16 67
159 34
157 106
108 135
87 95
61 131
17 67
88 196
147 96
1 173
190 110
30 162
143 46
79 89
47 179
159 8
101 169
84 173
187 117
76 67
143 153
65 28
36 151
194 131
191 162
194 46
74 106
111 7
76 151
144 39
134 48
161 95
90 68
66 146
189 136
53 196
12 19
147 199
119 7
66 21
200 104
182 179
88 149
40 39
90 126
102 39
164 83
157 54
143 89
97 7
101 135
190 24
79 98
71 160
42 163
125 37
91 34
191 50
144 155
51 50
81 151
87 56
81 171
30 127
134 152
22 57
97 117
138 57
138 21
177 136
76 153
111 152
114 193
148 155
92 50
60 199
197 70
176 153
194 135
102 15
41 130
12 24
87 131
97 112
55 107
30 15
30 98
115 180
119 67
87 171
1 85
184 23
66 39
113 174
59 72
55 169
123 126
41 158
77 196
164 158
84 27
49 106
115 198
102 121
60 89
31 121
80 186
62 105
29 175
197 179
18 160
119 50
143 151
183 149
125 174
97 68
140 86
73 56
1 82
60 94
49 35
84 72
148 151
140 103
159 4
62 82
90 127
29 68
143 34
164 21
61 67
170 155
184 104
185 151
2 27
197 136
36 68
22 9
170 153
61 146
101 3
32 181
132 126
12 152
16 9
187 21
41 193
156 3
189 127
122 192
55 178
182 186
142 20
176 171
185 110
191 10
66 131
138 124
51 124
113 23
5 83
92 133
134 54
74 35
137 57
108 136
51 82
63 57
5 20
114 28
191 110
80 199
148 128
17 54
55 99
125 133
102 151
194 78
40 6
17 109
63 99
32 152
88 28
177 6
111 178
79 45
88 130
18 15
97 198
71 109
77 178
185 70
90 72
29 25
59 163
62 136
1 89
44 78
147 37
47 35
132 89
81 34
40 45
5 171
138 54
81 20
190 52
51 169
125 107
187 52
31 150
101 141
122 33
100 106
157 75
177 196
122 48
26 78
90 33
147 34
30 175
88 7
138 58
156 193
177 68
16 93
69 56
114 173
42 96
132 27
108 180
55 94
142 174
53 181
123 39
11 58
165 48
113 149
79 173
92 24
176 131
88 199
144 94
2 131
38 128
177 46
44 150
59 85
172 6
101 145
154 139
55 3
16 7
76 160
80 15
168 145
143 99
134 20
91 10
185 173
172 75
100 155
18 3
55 128
187 141
170 57
159 78
41 93
189 126
108 179
42 195
190 94
177 96
61 95
97 196
1 121
184 50
13 46
97 86
2 25
84 141
197 96
49 155
119 28
172 151
142 152
154 158
79 186
101 103
84 9
41 10
12 96
74 162
22 8
60 135
90 131
138 153
69 117
71 103
125 95
129 9
31 199
12 25
71 131
87 52
81 136
183 39
79 64
30 136
168 130
147 82
200 160
200 106
113 75
92 167
129 35
69 109
47 150
81 99
29 56
189 195
189 64
38 83
30 141
123 151
123 173
63 116
137 96
90 135
140 104
63 21
142 21
176 110
147 72
101 56
148 9
11 178
5 72
184 72
38 181
42 124
148 199
90 70
118 195
79 155
84 20
157 167
168 173
188 27
66 48
188 121
183 130
161 124
100 9
76 139
147 146
177 14
73 139
137 83
177 85
176 35
194 186
47 23
51 127
161 179
2 141
108 20
172 141
92 82
13 19
77 34
12 21
200 135
194 199
30 128
148 27
2 70
142 99
168 64
71 178
26 150
69 167
69 149
13 127
164 146
73 9
44 126
18 116
118 107
143 162
176 112
118 83
132 171
44 105
32 180
184 45
38 171
84 121
91 112
111 127
119 180
38 112
125 146
140 28
113 15
32 20
161 15
55 56
172 112
137 25
165 179
53 83
32 107
73 146
76 135
51 145
168 89
62 45
38 93
100 105
190 21
41 196
190 67
62 89
47 167
111 128
87 64
161 56
59 131
1 153
125 128
148 15
111 99
77 3
189 155
177 192
91 78
77 198
177 34
185 149
81 86
66 85
120 33
44 19
79 198
143 78
188 33
61 130
61 72
1 4
91 163
18 155
26 169
176 145
187 135
11 112
134 33
185 105
77 94
76 72
168 95
26 153
138 126
90 198
84 160
137 121
77 37
81 93
123 93
65 169
129 116
138 181
176 158
71 136
108 86
13 158
63 139
65 33
71 130
18 150
187 20
44 139
132 20
62 116
177 8
182 99
191 46
190 116
129 19
90 155
29 107
91 105
138 82
144 150
183 186
197 146
31 193
197 83
125 163
177 94
2 192
182 178
164 28
51 116
47 57
92 106
200 21
29 37
2 99
101 107
26 167
144 45
18 117
18 95
185 82
115 128
108 139
47 116
32 126
144 67
115 169
12 20
142 104
143 24
76 56
1 86
59 153
165 19
142 45
59 151
120 127
26 121
79 195
44 169
200 70
97 174
53 3
114 72
91 54
49 103
2 78
47 160
59 98
90 25
183 72
1 180
74 130
87 128
101 106
62 39
5 141
88 57
115 104
22 37
44 28
81 145
62 67
40 82
184 8
90 167
84 127
154 175
87 82
17 167
170 78
63 94
177 95
88 117
118 54
113 104
118 46
113 133
185 45
120 105
134 116
166 173
114 192
76 152
140 167
36 85
188 141
122 174
159 94
120 56
60 83
144 24
49 104
17 146
92 116
170 128
66 158
11 7
79 135
147 8
122 54
184 34
122 39
144 158
26 20
100 82
29 199
1 57
102 127
43 155
11 33
197 27
122 178
22 133
144 192
134 117
22 21
142 169
42 48
63 145
143 196
1 196
63 33
5 39
172 10
101 131
120 107
194 4
190 95
11 152
119 178
40 145
2 107
66 27
53 85
123 163
41 131
165 195
119 72
147 162
183 117
118 146
49 58
60 48
42 175
81 19
120 93
40 186
100 15
138 162
80 67
18 28
73 94
38 57
170 54
90 150
76 124
161 145
118 152
102 57
69 174
108 169
114 198
159 163
41 83
71 199
80 193
157 180
73 104
148 110
194 20
185 93
176 96
97 133
156 158
91 181
38 86
51 107
166 67
177 151
55 70
119 198
137 175
168 50
47 75
154 67
122 58
38 20
63 20
189 19
42 9
132 94
122 15
100 131
159 128
36 35
101 57
91 160
47 37
71 85
123 199
2 3
41 96
194 198
157 131
87 199
66 107
26 35
194 163
87 186
55 48
114 48
12 94
129 173
187 4
12 192
172 110
122 46
188 150
132 181
154 96
161 158
81 95
147 83
134 175
53 105
1 23
194 50
18 106
159 162
53 171
140 155
2 112
2 179
61 25
102 167
53 86
138 72
76 33
22 121
165 67
61 37
63 75
16 171
60 150
164 178
168 98
119 110
51 196
159 167
188 136
120 133
30 198
41 192
177 72
87 179
118 98
29 133
43 94
164 27
166 155
115 3
29 145
170 52
76 46
118 139
159 93
22 136
38 46
12 116
74 198
5 160
92 109
188 8
31 20
190 14
40 169
42 27
191 106
79 145
30 130
31 6
79 179
13 192
91 4
138 50
32 52
182 58
166 169
29 58
5 152
122 169
190 130
1 46
120 82
194 10
172 9
73 162
88 171
177 58
119 24
59 78
185 146
16 28
12 117
49 175
63 109
92 52
129 146
40 46
30 107
114 152
11 158
120 68
164 6
170 136
137 33
91 57
13 149
129 82
12 104
43 121
61 54
177 139
42 112
134 121
166 19
71 173
166 180
51 27
102 124
71 64
184 181
43 105
13 28
129 186
194 99
114 4
156 169
47 3
132 196
183 20
177 146
16 145
157 169
134 45
119 10
147 93
119 39
191 83
97 98
114 85
189 106
119 99
185 145
190 186
197 117
191 70
122 121
84 89
5 27
144 169
159 68
168 181
114 175
38 110
148 198
44 75
87 50
17 181
69 85
148 163
159 178
81 131
2 89
65 158
43 110
100 192
183 83
2 82
11 116
161 8
30 110
91 3
168 117
65 78
84 67
41 98
200 54
147 104
92 78
44 39
147 23
1 3
125 33
71 58
32 186
132 139
36 174
161 48
55 95
170 34
172 24
191 33
182 6
129 128
187 133
170 6
115 64
111 75
132 103
2 93
43 67
69 131
154 8
90 112
76 68
166 24
154 10
189 163
77 167
36 135
47 139
97 52
187 19
49 152
138 86
11 4
187 58
43 58
108 98
129 136
113 85
41 39
165 130
91 58
182 48
159 56
194 116
113 89
168 167
142 57
189 75
36 25
18 171
102 70
40 174
59 50
122 25
51 8
156 23
132 160
166 45
134 15
40 89
182 56
156 4
184 86
59 56
42 136
65 199
147 186
137 195
87 121
71 162
2 35
176 21
59 33
18 199
84 94
18 141
197 39
66 96
100 128
22 195
74 104
77 193
44 7
71 45
16 112
113 58
43 75
66 9
40 171
118 67
122 107
108 99
73 175
76 178
170 58
69 173
143 10
38 151
137 27
172 25
16 141
189 107
176 8
187 96
168 75
69 14
76 95
22 174
168 158
42 34
182 158
79 107
129 86
38 146
114 136
16 174
11 186
143 8
17 133
143 149
190 96
200 105
62 94
111 58
81 155
36 128
170 146
187 83
65 10
63 121
81 130
137 20
53 19
147 24
191 56
183 89
30 153
44 9
2 64
184 160
172 127
142 160
40 19
123 131
42 117
55 196
77 57
185 179
77 158
197 54
172 109
26 103
55 34
194 110
191 169
137 98
140 93
87 104
26 104
191 57
148 3
161 39
18 85
18 54
156 179
84 126
69 58
144 37
166 94
123 82
189 150
188 46
81 175
123 52
190 106
77 98
13 68
97 72
74 160
164 34
187 70
184 105
51 52
47 9
154 153
144 162
132 141
44 107
172 15
143 117
12 163
172 96
30 121
91 35
137 34
77 109
183 64
191 139
32 68
80 24
197 19
101 93
1 174
142 14
194 14
191 9
43 141
143 35
188 160
142 155
63 28
29 54
5 57
156 24
157 68
12 112
159 70
111 50
71 15
114 133
172 196
71 128
101 89
156 104
123 175
113 105
114 21
91 117
132 85
51 167
176 105
38 133
129 153
123 106
30 150
32 75
115 167
176 152
188 195
30 19
5 28
161 83
63 124
125 3
188 179
122 89
185 95
189 117
69 34
77 141
38 105
53 104
188 105
66 141
66 180
53 150
159 117
118 23
123 130
200 127
90 96
119 146
138 52
123 34
140 160
177 28
184 180
32 4
61 64
118 162
165 160
97 37
62 4
184 52
185 9
74 133
108 3
11 105
138 27
183 23
30 99
74 109
26 186
92 48
92 21
12 106
125 45
11 37
190 127
154 46
13 24
31 124
154 116
200 50
168 155
111 180
137 110
65 131
156 56
5 128
12 199
90 133
140 153
51 58
13 121
168 179
73 27
170 175
29 86
42 70
161 174
80 14
5 9
142 85
44 24
125 112
90 128
122 24
61 107
62 54
165 50
40 135
42 28
168 68
5 23
79 133
40 99
29 186
43 128
168 198
176 94
49 178
140 181
11 34
44 54
168 28
84 109
22 85
200 45
172 149
157 193
61 10
92 25
132 104
22 86
32 135
170 135
51 198
147 126
147 151
187 174
87 21
16 86
159 37
122 3
47 95
76 23
74 89
55 139
62 6
113 96
43 46
40 54
100 6
69 35
138 105
88 103
53 64
22 93
36 9
161 193
154 54
176 19
53 6
87 167
5 109
143 20
129 130
84 175
26 34
200 121
168 56
144 33
120 116
111 150
29 104
154 128
187 24
91 199
76 64
73 6
59 107
119 45
65 153
32 23
164 121
142 181
51 86
63 104
87 96
13 195
113 7
164 175
17 56
69 96
5 110
49 109
154 141
5 86
16 95
47 83
191 8
156 173
55 173
77 151
69 110
62 181
165 58
113 195
164 131
156 15
60 106
18 14
65 171
44 175
188 162
88 48
92 130
80 163
142 25
185 162
90 124
11 133
144 128
66 86
123 96
30 50
81 124
134 82
90 196
161 28
59 35
59 136
55 106
100 24
61 175
31 37
115 160
26 112
129 48
142 70
47 163
187 106
63 128
177 25
190 86
120 130
185 117
102 109
92 173
97 110
197 7
84 131
2 75
53 9
102 173
73 163
156 33
60 153
59 68
118 112
132 116
147 109
148 124
147 54
13 181
138 19
61 105
125 98
108 106
13 171
17 21
161 93
187 127
42 169
138 139
76 145
74 8
51 112
125 103
63 198
51 186
143 48
71 145
80 135
73 64
22 151
97 19
172 126
88 70
166 64
42 58
16 104
143 180
41 127
47 96
194 86
111 126
157 24
177 7
197 14
123 180
125 52
77 48
97 192
90 8
31 136
140 95
73 48
113 179
144 34
142 4
138 163
156 21
200 23
118 104
71 89
137 56
76 93
26 70
164 179
144 149
148 67
32 175
197 78
40 7
16 116
138 178
123 195
148 20
73 4
26 146
74 6
183 21
13 178
22 163
42 193
187 121
134 19
69 23
12 158
36 198
77 21
11 107
184 149
190 153
137 128
185 37
74 139
87 163
97 180
182 162
92 99
144 15
36 139
55 192
156 181
165 110
79 193
11 153
12 86
114 130
102 110
53 151
138 130
76 110
53 139
80 39
80 85
190 145
156 35
185 178
123 171
74 145
132 158
184 186
108 15
81 106
17 45
111 24
154 146
184 145
5 139
22 45
91 103
120 126
120 4
62 126
87 149
31 173
40 3
159 45
138 103
13 64
91 192
144 195
194 75
168 175
157 64
97 21
31 35
91 48
62 35
42 128
108 151
189 175
125 48
190 25
17 75
60 198
108 52
44 8
61 68
118 117
118 78
91 89
80 198
13 126
18 186
168 9
36 145
144 193
176 106
90 158
44 94
166 104
102 24
184 15
187 93
132 56
12 198
100 146
123 124
132 107
81 57
71 50
120 178
156 124
120 103
41 163
18 82
62 169
144 57
170 56
63 106
47 103
22 180
182 24
166 15
36 181
47 126
114 56
113 14
101 96
138 133
172 23
125 160
79 54
191 105
60 121
140 145
38 14
183 104
73 193
119 151
12 8
17 8
111 85
60 192
60 112
60 124
122 45
59 152
100 45
189 112
156 96
87 105
1 96
88 37
29 75
79 58
44 110
119 85
97 162
1 68
123 110
176 167
40 57
101 192
13 167
60 54
5 4
80 110
66 52
184 126
63 98
144 50
18 56
88 52
71 68
88 109
59 3
18 58
43 33
43 136
200 167
170 180
5 103
65 130
120 46
129 58
154 23
79 50
41 175
76 175
17 70
73 112
185 27
154 4
114 83
200 152
92 33
154 173
138 131
164 104
44 95
190 149
30 24
190 27
157 98
138 135
61 98
194 121
59 14
76 86
190 133
120 98
87 99
191 158
51 93
16 21
79 8
17 57
11 20
18 35
43 3
119 179
132 75
1 6
183 110
65 64
81 173
44 67
61 50
65 15
32 35
148 52
81 35
120 89
74 7
148 82
113 45
38 135
143 4
102 99
2 23
101 110
194 7
165 149
137 167
100 67
59 167
161 25
40 37
51 153
16 193
166 107
55 195
170 131
59 181
100 68
26 135
42 6
65 58
118 14
40 162
119 3
36 3
132 67
114 162
71 195
185 75
113 169
120 181
81 75
1 163
166 179
71 20
170 14
97 39
88 33
101 45
184 56
74 178
91 106
113 86
84 103
66 15
12 133
97 58
115 82
49 21
188 94
122 173
200 133
118 135
79 96
154 195
138 83
164 145
60 10
87 109
120 169
61 20
123 86
143 173
142 19
87 75
26 64
176 98
176 104
138 127
164 72
161 135
113 175
18 9
60 45
191 186
97 155
13 173
190 155
66 14
88 72
120 39
172 68
194 136
147 19
32 171
63 150
184 96
182 64
32 198
2 96
114 179
132 179
129 155
53 28
108 174
43 124
134 27
29 28
90 52
38 68
87 14
100 174
125 179
172 7
1 58
142 171
165 193
80 94
26 85
11 23
76 180
200 146
138 70
40 109
60 21
47 93
168 96
115 121
76 116
62 8
17 130
138 145
84 48
18 149
36 15
172 145
142 175
185 34
156 106
161 37
170 141
74 82
122 56
148 8
140 8
101 193
36 95
69 151
168 178
120 186
134 6
5 149
189 83
97 186
156 196
61 135
125 151
22 10
188 193
43 103
147 141
31 46
129 21
172 57
189 10
159 109
11 72
134 3
66 155
115 89
42 10
177 124
119 175
123 178
97 152
166 23
147 33
123 10
87 126
16 45
84 33
148 83
148 173
81 83
147 193
59 106
90 103
77 54
166 57
182 72
53 173
170 7
59 175
137 58
79 99
168 7
80 54
73 85
123 19
165 98
79 85
177 152
102 52
73 152
101 23
17 116
164 186
49 139
111 45
183 45
168 4
200 130
182 82
182 195
120 35
123 145
194 109
88 89
30 106
92 86
101 4
177 181
53 116
92 146
165 46
73 167
147 133
31 112
111 34
42 85
31 128
91 96
71 116
31 104
143 158
190 158
176 3
200 89
92 46
197 94
177 174
44 37
38 94
84 152
120 192
81 45
32 196
185 94
51 99
166 152
60 35
123 14
12 95
36 126
1 45
17 98
51 141
81 105
125 27
84 28
177 86
134 192
53 158
81 94
97 173
166 175
30 103
62 14
118 145
140 21
184 193
69 21
115 136
92 186
80 82
168 121
29 117
51 171
129 37
88 21
191 85
29 169
66 110
29 89
197 193
165 54
16 192
144 3
115 195
183 33
138 4
91 124
63 110
165 127
5 107
91 56
26 75
142 8
115 85
40 173
43 180
140 151
148 99
114 94
166 151
120 23
137 155
185 107
108 94
84 7
122 153
137 196
49 126
137 82
41 6
41 52
97 109
73 180
159 171
17 174
113 64
156 52
187 33
137 103
137 23
92 68
143 179
63 127
31 28
71 152
134 153
29 24
159 83
66 50
71 106
79 152
29 78
172 160
140 34
49 3
40 48
66 78
108 158
143 52
42 133
161 110
182 180
156 93
185 103
154 126
144 98
60 68
120 121
51 95
143 95
62 15
31 89
74 75
170 174
191 64
119 131
91 152
170 33
147 95
87 160
102 163
123 46
168 23
137 117
51 117
16 3
44 186
12 14
182 33
12 127
97 169
92 195
22 130
13 67
161 195
69 95
140 37
16 181
144 153
77 70
90 99
66 4
182 83
61 152
185 128
65 126
164 52
63 146
17 155
187 45
74 112
132 151
118 199
74 64
12 93
16 163
156 99
114 67
13 82
38 158
164 160
31 131
26 145
26 196
137 14
44 58
102 8
71 121
29 110
66 116
157 116
147 3
49 162
197 155
159 127
42 196
102 141
22 52
17 95
176 67
91 116
159 133
190 72
47 72
100 57
140 163
111 6
187 39
49 9
113 117
166 56
125 4
132 35
118 94
170 178
108 131
134 67
32 193
77 15
87 35
84 104
42 57
51 174
115 93
187 193
92 107
197 121
16 75
159 46
66 106
59 149
55 7
53 24
79 153
47 15
38 198
161 171
129 64
185 21
129 85
38 103
66 7
73 72
118 121
51 146
91 109
123 133
30 83
32 27
166 70
187 173
134 89
190 8
87 169
165 141
87 20
142 127
44 135
80 52
185 127
92 127
182 10
92 34
177 128
101 174
51 130
185 158
59 83
81 179
88 181
88 110
197 126
40 68
183 25
176 174
156 70
156 178
11 160
183 131
148 195
156 83
122 64
122 136
73 34
31 72
154 24
129 171
76 169
101 178
91 99
44 25
87 151
170 126
194 196
118 19
161 136
165 86
138 8
113 150
191 14
114 126
156 171
102 150
55 46
108 103
12 173
177 160
38 50
66 112
30 52
102 199
182 4
177 178
49 193
71 37
12 15
18 145
80 7
183 8
71 117
73 23
55 52
137 48
49 8
40 15
188 124
16 52
188 56
16 180
32 145
61 109
18 179
143 83
185 139
40 70
43 64
194 98
40 20
49 141
49 151
144 95
170 93
69 175
65 82
154 107
59 103
63 193
172 181
43 14
108 14
182 146
17 136
172 179
18 153
76 136
1 35
12 130
92 104
165 95
189 162
13 20
44 93
84 25
129 50
148 178
182 160
42 50
62 133
88 131
144 106
32 37
148 72
148 10
161 34
80 33
157 10
137 160
122 9
63 25
13 9
31 86
134 135
164 171
60 72
31 151
147 21
31 95
2 136
125 106
101 52
118 155
53 124
11 124
1 107
40 158
142 167
125 109
182 52
189 141
43 54
47 153
176 180
16 19
194 35
47 27
55 86
170 27
189 50
156 8
22 128
119 128
102 152
44 127
115 96
62 72
166 52
29 39
122 28
36 10
60 14
30 9
11 173
74 57
18 130
55 24
190 6
36 28
147 78
184 25
182 103
188 153
26 160
184 141
154 117
32 25
137 174
191 174
120 37
41 95
29 160
183 173
76 162
1 72
182 193
30 180
22 162
63 135
143 98
53 153
79 175
168 105
62 110
22 178
191 151
147 181
62 20
100 23
183 127
42 174
81 50
134 37
80 124
183 160
81 180
114 146
189 15
17 186
42 179
12 83
76 7
61 141
87 39
41 34
47 141
134 150
61 169
166 153
111 116
65 57
159 141
172 186
102 112
80 158
114 155
164 198
159 173
188 133
65 67
40 155
200 56
132 72
53 178
30 181
142 180
18 135
17 94
55 67
176 4
161 128
122 103
44 106
188 39
200 64
38 85
191 136
142 110
134 103
132 25
108 96
113 107
168 93
32 57
71 126
80 70
172 35
76 45
53 39
17 82
60 6
41 141
40 130
92 37
122 35
114 153
140 175
129 195
188 103
69 54
36 199
1 10
32 95
120 94
87 103
49 105
84 135
44 56
197 116
76 112
100 27
170 109
60 117
119 98
183 37
183 85
170 8
123 28
113 52
132 46
91 133
17 89
97 6
16 4
176 192
138 146
90 175
100 150
168 150
60 7
88 83
108 198
190 39
164 139
129 169
12 39
84 58
43 70
187 199
76 25
42 116
63 173
26 126
111 37
142 58
187 158
132 37
42 103
183 152
12 50
63 37
122 150
2 94
74 58
84 112
188 86
74 52
183 99
190 104
91 64
76 195
157 145
161 153
71 25
12 54
88 99
92 93
177 199
166 195
102 105
41 25
115 10
129 34
30 75
156 107
119 186
102 67
140 124
115 57
55 104
164 35
79 192
92 103
184 7
134 9
129 99
115 141
185 124
137 180
140 152
140 198
90 151
84 39
187 136
101 70
87 89
2 126
65 195
74 99
62 86
100 10
90 94
108 48
80 48
36 19
111 139
159 145
65 127
114 150
168 8
101 133
40 153
148 193
16 199
123 20
81 54
125 9
113 163
11 127
119 33
51 106
73 150
49 85
108 7
41 27
164 4
17 126
63 141
129 192
172 167
79 48
63 171
79 28
118 4
200 186
134 163
80 6
61 153
81 135
154 9
84 93
55 141
29 6
80 146
172 64
159 174
90 37
76 28
55 89
61 85
18 124
166 150
120 141
18 94
194 150
157 21
182 93
55 83
17 52
184 3
66 109
16 46
166 86
200 39
92 83
118 86
123 89
11 181
114 6
80 127
187 169
80 117
183 175
137 136
129 4
100 8
17 58
47 28
16 135
73 103
101 198
43 117
115 163
80 145
115 67
164 56
65 112
156 162
115 95
144 28
170 169
44 57
137 130
176 70
182 181
40 85
187 9
88 24
111 158
30 28
164 153
74 199
42 198
12 45
92 151
157 20
190 135
59 146
177 116
111 196
71 153
69 146
13 124
26 136
119 106
49 186
101 158
184 163
168 195
102 126
129 109
61 96
113 186
31 50
189 186
91 7
177 131
120 174
111 160
176 27
36 124
165 99
123 48
140 3
119 150
51 21
125 116
42 192
73 145
65 23
142 116
166 3
166 96
76 126
159 6
161 163
66 24
188 107
185 4
77 95
5 173
161 78
118 126
18 109
22 126
101 34
91 33
69 103
197 180
5 99
38 89
43 152
119 75
80 20
134 199
69 193
1 34
30 37
77 124
79 3
55 127
156 192
61 126
31 98
61 192
32 89
188 57
176 196
59 173
118 50
1 124
60 128
120 45
60 78
123 56
2 6
88 133
29 10
114 128
161 86
13 23
101 37
200 153
91 107
90 141
156 45
125 173
77 117
108 10
47 131
142 34
134 158
36 48
170 160
69 136
1 104
18 37
69 139
43 167
148 34
71 141
36 105
157 121
36 99
97 85
187 178
101 127
44 128
11 121
2 48
62 33
165 52
47 130
88 136
49 19
22 169
18 198
60 105
40 28
81 141
102 35
61 139
129 196
138 169
102 50
172 199
156 110
122 193
200 174
60 33
184 171
111 133
97 124
47 50
159 155
41 167
111 64
172 158
62 98
16 72
60 136
148 126
49 174
140 192
144 175
5 54
97 136
122 158
71 24
102 145
62 70
36 155
87 139
79 67
1 110
157 9
26 162
31 45
115 149
111 10
32 195
197 24
185 116
183 35
182 57
1 24
111 15
100 133
159 10
69 68
41 105
80 64
77 72
79 10
115 56
189 89
159 179
142 10
66 178
122 6
38 150
101 104
159 153
55 54
188 83
182 150
66 35
79 149
76 109
69 179
2 167
154 163
69 72
125 56
47 39
63 174
184 117
191 6
84 19
60 50
108 155
36 146
41 94
38 78
36 195
161 149
43 10
31 163
177 20
80 3
29 178
40 75
62 85
40 106
38 24
60 70
137 7
159 82
29 72
87 98
63 9
77 186
81 198
62 175
31 24
43 106
161 94
88 180
102 98
157 85
184 94
118 179
90 149
101 180
137 64
26 141
111 193
185 196
113 19
184 175
164 9
183 46
154 103
143 192
165 117
81 158
97 106
147 64
189 21
77 181
170 48
189 171
148 107
147 127
12 186
144 99
115 175
189 167
100 46
132 117
2 116
120 83
44 163
185 48
30 25
143 199
100 135
22 146
81 150
11 104
62 78
172 93
5 151
81 126
165 104
71 94
40 58
87 106
44 153
120 128
5 174
185 131
26 89
16 70
183 181
43 52
63 67
119 112
187 151
59 112
200 24
13 75
123 75
49 124
140 173
118 158
113 126
30 112
197 133
40 83
30 94
66 179
191 39
31 139
53 23
87 198
97 199
97 20
22 48
59 58
88 50
36 149
184 103
60 155
2 128
100 89
187 54
132 155
113 54
74 14
1 83
190 50
132 150
11 95
61 171
172 162
142 149
26 99
69 99
148 160
189 4
102 196
53 7
148 158
97 28
51 152
1 99
122 196
157 96
51 131
61 33
16 133
157 56
154 78
43 57
1 151
114 195
166 117
90 173
113 160
5 19
189 58
22 135
88 162
61 82
144 86
176 24
148 103
118 99
142 15
38 195
36 127
165 45
16 105
191 4
183 86
189 95
118 35
132 130
140 7
114 139
26 9
40 96
36 179
65 14
91 27
79 199
138 136
84 50
55 96
172 20
102 95
17 105
183 180
92 160
132 186
91 39
49 45
22 39
161 3
40 150
2 193
164 24
80 152
80 169
147 105
12 196
61 150
142 195
190 163
71 98
125 180
147 150
77 127
88 116
119 152
165 15
92 3
13 199
190 139
32 178
55 20
115 112
87 195
114 163
29 93
113 192
132 162
165 152
92 110
60 162
65 46
118 124
123 146
61 23
43 169
38 37
191 3
84 139
61 136
144 171
164 82
157 135
108 83
143 3
38 145
17 64
125 23
22 35
79 151
164 130
11 46
65 180
51 173
79 196
165 131
47 33
88 56
92 23
47 173
164 15
111 48
29 33
157 89
120 78
182 46
11 25
119 46
36 153
26 37
129 56
32 70
63 10
189 149
108 193
114 70
113 127
134 110
189 48
138 14
157 124
190 128
165 14
144 198
30 78
90 169
74 93
66 68
188 155
18 45
79 141
66 67
30 67
40 124
140 98
11 48
16 20
147 163
165 64
73 196
184 198
188 192
143 58
154 56
164 20
120 72
61 24
165 105
88 141
156 167
31 10
65 95
185 174
120 109
11 109
197 162
164 199
55 57
111 162
166 27
49 180
134 14
69 145
129 105
197 33
164 96
113 4
92 20
118 171
120 146
80 34
185 136
30 56
120 20
165 139
170 25
31 14
74 37
115 7
165 56
66 196
74 171
16 127
188 163
176 39
101 95
42 158
74 3
142 86
79 35
44 70
157 112
200 58
165 106
61 35
190 146
200 57
11 103
161 169
80 35
168 116
122 105
125 83
36 167
53 78
134 126
76 171
185 106
79 121
41 181
177 112
134 58
161 151
71 28
26 19
147 27
43 48
176 78
134 130
53 131
191 196
31 7
142 178
177 169
182 7
148 57
30 155
161 150
143 54
197 82
41 109
5 14
84 181
18 126
22 150
120 27
17 72
77 78
44 45
51 103
177 19
79 136
120 110
30 169
81 162
182 23
183 103
2 186
29 136
49 7
156 50
5 135
111 95
166 10
183 116
49 136
88 112
1 28
42 105
188 145
108 85
31 141
188 95
60 98
44 192
5 193
73 155
115 25
60 146
108 45
122 86
51 4
22 78
84 37
123 105
118 7
113 109
140 48
143 169
164 136
73 107
157 199
88 68
36 130
1 50
97 83
189 128
119 163
156 141
79 82
87 107
132 45
197 104
168 162
191 37
101 128
157 37
137 72
194 64
140 75
92 6
47 145
11 110
134 39
66 192
147 9
87 27
182 175
144 186
53 110
73 127
69 155
1 70
61 181
88 95
100 152
91 46
168 124
88 4
159 96
108 124
13 50
26 192
97 139
147 124
32 72
140 109
73 135
159 175
84 198
194 34
30 171
62 28
182 139
51 110
182 110
176 82
161 130
190 109
41 171
44 21
143 155
143 23
143 181
122 93
30 196
172 192
80 96
159 21
53 75
183 6
168 180
194 72
80 160
59 155
166 48
183 58
65 128
114 75
197 149
137 181
55 152
71 174
185 180
88 173
129 151
31 21
115 152
100 199
92 19
143 193
100 158
26 23
138 151
168 54
12 124
134 21
114 24
120 160
53 96
69 89
31 54
165 192
118 89
161 70
143 19
38 178
41 135
2 33
42 8
142 121
74 9
115 145
38 193
188 45
12 10
177 24
29 35
47 4
154 99
157 117
30 173
125 58
59 52
90 199
118 130
92 39
16 179
31 8
138 75
188 178
137 139
108 152
62 46
108 9
154 127
73 124
29 67
73 136
161 33
76 104
132 135
66 25
63 180
123 150
47 149
144 167
30 117
108 117
62 146
79 68
102 25
73 8
188 131
73 45
41 174
77 75
5 45
49 98
176 85
61 104
119 14
147 180
38 9
101 35
62 34
147 152
74 174
55 103
166 20
5 64
36 133
101 19
190 9
59 7
74 15
125 149
108 78
142 162
92 199
43 171
29 146
113 67
188 82
36 21
157 14
119 27
40 50
125 167
144 23
123 135
119 145
111 103
142 35
100 14
111 171
140 89
11 169
190 117
114 116
184 39
60 85
119 116
71 46
77 160
55 149
176 86
157 23
190 85
90 139
49 56
148 116
123 25
31 70
17 99
197 128
100 7
53 98
190 198
119 121
100 83
63 78
183 9
61 106
177 193
84 124
177 186
161 192
148 35
62 174
29 149
156 174
120 149
43 151
143 33
194 193
111 167
143 15
59 186
132 68
118 103
197 181
197 75
76 117
29 193
13 6
49 153
63 136
65 3
73 24
92 158
91 178
73 14
26 72
71 104
81 199
144 178
91 23
140 94
18 83
32 10
81 174
111 124
165 178
157 175
65 20
38 196
97 4
184 93
77 35
60 20
187 153
59 116
143 37
157 198
41 46
41 139
38 107
41 195
17 4
197 9
140 139
115 48
73 54
80 46
91 98
132 34
40 27
154 3
60 104
111 78
114 8
190 160
43 34
188 3
194 27
108 4
187 196
197 8
168 171
22 196
129 167
71 93
92 155
43 21
157 35
77 103
118 141
182 28
170 64
122 163
164 37
170 99
137 153
32 106
81 163
100 181
102 171
142 109
59 27
161 96
43 89
166 89
123 98
49 133
76 94
170 149
65 181
176 139
113 78
40 126
36 106
156 86
172 14
29 139
191 192
51 163
49 14
69 27
189 37
102 133
132 93
26 181
114 110
102 131
197 110
119 105
191 173
185 167
13 34
138 186
184 199
62 167
102 27
13 135
11 15
168 21
168 83
97 95
120 19
164 48
42 67
177 70
183 95
17 117
161 103
51 98
108 72
73 106
38 39
142 78
73 109
13 186
74 68
66 6
113 28
43 198
115 14
63 178
197 98
92 112
185 83
159 14
154 124
30 174
22 175
1 126
90 179
61 86
40 195
73 169
132 70
13 163
194 179
40 192
118 25
5 75
114 20
92 169
101 167
164 99
32 78
71 23
191 27
17 35
159 85
123 193
164 124
80 107
74 127
84 130
47 19
148 14
60 27
17 153
144 27
159 186
49 39
44 98
47 48
176 6
41 198
73 181
53 93
140 121
200 199
156 25
22 94
22 58
55 85
122 152
143 45
76 99
137 127
76 193
42 104
2 160
140 195
53 14
91 167
170 95
51 75
59 180
29 130
177 54
168 169
157 178
90 192
36 56
31 130
134 186
73 82
187 95
81 127
66 167
38 141
137 179
38 58
18 163
129 198
53 180
42 162
156 117
108 116
51 121
129 6
2 169
200 46
1 117
100 86
187 155
190 124
111 21
113 128
191 180
55 131
197 6
170 124
182 86
161 167
69 98
42 83
31 145
165 35
189 192
187 68
125 127
5 37
49 121
182 127
31 171
55 39
13 45
26 199
47 135
123 104
71 175
101 98
1 109
47 46
16 136
161 10
176 149
29 85
144 152
119 82
17 135
41 19
125 15
13 109
111 149
63 167
176 107
62 3
115 146
115 105
159 72
114 196
172 150
115 24
38 72
16 130
69 169
61 89
165 135
113 153
125 130
29 46
102 155
26 24
154 15
2 195
13 86
115 181
166 75
22 15
77 39
32 19
80 21
36 162
166 28
69 52
190 181
84 85
154 95
65 186
1 52
138 89
132 7
22 160
134 56
100 169
148 28
157 107
166 46
44 158
18 107
53 34
187 7
125 94
191 171
157 78
55 33
157 139
41 146
183 93
47 128
69 127
114 199
183 121
191 155
123 9
172 195
49 82
31 93
161 4
77 85
183 192
154 135
29 34
111 35
63 39
90 15
176 160
32 93
18 105
154 6
168 10
76 15
172 131
26 50
108 107
74 86
188 6
184 54
118 20
84 117
31 135
59 109
65 27
65 54
77 179
90 174
185 89
63 70
138 112
16 150
31 4
38 96
61 178
125 121
47 127
31 82
122 95
100 160
129 68
138 10
66 75
184 158
77 8
81 193
12 180
101 175
61 195
185 6
183 82
69 178
47 174
200 109
40 180
53 145
194 175
140 46
12 174
44 20
88 153
142 75
65 141
53 103
119 199
42 3
137 178
49 27
84 158
140 169
42 68
184 4
166 34
2 181
111 110
134 162
88 67
32 139
32 151
114 46
43 37
111 67
194 96
5 98
156 19
17 179
100 117
5 116
115 192
80 130
122 195
189 56
36 70
16 34
11 67
41 15
55 25
134 173
157 149
43 28
22 127
114 135
84 68
74 34
63 48
32 169
73 99
164 149
164 78
66 89
129 175
157 6
5 124
189 109
1 133
12 56
18 64
88 145
164 103
63 153
134 146
44 167
137 52
154 121
90 45
170 106
87 136
65 160
194 151
79 52
200 151
154 98
84 4
119 83
61 94
140 107
18 8
134 196
154 19
144 133
185 72
168 196
138 33
100 19
122 67
44 145
177 64
197 107
182 27
182 15
81 82
51 19
197 195
165 173
115 8
60 8
71 149
17 78
26 163
53 160
62 139
132 199
63 95
29 162
51 155
114 151
170 3
182 21
43 25
62 50
49 86
77 126
187 67
115 150
43 133
200 3
138 6
115 162
118 33
36 24
122 37
200 95
2 146
13 180
134 10
77 171
90 46
166 149
188 34
79 112
134 98
188 186
168 131
65 152
176 83
191 75
17 50
148 104
30 85
17 110
188 72
12 193
147 178
147 128
42 19
168 160
172 28
166 174
144 14
5 46
42 199
148 19
53 106
80 23
38 7
159 58
90 117
90 162
144 105
22 6
73 133
142 133
84 14
26 39
177 173
115 174
148 7
13 179
156 136
71 75
137 54
41 126
114 25
200 181
100 179
17 163
189 57
188 99
5 162
66 94
42 7
97 179
197 93
100 151
188 93
143 28
79 78
129 89
115 45
122 139
138 93
122 116
185 160
90 39
129 33
157 86
2 19
108 196
189 139
16 146
118 178
77 28
200 20
142 193
18 89
187 150
200 75
60 19
102 82
100 70
47 198
165 70
102 48
142 139
30 8
22 152
90 152
2 109
185 68
187 82
137 152
190 107
65 35
119 70
81 149
66 195
84 57
49 15
161 64
166 121
40 52
44 34
30 186
62 103
157 133
144 54
170 107
62 152
137 68
90 50
123 155
184 131
101 179
79 126
159 112
129 3
43 83
11 70
17 178
92 193
200 68
32 141
182 70
120 162
188 7
189 146
132 50
41 68
143 127
172 95
51 179
188 112
32 64
200 196
71 57
101 15
168 20
184 152
100 4
140 9
43 160
49 72
42 99
194 133
51 162
154 89
108 130
42 93
100 107
170 68
61 110
190 28
189 173
120 104
53 141
36 171
81 23
108 57
187 105
119 135
74 173
59 96
1 75
59 121
71 171
38 8
191 112
32 149
11 10
47 107
80 75
156 199
137 107
97 45
177 106
118 186
197 196
12 72
189 94
69 128
157 195
113 151
88 39
2 149
2 145
177 10
17 192
65 86
143 57
40 198
87 116
73 96
172 58
120 14
132 109
59 8
140 35
129 96
11 149
111 109
182 126
91 70
184 82
11 54
154 181
188 175
125 158
142 89
32 127
36 110
79 19
148 149
161 180
165 33
41 21
108 46
59 192
161 155
79 158
5 78
170 67
69 15
165 27
129 110
194 153
108 195
197 167
144 56
36 6
165 103
102 7
119 171
159 3
65 145
31 192
31 48
164 45
62 193
183 15
191 68
74 149
97 171
182 145
13 27
194 8
113 158
120 75
159 130
165 75
123 64
140 176
17 182
74 170
185 159
190 165
66 165
13 137
91 65
5 194
92 156
63 176
182 18
51 79
172 144
164 148
22 32
51 170
26 188
42 123
81 87
170 176
1 69
176 44
74 120
119 47
5 13
74 44
81 31
122 16
42 2
119 41
60 129
30 69
176 187
79 62
79 41
113 118
51 114
187 194
172 194
38 51
114 143
119 137
168 2
1 191
31 138
18 36
92 101
154 22
92 49
132 111
51 147
61 118
87 13
134 62
66 182
81 157
156 190
172 177
87 88
129 183
26 66
91 159
177 5
5 148
113 81
132 159
114 147
69 101
118 137
43 143
87 144
147 69
76 66
65 182
100 123
132 113
29 31
40 144
187 38
165 87
200 90
129 138
92 137
59 122
13 194
5 61
69 138
91 29
182 108
161 74
156 12
79 100
154 11
88 76
76 31
73 81
185 115
120 51
12 184
26 81
38 147
147 18
88 122
176 183
138 137
53 164
123 81
187 172
140 59
177 168
38 148
111 59
36 157
166 69
26 29
114 49
92 147
26 120
159 71
80 189
84 66
157 140
63 26
164 187
111 65
125 2
44 113
42 30
42 41
148 122
63 165
69 76
91 66
161 115
148 190
80 177
194 147
118 13
157 49
76 170
36 132
122 188
134 183
66 17
154 185
76 97
118 79
32 43
161 154
159 114
165 69
32 161
53 91
123 115
188 161
36 69
132 11
74 32
80 42
134 41
118 30
184 189
12 61
114 62
53 18
60 49
111 184
65 16
184 138
91 120
134 164
189 120
87 177
79 102
125 132
159 87
44 84
123 188
132 154
44 30
62 184
183 123
190 114
29 71
13 51
62 132
47 13
5 190
51 17
113 122
73 5
125 114
53 197
164 16
41 170
122 200
74 18
129 100
1 140
87 183
123 62
191 187
185 30
53 125
182 164
77 143
166 91
61 79
18 12
102 119
49 108
161 49
165 38
17 40
147 88
16 2
90 140
29 165
183 113
74 79
47 38
16 92
154 177
108 185
197 102
16 148
61 161
77 154
32 51
36 74
189 43
74 42
91 168
132 80
154 31
190 60
49 159
30 134
182 91
13 183
147 1
165 16
183 16
2 138
197 60
51 90
80 144
125 18
200 134
100 71
17 140
77 176
132 134
88 91
165 168
40 81
191 90
79 40
148 177
43 51
88 190
184 147
114 17
17 41
148 26
32 125
182 80
29 140
191 143
5 187
18 197
132 61
183 132
74 108
77 1
17 102
69 143
47 16
122 147
154 187
60 134
154 200
47 97
119 115
142 129
76 142
115 184
102 140
191 42
77 80
125 80
13 88
159 36
43 36
183 79
147 47
138 140
60 61
200 166
44 47
164 113
137 142
63 147
115 66
71 161
1 97
63 38
172 148
170 87
41 187
73 184
101 166
63 137
188 144
41 182
122 187
17 62
65 176
176 32
166 123
69 168
108 76
92 63
43 71
120 55
168 29
18 84
40 187
183 138
140 123
22 16
200 115
40 108
185 142
65 38
108 125
129 88
118 189
74 76
26 111
79 165
100 42
13 100
176 154
137 32
32 184
108 101
16 97
41 29
76 73
194 69
80 59
147 13
2 97
71 22
17 115
165 31
157 30
176 168
31 22
132 40
170 36
132 88
159 190
80 168
189 12
18 187
62 101
38 2
148 47
49 32
172 190
81 172
156 62
189 16
22 80
142 188
38 168
1 90
36 59
132 140
122 190
190 187
111 90
161 156
53 189
172 66
11 87
157 65
159 194
144 123
189 108
161 17
129 49
79 55
140 115
53 90
38 154
182 172
30 2
125 91
17 30
125 159
41 40
36 147
80 5
129 63
12 97
190 166
123 164
80 164
191 166
2 120
165 114
189 197
47 125
59 137
119 44
38 43
51 161
84 30
47 100
140 148
69 122
176 30
91 59
129 161
166 156
16 176
66 69
108 177
194 87
30 31
159 165
140 190
2 59
42 108
66 40
13 71
184 187
188 108
92 30
11 189
42 77
73 119
140 114
100 189
197 122
176 53
188 183
77 191
118 47
144 134
73 32
44 165
185 166
40 165
120 40
26 194
38 18
170 69
114 191
101 30
115 63
26 18
87 185
73 40
154 62
11 197
51 129
134 154
197 157
168 88
97 166
115 154
102 87
16 88
100 87
183 62
144 69
189 148
91 22
71 101
142 123
97 102
71 91
190 62
97 38
49 77
43 101
63 102
134 166
40 143
119 1
49 183
79 101
17 1
168 114
113 1
43 11
114 65
188 18
111 42
41 154
125 111
143 161
91 190
144 143
168 132
113 32
194 18
148 176
74 88
129 91
26 16
63 2
53 115
12 17
176 69
111 18
32 129
59 22
2 184
43 53
191 87
137 17
154 53
30 138
184 172
197 188
29 159
143 185
26 142
80 43
22 122
76 200
65 156
88 44
194 114
111 148
119 120
51 156
65 147
115 182
100 118
29 154
81 182
16 71
81 143
66 189
41 144
161 148
61 30
120 144
13 92
80 26
111 157
114 71
184 118
188 190
60 71
80 137
49 156
111 74
143 88
166 65
53 61
31 100
97 53
172 26
159 176
190 154
172 87
194 92
148 13
55 148
5 114
5 122
189 42
60 17
134 5
97 154
120 122
101 49
142 41
122 142
189 168
62 164
123 32
55 43
26 115
185 157
81 194
26 129
190 92
183 5
140 87
42 119
143 140
165 2
11 77
122 65
41 197
137 65
157 1
32 38
2 74
166 31
113 119
79 42
22 191
22 159
80 190
5 164
81 22
190 18
26 31
137 188
200 137
161 73
55 40
108 59
187 66
73 77
1 172
17 142
115 60
157 168
65 43
111 138
184 22
147 111
191 30
80 129
71 90
55 12
60 76
123 29
16 191
144 147
194 176
1 187
137 49
59 101
102 22
55 189
143 172
59 41
182 12
69 182
60 30
142 79
182 71
2 90
22 63
13 197
185 190
60 87
200 84
29 176
147 16
60 2
156 102
156 170
138 60
2 134
119 66
13 61
71 154
40 11
122 77
102 81
184 125
164 79
2 32
118 22
159 69
81 177
142 88
77 159
31 114
122 161
137 187
73 123
55 26
111 120
92 154
147 44
148 97
170 55
55 74
77 137
13 90
2 111
31 47
47 22
66 100
122 177
125 42
168 143
100 183
69 134
87 71
92 144
164 61
156 60
108 176
65 113
148 80
188 31
66 11
118 87
61 194
41 125
156 47
92 62
194 88
31 142
51 73
49 51
185 31
138 76
115 47
137 81
49 73
100 65
71 190
161 11
140 84
118 182
119 197
166 44
97 189
44 13
38 137
119 22
49 22
185 168
132 65
11 76
65 42
80 55
90 42
138 147
49 191
113 189
182 177
154 32
88 187
32 60
53 88
88 134
79 159
102 172
188 69
43 148
191 62
118 111
187 26
91 61
165 161
185 170
197 142
137 166
77 165
71 63
1 122
91 101
90 170
87 53
55 177
187 79
30 137
187 51
143 91
61 143
42 31
144 61
200 22
74 92
187 47
154 18
200 188
197 154
90 102
90 114
157 29
184 194
87 17
91 194
168 36
84 142
17 100
115 31
36 47
12 30
142 157
138 66
88 177
185 102
170 22
144 74
29 142
120 43
101 90
44 22
81 29
123 77
190 36
159 76
41 185
125 183
119 177
166 16
134 32
61 168
26 166
189 31
143 47
189 156
79 47
120 164
120 182
26 161
66 197
191 43
84 87
40 87
132 29
118 168
119 172
74 41
166 143
200 197
47 129
97 17
138 92
197 165
113 137
11 170
114 60
140 119
49 40
101 184
194 73
77 90
189 61
148 188
200 132
97 91
122 61
138 90
73 168
41 69
154 148
53 168
157 5
32 13
61 38
55 60
51 47
76 189
30 190
161 123
147 120
55 108
148 84
101 73
113 111
188 134
140 125
137 88
143 5
84 119
125 65
88 41
91 191
187 125
65 92
176 62
44 49
12 113
157 182
176 2
49 65
11 164
102 138
90 108
18 32
125 147
71 97
183 41
191 111
88 79
26 138
129 66
100 113
73 137
13 111
165 12
51 132
44 38
140 60
200 79
129 197
63 144
161 191
138 189
44 143
22 61
115 143
148 113
87 168
176 190
80 49
47 40
129 40
172 137
114 16
166 129
60 51
66 194
92 77
71 183
137 51
190 143
77 41
100 11
164 41
92 11
11 12
156 165
137 90
38 197
142 164
170 132
88 42
17 177
123 92
159 97
5 91
62 100
188 71
97 183
65 60
140 189
197 76
184 63
22 29
118 191
170 184
59 81
97 55
80 71
38 40
172 60
187 49
122 51
154 111
80 156
118 170
161 100
63 41
36 81
81 108
47 123
18 120
166 161
114 113
101 191
79 63
5 88
12 91
11 113
32 194
118 125
30 164
119 185
114 170
200 38
84 118
200 44
31 55
114 108
108 197
42 164
194 1
81 120
183 44
114 92
61 142
22 73
197 62
26 22
32 47
47 69
90 156
137 115
40 97
92 166
41 156
154 159
156 11
132 16
115 92
12 16
73 44
182 26
191 31
16 138
77 29
140 13
32 62
115 165
161 102
36 189
176 132
166 157
41 5
148 30
200 5
51 53
165 51
31 66
129 11
60 73
87 200
189 40
140 80
13 53
190 40
102 60
81 188
140 129
60 63
29 122
87 166
129 90
189 182
12 79
59 161
197 36
125 79
168 115
125 12
43 176
71 12
90 190
190 53
125 194
114 88
125 16
137 42
166 140
63 42
108 168
62 51
154 73
120 60
59 84
55 84
114 164
32 144
119 183
63 159
137 184
60 191
36 108
142 177
80 188
159 189
114 154
143 79
148 125
29 172
194 168
81 115
29 87
200 18
100 12
134 184
137 11
36 102
156 74
91 123
2 77
55 200
114 1
108 134
65 165
161 81
164 51
13 164
79 113
140 16
22 185
66 1
36 138
30 18
170 148
47 63
81 191
113 17
62 87
101 44
188 73
176 73
147 49
84 170
42 129
164 159
134 12
197 74
197 90
184 47
185 55
38 166
2 113
81 114
63 55
120 13
97 101
29 144
30 183
147 142
69 156
138 148
1 168
97 69
88 60
143 13
47 81
41 55
38 12
17 188
38 157
189 91
188 36
164 87
91 2
123 113
144 108
188 61
62 13
18 43
118 90
16 63
142 189
51 65
84 1
134 49
13 41
47 84
183 69
125 51
113 40
61 47
164 122
164 172
62 69
132 81
91 41
140 113
115 144
16 17
111 159
73 65
80 30
63 157
156 59
132 157
168 74
29 161
119 79
115 159
55 90
137 189
81 176
26 176
101 76
108 161
185 26
26 1
17 132
200 40
118 115
62 53
132 115
172 97
144 177
115 91
101 129
156 172
61 156
184 108
53 36
200 187
161 137
61 101
36 191
90 132
147 26
76 49
53 101
11 44
164 138
183 11
200 168
12 183
29 170
42 17
132 22
154 42
74 73
154 120
13 190
197 43
74 129
11 138
101 190
40 43
91 18
122 159
22 125
87 69
76 125
168 188
194 115
154 140
97 74
164 177
157 11
142 176
185 138
122 138
41 60
144 122
147 41
159 183
55 132
197 2
84 125
43 154
61 114
97 36
16 111
91 102
32 101
142 38
165 59
17 118
31 159
69 102
26 12
81 156
144 190
43 1
17 129
142 134
17 80
22 111
157 164
166 118
140 88
77 132
80 100
32 5
100 29
166 184
59 102
2 65
132 60
101 143
2 22
41 61
191 55
84 43
65 177
87 134
26 77
144 170
5 69
11 49
132 32
123 108
191 170
31 73
18 122
101 176
164 65
159 108
66 101
168 42
156 55
176 71
84 134
102 132
165 184
187 43
74 63
161 79
92 47
16 170
129 18
137 120
66 147
84 40
90 168
156 44
11 159
47 189
100 114
47 185
77 62
166 11
159 90
164 119
61 43
177 79
92 118
40 13
183 73
108 41
200 11
22 77
47 59
144 22
143 111
187 129
71 200
42 40
90 12
2 191
51 76
100 73
66 108
66 134
49 63
187 55
189 191
188 5
29 63
200 129
71 62
12 159
165 30
40 5
29 36
77 30
47 172
138 61
188 88
44 182
115 2
166 2
51 138
148 157
123 120
81 164
73 97
184 157
129 65
161 91
143 80
166 114
79 26
108 194
157 40
1 61
29 55
38 11
170 122
77 65
53 137
177 118
69 177
170 134
187 143
102 157
113 200
197 69
100 172
59 55
88 51
176 59
71 5
60 154
69 119
123 138
166 49
177 129
31 170
154 88
53 5
36 118
32 16
73 113
49 29
164 156
148 76
61 177
114 74
74 5
113 187
188 115
44 2
157 134
44 191
84 73
166 144
176 1
177 115
47 88
190 84
65 138
143 147
111 40
165 134
194 17
113 59
22 1
118 43
194 102
62 165
31 118
62 29
5 170
92 122
190 157
36 194
76 168
197 100
59 79
97 191
53 17
60 157
154 90
32 79
143 100
97 5
38 182
79 111
26 32
55 76
40 101
177 102
41 137
157 43
182 134
134 197
157 165
61 36
156 101
185 74
51 157
31 157
87 55
41 84
132 165
87 132
137 159
166 53
115 42
47 49
166 43
188 129
142 119
200 47
108 31
18 59
65 5
60 31
60 11
92 183
91 118
144 31
31 87
172 74
80 40
30 182
187 60
30 79
197 170
189 51
31 77
18 13
114 122
156 97
62 177
2 185
123 185
84 61
134 26
29 32
165 166
101 200
142 62
157 61
159 100
5 31
1 142
11 16
97 138
108 16
115 170
92 29
29 43
164 49
134 29
13 154
18 2
47 197
188 166
43 77
51 26
38 36
120 165
90 26
97 65
194 80
71 185
157 17
115 88
90 32
143 92
49 59
177 40
62 2
164 188
120 190
182 16
17 144
47 65
190 123
102 182
42 143
142 159
76 134
88 185
120 188
102 111
122 12
97 120
84 120
172 189
120 80
182 90
138 144
49 132
77 59
30 147
168 137
41 97
61 74
62 125
11 140
49 18
76 38
102 13
97 42
60 29
138 49
140 43
188 84
165 22
177 200
71 77
184 16
147 73
183 76
194 188
154 55
170 119
16 200
77 100
90 147
129 92
187 13
165 5
102 42
84 123
157 47
74 190
32 41
31 91
38 81
123 119
44 76
76 120
101 84
137 69
154 118
188 184
132 79
143 53
55 122
41 166
113 88
138 101
148 88
79 18
71 1
148 123
5 111
165 144
197 44
42 44
118 187
77 53
12 1
92 184
143 194
111 71
73 190
36 113
13 159
143 76
111 108
63 118
111 190
148 119
74 134
102 115
123 200
123 18
97 100
194 16
49 113
38 184
119 59
144 90
2 87
129 102
194 191
76 118
61 184
59 157
74 191
159 44
113 71
71 164
144 161
74 84
143 71
44 154
17 29
1 165
185 84
90 59
138 118
55 91
29 185
156 43
187 44
66 30
97 176
148 194
111 60
92 157
182 147
147 79
26 157
88 77
61 111
137 100
147 77
177 32
101 185
100 18
66 185
144 16
189 65
66 38
1 55
65 11
142 161
164 38
108 30
62 31
17 170
13 16
190 191
62 61
44 111
32 1
119 2
53 191
13 26
143 182
36 100
182 76
101 17
63 132
53 140
77 125
91 200
44 102
177 189
137 29
156 2
165 26
156 142
156 140
36 123
92 76
100 142
60 43
172 11
63 13
44 190
132 185
172 191
190 147
18 71
73 166
140 74
2 55
123 66
129 176
172 118
44 77
143 65
17 55
32 11
187 29
59 74
76 87
138 22
63 108
156 29
188 114
100 187
47 144
187 165
36 87
176 76
122 84
165 119
119 200
12 62
12 2
29 38
38 170
142 190
157 191
47 188
5 113
73 29
125 73
197 147
108 165
13 66
84 177
138 100
161 84
184 74
60 166
47 12
123 176
129 61
184 185
31 122
183 43
161 12
183 148
88 102
132 38
32 17
73 185
123 191
49 13
61 182
113 115
197 183
157 161
49 182
63 182
66 168
30 144
142 81
108 170
60 182
84 53
73 30
132 44
13 119
182 114
134 156
161 164
40 197
111 55
92 53
80 197
194 55
73 177
161 168
170 79
183 164
102 154
62 185
123 5
122 53
183 53
62 122
168 100
1 197
66 114
71 165
81 166
62 26
41 16
73 108
51 118
66 77
76 2
51 113
31 79
176 17
53 165
79 2
13 43
154 100
177 29
81 63
66 12
81 42
31 184
120 191
134 18
120 159
69 120
102 62
41 176
102 122
119 147
77 189
18 73
125 144
188 176
187 16
184 71
177 36
172 22
134 177
143 156
63 44
129 84
125 81
125 36
51 119
40 134
143 157
182 88
87 184
36 31
156 183
177 74
114 144
32 81
156 182
18 102
185 122
30 194
125 87
176 184
125 13
5 26
73 42
120 184
168 182
177 43
182 36
200 1
200 63
91 81
18 148
87 113
30 100
177 194
65 101
177 114
143 38
91 51
114 161
77 111
188 42
66 90
65 187
1 129
79 38
142 125
61 59
5 66
188 55
1 102
118 40
143 119
31 90
140 118
77 144
26 42
73 143
71 84
189 111
191 119
118 156
44 31
138 12
119 36
42 159
5 81
62 157
183 26
30 189
16 123
161 22
184 88
61 32
138 115
42 122
123 118
113 92
40 18
164 22
88 172
172 92
63 100
13 170
102 11
142 168
30 111
184 154
111 101
63 168
38 90
13 189
11 1
90 134
115 30
177 13
87 188
157 108
42 200
51 55
13 200
102 12
12 111
142 154
40 59
148 101
1 53
5 185
40 92
194 118
92 61
144 36
97 177
22 114
47 108
30 172
53 65
44 12
51 61
185 125
92 26
200 102
77 188
137 102
65 1
132 30
144 132
164 84
114 40
190 129
31 18
42 53
118 134
66 144
168 84
41 53
90 194
61 190
59 188
5 115
42 55
190 79
118 97
140 91
101 100
81 12
172 77
164 66
11 188
147 172
189 125
44 61
120 197
138 77
38 108
76 191
140 32
119 168
184 102
36 120
2 101
36 115
65 62
165 32
73 134
183 194
177 59
1 111
159 47
129 194
77 40
185 100
165 183
147 165
76 29
71 144
182 42
11 125
91 113
69 185
97 140
159 188
80 29
38 113
88 120
22 5
41 90
62 1
172 17
16 157
156 132
164 76
129 31
22 43
142 172
114 111
190 197
30 87
59 60
138 172
90 185
12 53
144 59
187 147
11 115
63 148
185 59
200 65
137 18
122 43
138 44
60 26
115 172
168 183
59 118
55 22
69 164
97 51
80 191
32 122
161 189
2 31
108 91
97 170
119 161
88 197
87 5
183 88
76 129
31 41
60 161
134 190
142 63
66 148
16 101
73 197
138 113
140 79
1 59
5 118
11 81
74 142
138 120
184 18
92 12
148 100
120 170
137 76
59 42
71 118
154 59
194 38
172 170
143 142
184 43
12 123
55 140
74 113
111 47
183 200
69 17
32 55
80 61
32 36
164 101
17 185
114 69
172 53
41 148
159 18
81 74
65 168
77 69
101 12
87 90
51 30
81 200
187 166
22 147
142 97
69 172
91 144
12 43
92 191
42 49
172 62
80 119
22 18
182 77
166 148
38 49
40 74
51 184
118 161
183 55
118 108
63 197
31 84
16 80
16 18
79 114
140 142
12 29
157 44
168 123
49 79
66 190
97 66
36 40
44 26
62 187
80 159
76 115
12 80
49 102
191 59
2 41
59 147
168 102
2 100
51 31
51 148
79 156
134 77
84 182
84 97
44 100
84 154
97 125
76 132
144 168
53 38
38 134
154 69
49 154
84 76
185 81
81 187
63 65
159 51
44 1
90 122
97 31
69 123
87 79
88 29
177 90
123 11
92 165
71 66
125 5
12 73
43 59
176 87
29 42
191 122
32 157
147 161
184 183
134 47
77 5
138 17
49 115
194 170
189 59
159 88
81 197
49 43
13 129
55 11
84 194
22 100
43 87
176 80
74 119
59 44
113 165
59 62
22 176
81 41
147 132
161 76
66 60
182 100
22 84
61 119
51 166
76 119
182 53
43 123
108 26
142 101
185 164
147 166
137 170
191 183
111 140
101 11
81 148
90 187
1 76
66 200
55 18
176 36
120 92
18 156
172 125
13 122
32 115
55 38
101 26
189 79
147 12
170 123
120 114
184 143
165 142
113 60
5 140
65 170
84 88
159 166
40 125
74 43
63 120
113 80
91 137
43 100
170 102
43 111
42 11
79 182
185 156
32 119
120 200
42 190
38 17
108 60
123 71
129 134
91 63
71 157
168 138
11 17
194 43
51 142
1 92
125 1
11 74
11 61
76 91
200 184
191 38
63 114
18 66
176 119
43 2
200 80
118 53
182 29
183 80
73 132
129 69
120 148
166 40
55 142
49 111
148 185
125 71
191 40
122 2
26 36
123 147
12 59
11 143
170 189
120 16
2 182
119 62
147 81
71 129
189 74
120 73
91 11
40 91
159 53
30 140
102 92
84 187
191 129
137 101
176 92
38 138
144 164
113 108
87 92
101 159
185 194
183 42
123 61
16 66
91 60
111 36
71 30
170 166
172 80
80 101
108 5
189 188
73 156
31 120
143 200
74 200
119 156
97 90
63 69
63 97
90 157
166 1
138 80
177 143
137 185
140 76
184 49
115 77
87 142
31 176
115 65
187 148
144 84
176 88
161 2
69 74
1 156
71 26
200 88
113 161
44 177
80 51
65 36
62 108
53 120
182 13
62 148
125 154
12 36
170 92
170 157
129 36
30 53
17 147
164 44
197 138
60 40
36 5
156 113
101 172
170 2
1 41
29 125
188 97
111 168
17 63
79 134
36 148
62 42
156 194
71 69
77 12
183 22
170 159
115 18
129 119
102 65
92 73
144 191
55 172
2 118
137 144
41 47
43 73
184 161
100 122
161 132
18 69
140 194
183 177
184 177
60 44
69 108
134 102
100 16
22 108
137 60
134 143
47 113
51 1
12 84
165 41
26 189
53 74
129 144
168 164
148 197
120 102
84 166
172 65
197 185
71 156
66 44
140 188
71 187
13 17
63 172
119 5
168 59
63 177
123 197
30 187
140 18
1 164
16 91
188 38
88 17
132 143
69 49
176 157
66 166
115 142
182 197
41 111
177 187
90 17
123 101
32 30
200 49
30 142
183 122
42 114
191 5
97 92
122 74
134 119
76 172
53 123
140 63
1 16
66 188
62 113
91 187
114 80
59 197
120 194
80 32
138 53
130 45
135 35
107 193
199 67
99 94
7 48
4 169
27 28
28 56
131 28
163 24
57 145
58 94
110 162
28 93
192 141
72 149
174 179
149 50
93 112
193 8
167 174
180 110
21 46
171 48
195 68
86 192
104 10
163 75
14 150
3 121
35 78
93 7
149 117
155 99
48 14
135 199
126 57
199 70
146 173
141 104
68 169
96 9
149 181
130 121
9 98
174 75
174 117
56 58
48 46
67 155
112 117
139 128
20 78
67 179
45 46
193 83
103 179
174 141
199 112
21 145
39 6
78 25
35 34
72 107
116 67
75 155
27 112
110 23
136 21
75 180
151 68
112 57
9 174
82 3
199 136
72 169
4 162
162 48
151 171
94 124
95 6
10 33
145 68
175 23
8 181
158 56
96 21
146 127
186 171
99 50
103 89
6 158
149 52
3 8
56 192
72 199
14 78
57 10
50 72
98 64
33 124
25 75
104 15
149 135
121 15
99 39
141 110
50 93
95 104
186 75
105 95
106 178
103 181
195 28
82 109
169 107
117 78
171 110
14 199
121 46
181 169
162 54
39 152
70 136
37 196
178 78
19 27
78 136
126 178
9 57
78 24
93 163
196 70
4 136
86 27
96 20
169 150
99 151
96 15
151 20
70 195
99 96
93 195
160 112
48 89
186 199
130 107
15 23
104 85
96 110
21 56
126 107
67 150
21 117
169 14
54 6
149 130
64 4
28 110
7 169
28 89
46 136
14 131
169 56
19 145
126 7
64 24
58 24
3 149
175 94
95 64
9 181
151 192
25 107
196 112
160 174
178 14
10 167
112 107
178 171
153 180
175 186
135 107
186 85
192 33
193 98
180 64
3 105
198 106
67 70
145 117
58 131
106 72
56 128
45 64
195 178
39 7
150 130
37 121
72 186
9 151
57 195
10 174
136 64
19 110
141 19
93 107
96 89
152 24
116 135
7 141
82 50
28 21
95 128
6 64
24 3
107 39
33 121
179 110
20 98
94 25
50 96
130 72
58 107
158 136
196 180
146 86
33 64
93 133
23 10
128 160
180 94
34 158
121 193
95 158
24 149
33 83
149 162
181 150
151 85
39 27
173 28
178 19
192 93
46 171
67 50
56 130
109 96
34 178
193 48
192 160
19 149
4 58
89 110
133 198
162 103
103 167
105 128
34 99
93 186
131 8
198 196
158 135
4 150
28 178
94 162
54 64
3 163
46 6
8 167
85 8
25 96
46 37
9 8
139 135
67 167
58 27
117 46
23 58
70 126
70 56
163 105
83 57
173 178
145 95
117 116
106 112
33 146
186 103
116 110
89 173
83 175
174 83
127 34
68 50
175 67
112 145
98 117
33 57
124 3
78 4
131 9
178 117
153 86
14 126
131 193
72 68
67 133
162 199
98 4
70 57
21 15
7 133
192 171
39 86
193 56
153 33
21 57
8 19
141 175
58 155
109 70
181 15
86 151
67 75
192 67
8 10
45 35
15 110
50 174
89 19
160 136
86 58
149 7
149 131
126 133
46 127
15 195
8 20
56 52
10 169
35 167
139 167
86 124
70 103
126 93
25 86
121 117
151 136
152 109
106 46
14 174
124 20
112 135
146 126
192 139
37 127
14 34
86 48
152 19
6 70
160 152
96 68
25 46
180 35
25 141
192 15
89 128
82 14
28 130
162 35
68 57
141 85
173 21
145 4
196 146
57 175
103 64
145 78
50 25
50 128
58 193
45 195
146 23
109 89
146 141
135 145
171 133
103 25
146 130
24 179
24 14
130 135
99 110
107 179
15 19
72 131
82 112
106 124
28 83
193 9
150 68
152 126
72 152
23 193
23 89
54 78
151 52
167 146
98 135
72 104
179 145
3 20
14 163
24 160
195 85
27 104
149 48
34 135
33 169
23 121
178 72
56 48
57 163
7 21
141 93
24 8
46 3
162 27
133 110
37 19
50 39
186 6
8 136
85 37
75 162
121 21
167 155
121 54
181 105
110 6
110 50
58 150
15 180
15 163
21 169
8 52
141 186
139 85
117 89
56 57
171 52
46 145
128 78
133 196
199 126
52 39
139 9
64 96
146 105
126 33
15 57
112 6
70 198
131 24
68 89
145 27
136 98
174 57
48 186
67 104
19 99
158 9
180 167
95 180
35 3
127 68
20 160
34 109
105 169
64 149
15 35
39 46
34 141
158 149
98 155
89 181
121 8
104 7
75 50
126 4
8 112
98 105
103 158
198 109
173 167
33 25
126 149
6 96
48 110
126 104
145 124
153 70
94 105
21 105
39 174
133 39
127 20
130 14
106 50
19 21
39 105
45 8
139 150
25 109
6 171
8 105
24 103
48 25
160 181
186 149
70 20
139 35
153 167
152 110
193 124
158 117
37 52
175 37
105 160
23 35
141 75
160 37
139 68
20 198
136 3
39 146
45 175
9 107
136 20
179 14
121 110
175 135
4 37
199 106
64 198
135 86
78 93
173 25
89 175
116 89
23 155
106 64
196 150
19 121
169 27
19 95
83 126
46 167
14 186
45 124
175 173
98 199
106 193
152 195
57 52
196 95
72 46
116 86
178 37
68 34
23 136
112 98
107 127
173 50
8 130
86 121
93 169
58 9
169 94
131 196
24 72
14 64
48 23
131 124
195 98
150 173
116 4
14 116
27 150
35 196
9 27
6 150
24 25
167 126
131 98
171 64
106 82
158 171
103 128
85 89
174 112
149 179
109 45
27 82
117 67
151 54
124 126
83 82
173 127
141 78
186 193
72 128
15 155
169 67
127 121
155 39
6 85
124 141
98 167
106 19
196 109
181 34
181 130
35 6
160 23
112 37
67 152
86 67
116 75
121 169
112 126
196 149
128 33
28 104
54 133
45 105
109 171
109 50
169 35
127 4
70 95
152 162
94 24
103 96
181 199
130 175
95 37
56 9
128 24
141 98
58 174
3 193
89 126
160 141
178 57
39 95
195 133
167 64
116 82
149 83
139 21
103 46
57 136
174 70
70 105
15 175
117 48
58 75
141 4
116 152
150 95
152 94
25 83
39 54
178 116
104 89
34 150
78 149
15 14
178 141
141 145
117 52
199 93
68 173
149 68
99 52
58 52
75 54
83 52
192 131
155 135
57 28
163 198
152 21
110 75
133 158
151 24
27 45
104 131
98 25
152 117
169 99
93 86
54 141
15 196
153 107
160 110
198 7
86 198
146 99
4 10
195 54
181 46
178 136
162 19
70 85
95 131
135 48
158 27
169 9
85 193
171 96
24 33
86 8
68 4
139 151
89 153
99 89
109 174
105 175
135 153
150 85
150 25
121 126
153 139
20 54
93 181
179 56
126 139
199 133
72 105
7 95
193 99
103 15
105 124
94 150
145 75
78 109
153 158
124 107
23 180
85 163
136 27
180 82
7 146
85 25
198 167
133 48
130 20
193 192
116 195
171 15
98 133
58 96
20 152
14 146
158 107
178 169
105 33
175 68
180 195
23 141
136 153
37 64
27 146
72 175
110 24
25 82
99 192
85 103
121 39
21 175
20 95
153 52
146 110
171 78
195 89
106 155
196 7
24 139
178 58
110 68
14 133
199 34
25 198
152 192
6 121
33 86
179 124
8 7
163 181
39 75
162 146
116 158
33 152
98 179
186 27
86 179
160 70
8 160
25 146
192 39
105 180
193 93
6 105
50 155
163 178
34 130
28 82
46 68
24 15
21 25
34 86
39 103
195 199
45 33
181 39
198 131
117 68
163 141
93 15
149 58
116 162
127 109
27 93
45 98
6 83
78 110
83 104
8 135
126 99
52 95
167 54
98 6
95 124
186 178
35 126
160 139
54 181
7 199
72 28
135 173
169 192
106 162
98 46
3 37
171 104
33 180
95 173
110 195
195 72
179 23
141 64
82 4
37 25
35 109
4 155
130 78
169 106
104 9
23 83
192 96
75 6
116 193
27 133
199 21
54 163
15 52
131 152
198 171
9 86
175 163
110 127
146 10
37 68
4 128
78 86
35 46
54 198
72 180
193 78
199 151
14 121
126 54
23 199
48 167
67 158
174 192
99 178
82 107
152 121
52 158
116 34
70 48
96 85
72 121
27 192
139 133
110 112
195 33
4 175
96 4
180 155
94 9
186 99
149 150
196 21
3 89
127 10
155 68
35 57
68 52
45 58
178 39
169 171
70 135
110 196
160 58
34 104
145 174
33 174
146 121
153 171
162 34
104 117
158 131
169 152
21 72
85 52
173 145
150 192
7 24
57 146
133 107
128 195
94 10
174 6
124 195
8 151
106 70
128 3
28 198
83 167
37 116
152 196
25 196
99 136
24 104
163 126
153 85
21 171
121 98
72 35
105 151
3 10
179 83
25 163
127 6
98 10
75 19
20 175
109 7
75 127
130 178
196 117
124 116
3 116
109 106
162 99
20 21
10 27
192 95
136 19
167 104
34 155
150 158
126 68
151 152
78 106
163 193
173 78
141 6
167 128
45 116
46 151
85 155
10 173
25 95
124 89
127 181
192 199
192 14
83 136
75 198
57 4
96 163
15 68
50 152
145 151
193 146
109 141
131 86
64 151
196 93
112 35
131 109
14 23
98 34
28 25
107 174
52 48
158 39
39 151
35 52
195 50
124 82
4 151
155 52
135 171
85 99
93 45
155 199
105 106
20 15
139 89
96 149
179 130
57 151
153 149
35 54
82 54
46 33
127 94
89 130
94 153
86 155
178 127
14 83
68 162
19 174
3 195
180 175
3 135
178 153
50 112
145 153
124 186
56 163
10 56
171 3
196 9
116 167
178 199
110 136
50 196
104 96
192 34
150 171
173 45
128 175
23 78
9 85
109 186
39 24
163 58
103 171
162 112
3 131
20 45
24 109
136 104
152 28
105 19
93 57
117 3
14 160
169 117
139 20
93 56
116 68
14 27
199 175
83 3
56 72
198 83
155 193
133 99
180 135
21 85
152 3
145 127
109 145
163 124
10 158
45 128
180 124
152 124
35 37
199 48
153 104
116 6
153 155
7 10
146 128
7 160
171 33
160 57
180 20
95 27
151 155
9 178
104 8
83 54
45 151
136 37
52 139
52 104
196 86
167 162
89 95
35 9
160 179
173 58
72 33
175 78
48 121
199 37
158 112
139 174
8 33
160 135
131 20
34 4
152 103
199 139
128 186
128 109
6 56
27 52
174 110
52 107
180 93
163 109
7 124
128 83
34 139
99 124
110 124
175 50
160 198
94 181
130 23
94 85
64 128
127 27
75 104
67 98
89 45
195 8
103 105
131 136
67 193
75 117
14 158
146 169
196 24
52 198
98 50
112 195
179 133
135 136
153 186
19 58
192 145
127 199
39 10
179 173
186 155
192 186
19 173
7 162
198 151
98 94
14 86
167 112
103 28
89 64
89 186
68 27
126 58
28 127
107 20
54 174
128 178
141 130
39 25
150 131
56 127
175 198
149 82
99 8
21 67
175 28
162 124
105 117
82 24
56 46
6 93
58 83
173 6
58 10
21 58
106 192
82 10
10 46
133 21
117 153
9 195
103 68
181 45
112 175
37 131
15 85
39 126
180 14
33 94
163 106
117 9
173 106
48 96
93 152
196 193
57 179
151 75
56 174
179 163
54 103
3 64
75 199
106 174
112 25
57 193
27 72
83 107
103 4
107 195
174 8
145 152
39 195
19 146
99 121
195 192
27 153
105 139
99 103
93 82
21 83
124 70
7 27
68 82
39 130
93 174
145 10
155 3
105 20
52 54
67 64
117 155
106 67
94 50
9 105
7 28
89 94
95 99
37 24
128 180
126 103
146 89
192 127
107 24
70 34
10 9
198 95
10 20
152 46
193 141
106 83
146 37
198 19
162 98
56 121
124 169
54 98
196 19
83 68
96 112
8 50
72 196
89 25
33 14
70 178
124 48
9 93
54 127
4 50
45 50
57 64
179 104
133 83
160 169
174 7
7 153
126 37
82 155
86 98
158 96
110 70
68 107
82 171
145 130
64 28
158 20
99 112
68 56
171 181
10 28
192 85
155 24
70 173
72 58
124 24
86 141
127 186
45 193
98 149
45 179
105 7
171 167
192 155
78 70
99 37
95 75
99 21
25 149
150 64
7 152
105 112
150 3
109 150
37 107
198 48
153 67
112 152
93 67
152 37
94 173
48 39
109 179
64 146
110 167
173 196
155 93
160 33
23 27
96 45
153 9
152 130
39 199
23 126
33 20
64 127
109 68
93 160
178 98
19 179
139 94
86 127
83 75
153 160
56 83
72 127
15 139
131 23
21 35
139 181
27 75
139 196
141 28
121 104
96 153
10 15
121 158
135 186
128 19
167 23
116 163
162 21
179 146
67 35
27 37
139 186
146 186
37 104
8 95
8 145
82 198
160 127
85 10
45 34
141 82
86 104
10 95
25 99
167 57
25 72
192 173
135 126
180 109
133 106
133 6
139 28
20 169
173 4
152 10
128 127
57 25
70 116
162 181
27 98
106 181
64 109
56 135
130 171
28 136
25 6
70 82
104 98
3 180
106 33
94 83
57 199
179 181
195 158
163 104
45 174
57 34
103 121
34 64
57 150
107 99
28 196
131 48
173 171
70 186
150 45
181 35
54 155
95 35
20 145
141 117
179 171
3 160
28 50
124 46
54 145
128 106
75 99
133 128
107 128
181 72
126 116
192 83
135 37
94 95
169 133
86 105
82 128
54 19
124 153
96 117
6 48
93 106
37 94
82 75
10 128
52 19
150 86
175 39
96 155
192 121
54 117
135 19
109 167
34 103
33 95
10 54
48 196
199 24
139 25
98 83
8 150
117 160
150 7
180 160
28 14
136 93
82 150
121 24
131 126
175 160
139 136
145 70
160 67
25 179
72 153
127 162
48 139
179 94
8 180
169 46
173 48
82 37
75 169
163 86
56 15
34 151
199 19
28 133
20 196
54 196
130 128
85 64
48 180
67 68
39 56
195 193
89 199
78 105
94 23
146 195
116 186
139 117
133 160
52 126
193 75
145 35
19 180
7 195
67 94
56 173
116 196
128 67
136 89
180 131
198 139
171 67
82 163
64 68
181 117
15 86
34 179
105 167
151 89
174 3
33 56
153 195
163 50
52 23
27 107
48 95
75 21
50 23
192 163
50 130
167 56
195 174
64 155
155 141
153 15
124 4
68 104
175 167
174 72
10 126
67 33
130 54
151 180
70 171
153 57
99 150
3 4
21 131
104 19
4 39
50 33
96 34
178 198
33 173
7 116
131 78
14 107
72 48
50 181
58 186
179 3
106 107
121 109
27 35
198 145
126 151
155 146
75 15
89 78
178 83
34 20
23 107
112 15
58 106
6 45
86 175
86 149
6 52
24 106
85 158
180 199
193 70
75 33
179 105
19 169
141 70
198 112
135 23
104 130
127 103
35 7
96 180
39 33
3 196
198 136
39 139
131 178
7 67
128 141
126 169
37 14
57 67
198 130
107 33
186 50
52 64
153 83
45 10
150 20
48 68
35 8
3 85
145 196
96 37
173 162
171 93
175 48
98 109
133 146
192 124
104 14
175 178
56 109
109 105
95 139
181 83
50 37
25 93
112 83
45 4
135 58
45 28
78 104
149 34
171 136
105 136
145 175
75 96
83 4
27 46
105 196
34 48
23 124
193 133
82 135
145 6
72 34
179 180
27 198
8 46
105 199
15 9
126 19
54 99
8 82
160 186
94 35
56 180
96 151
171 107
162 24
198 124
163 64
23 8
116 33
135 24
193 198
171 54
21 45
39 193
149 95
34 27
20 27
75 4
145 23
45 152
52 82
86 199
149 54
78 151
45 7
180 9
27 64
167 121
10 186
112 52
124 6
135 179
85 109
163 150
145 72
107 75
85 46
58 110
68 178
139 98
198 153
50 167
4 70
28 23
121 78
25 7
37 98
33 19
37 139
50 162
21 130
192 94
117 179
152 89
4 167
6 175
110 169
103 116
150 105
52 136
145 99
179 167
4 35
10 139
128 158
131 175
85 20
27 94
116 171
24 56
45 141
198 35
127 153
167 6
145 150
126 141
96 78
75 150
112 173
96 28
169 57
48 37
9 135
186 57
175 64
70 72
196 141
96 70
8 171
94 78
128 57
14 45
56 181
162 171
50 56
131 19
23 6
178 21
124 127
103 178
4 104
163 52
127 58
33 85
50 151
35 116
78 163
86 106
19 64
34 110
173 105
128 151
149 56
153 121
112 89
199 169
94 186
68 136
9 95
106 10
46 162
99 174
109 139
7 58
15 127
178 33
149 106
39 116
94 82
116 46
167 199
192 82
127 104
151 3
94 64
135 146
160 75
153 133
23 181
35 75
4 85
136 116
56 23
82 58
6 117
155 70
151 93
193 89
54 107
15 94
151 173
52 135
21 98
67 28
14 162
155 89
133 178
158 160
139 141
136 50
15 133
6 136
23 151
24 35
48 179
163 103
117 94
35 25
15 39
20 94
85 110
151 121
93 109
109 99
83 95
155 14
158 198
4 28
180 7
104 192
56 133
124 149
52 75
162 33
3 72
78 180
171 9
96 67
136 112
28 146
78 56
25 145
7 70
149 116
45 78
8 48
78 160
181 107
162 131
160 6
9 141
195 6
23 162
56 162
141 94
46 149
131 4
131 10
39 141
23 67
15 174
85 39
104 54
103 78
110 104
169 180
180 54
95 133
110 158
192 46
193 158
155 94
34 153
174 186
68 20
54 109
70 86
131 116
70 35
158 162
130 199
151 150
14 196
95 15
136 173
195 95
106 3
27 167
171 163
136 169
9 128
196 89
104 174
98 75
28 179
21 27
8 178
75 68
171 99
19 67
127 106
175 8
196 135
155 57
95 21
27 173
175 149
35 199
199 58
98 127
20 126
167 85
89 4
163 83
7 9
9 24
193 96
34 6
35 131
83 116
89 86
7 50
193 145
48 174
54 58
86 20
99 3
192 64
136 195
135 150
110 52
4 178
169 149
10 35
175 93
94 130
181 86
117 24
195 4
116 23
196 130
112 146
163 95
155 133
130 139
192 167
103 153
78 198
127 152
45 186
78 9
52 93
152 158
136 117
94 28
150 179
109 160
34 117
20 4
109 153
48 178
163 7
72 19
103 93
181 78
149 151
19 155
85 152
160 193
155 198
192 112
130 193
196 106
124 155
70 64
58 146
9 186
33 104
75 146
98 145
20 174
52 152
82 193
131 169
131 110
28 186
146 48
160 19
89 9
196 195
67 121
56 199
196 169
24 98
131 99
58 6
21 167
54 56
199 82
34 39
133 173
95 67
52 103
103 195
116 133
186 106
72 135
173 99
23 158
54 9
169 103
192 126
52 46
56 175
198 58
117 50
128 27
24 181
67 82
146 68
15 135
127 180
98 68
163 70
198 85
96 178
14 167
195 106
95 72
141 14
64 82
109 9
149 139
37 93
131 33
57 37
28 153
34 58
104 103
107 145
146 104
94 135
72 124
179 127
145 181
112 7
94 178
58 78
95 3
126 25
107 15
124 121
169 174
54 85
34 126
24 198
195 135
109 181
27 155
106 99
175 193
93 105
124 9
112 130
141 21
33 89
75 105
20 195
3 15
103 14
158 151
167 117
9 146
121 28
58 48
107 116
150 186
173 8
82 86
158 139
110 155
99 152
186 56
56 131
136 179
162 175
196 68
133 163
162 67
153 75
186 133
37 155
195 121
103 199
48 35
150 112
9 83
85 107
72 93
25 4
103 86
174 181
127 95
192 58
158 21
46 96
45 57
109 133
112 10
34 85
46 93
85 82
34 193
121 106
54 46
21 33
70 46
15 6
27 70
6 28
110 107
130 173
181 25
82 145
178 110
82 195
19 70
146 20
199 99
104 57
162 128
24 54
20 89
14 99
75 128
20 37
83 96
35 96
45 196
33 167
46 160
133 145
99 68
181 4
67 6
10 67
85 136
162 105
86 37
167 28
152 146
141 107
3 86
198 192
7 186
50 54
130 103
39 20
181 131
45 110
136 7
82 21
48 83
149 14
131 139
173 104
93 130
174 86
151 10
28 158
105 155
107 186
7 78
145 58
135 106
106 8
57 85
162 151
130 15
158 199
181 110
175 155
14 70
163 39
128 6
121 198
72 37
68 35
179 78
64 186
174 150
112 34
83 127
28 112
117 133
141 151
146 56
116 109
23 3
139 179
173 96
180 181
8 21
181 82
103 33
7 158
98 28
198 46
124 146
169 48
160 83
163 10
107 67
27 4
7 145
163 121
155 173
34 136
126 28
162 82
24 175
139 152
150 52
6 19
85 180
106 7
86 152
146 150
105 14
52 178
37 34
3 192
89 180
58 50
39 19
57 94
193 24
48 153
89 171
46 126
21 24
20 162
67 103
180 112
9 37
128 181
193 112
95 109
131 15
72 193
105 110
121 196
135 45
121 64
94 46
158 175
6 130
98 163
171 128
14 57
151 103
149 8
3 181
151 116
106 160
117 25
54 110
35 133
128 68
68 78
104 105
136 180
152 173
169 15
93 75
180 152
46 50
153 163
116 78
19 57
23 192
117 162
179 39
133 130
46 130
130 153
83 34
180 141
7 173
23 72
45 127
9 179
192 54
127 7
10 52
153 10
4 121
58 167
133 45
112 19
45 136
162 126
83 135
116 130
160 199
21 151
48 150
23 178
50 105
162 8
160 99
99 15
109 158
99 45
45 75
89 15
56 85
10 50
58 162
141 149
58 28
110 86
124 103
181 96
152 34
178 95
96 98
199 20
8 198
133 10
130 186
149 198
179 37
54 179
117 83
45 131
9 39
24 150
23 174
56 112
3 21
171 195
82 39
158 68
128 131
158 64
195 52
94 146
116 141
106 15
19 85
33 117
10 103
64 20
139 195
83 8
25 135
149 174
35 171
23 198
20 179
127 93
128 135
57 103
153 25
128 198
14 117
158 167
37 124
152 25
150 46
117 175
19 158
178 139
8 78
96 124
86 95
82 72
158 98
117 4
107 50
186 67
72 116
180 133
46 107
193 173
23 139
64 48
193 169
14 96
3 78
174 128
35 163
153 131
121 10
46 24
52 145
162 9
89 67
72 98
145 149
130 64
146 96
127 149
173 160
196 127
105 27
3 67
167 181
75 70
6 107
169 109
67 52
52 174
35 173
8 126
193 103
179 121
151 25
104 93
109 175
4 21
85 160
153 95
57 106
130 57
171 37
186 163
124 50
106 94
135 14
96 3
126 171
174 116
54 3
70 107
133 150
117 163
