200 10000
156 44
121 145
92 81
189 152
18 174
191 122
12 60
89 39
66 198
144 134
119 39
64 7
191 70
151 6
196 57
77 103
143 70
61 149
89 182
156 184
108 22
31 134
45 1
66 86
92 60
148 80
43 182
121 85
51 145
63 70
195 25
143 34
121 149
92 16
118 34
43 38
100 162
71 53
150 111
59 60
23 134
125 47
196 176
66 190
147 75
12 56
194 98
9 111
160 50
24 60
36 190
21 90
95 19
140 116
118 56
119 128
196 163
106 162
161 149
173 146
9 49
114 126
154 70
66 97
110 3
89 65
48 6
35 13
192 39
160 1
41 184
164 56
61 47
100 85
196 96
11 182
84 29
130 81
179 87
48 1
11 181
51 109
120 75
110 22
2 101
74 47
200 157
89 176
118 15
110 40
168 73
199 50
41 85
168 167
74 175
74 96
45 87
21 6
161 127
20 129
63 181
180 198
84 128
130 32
82 103
168 169
110 50
173 198
79 107
179 67
171 42
102 172
143 176
123 167
144 155
95 70
164 83
68 19
66 39
46 91
66 155
154 8
144 67
78 158
178 88
160 134
69 87
164 139
124 101
132 146
93 17
110 159
12 134
37 80
196 145
114 17
100 28
119 188
105 109
200 83
20 198
36 60
118 169
79 42
142 5
121 127
113 98
148 115
185 163
161 25
114 22
108 158
140 145
100 19
194 60
21 99
180 91
130 57
133 134
20 80
20 44
78 169
151 85
132 175
4 188
46 174
171 44
136 1
153 22
45 85
125 177
71 6
125 83
66 127
84 129
63 26
64 56
108 57
143 127
192 5
100 39
179 99
180 29
123 155
108 58
36 40
20 122
178 188
112 97
160 197
151 38
151 99
195 85
43 87
148 91
123 129
195 152
45 29
63 117
132 193
144 28
105 3
121 101
144 83
69 19
95 115
48 122
199 165
33 5
195 103
151 190
12 26
102 181
18 109
63 98
78 126
37 88
100 73
9 3
194 7
35 54
194 141
153 155
48 181
4 53
195 99
142 149
192 109
138 101
12 182
55 116
148 141
102 184
200 42
20 145
72 50
79 87
78 172
43 122
35 146
20 97
77 57
153 107
191 174
76 90
114 58
12 190
41 107
183 197
121 70
52 198
4 80
33 49
136 107
79 122
68 182
143 157
92 96
123 115
168 40
45 197
170 181
11 26
64 103
82 198
51 15
189 34
185 67
55 94
140 193
4 149
12 141
200 197
121 3
151 16
51 116
179 17
35 166
133 27
100 145
61 22
9 27
64 15
106 87
200 70
153 39
102 19
12 16
59 117
30 184
138 163
138 157
106 198
161 109
112 111
14 29
161 60
89 129
79 177
125 181
66 159
195 27
63 103
148 134
35 103
196 29
71 99
173 158
89 98
179 117
52 197
110 86
35 165
199 197
59 25
183 158
133 50
77 62
199 91
84 159
140 165
46 32
82 137
153 109
124 13
164 7
21 53
191 88
78 174
30 85
192 172
191 54
68 107
199 145
156 193
180 1
82 115
148 157
143 187
195 182
37 128
24 159
199 5
136 22
112 15
185 166
108 83
36 96
189 197
35 85
130 60
93 54
63 81
18 26
133 39
185 1
45 5
180 81
61 91
14 167
104 67
173 28
144 158
12 175
194 158
30 193
9 162
78 70
71 184
195 38
48 197
51 188
118 172
132 54
136 172
106 3
183 116
31 28
160 22
33 70
30 103
143 122
119 73
93 13
125 115
33 7
12 80
168 80
148 8
133 26
156 158
136 19
183 13
48 54
179 65
100 15
78 198
20 187
118 134
37 44
138 90
179 91
156 81
114 149
102 98
106 167
10 188
23 91
93 15
12 163
161 116
150 13
71 58
21 8
45 44
142 54
4 145
148 5
64 162
48 34
110 197
30 155
130 22
46 141
147 98
148 99
195 101
24 42
30 58
195 28
195 94
21 197
74 94
14 67
140 167
10 17
69 128
78 101
191 149
71 98
61 139
21 116
21 122
77 22
191 34
33 166
161 80
43 109
52 155
192 8
68 32
89 5
196 94
160 49
196 139
37 149
55 101
199 103
69 116
74 25
154 94
37 53
18 3
21 88
173 32
200 162
30 7
71 134
185 187
82 145
143 116
140 98
192 19
33 159
61 177
71 65
200 94
143 49
46 135
9 146
200 16
125 91
76 1
82 169
199 116
20 22
173 25
95 28
108 197
84 198
196 158
124 117
140 159
36 32
4 87
132 157
66 28
151 34
183 32
66 5
178 62
55 98
33 85
179 40
110 62
194 152
120 131
110 27
138 49
132 1
183 184
2 149
37 47
79 27
150 67
102 39
4 44
140 90
64 172
89 8
43 29
89 198
105 39
66 90
59 7
2 97
82 88
71 137
143 32
186 134
52 28
106 60
78 17
133 177
120 96
18 188
196 99
114 117
11 188
104 75
119 62
151 157
76 145
10 107
41 28
93 26
118 197
61 8
194 15
61 155
191 137
114 127
71 115
45 152
79 44
106 107
156 3
24 158
118 83
113 56
55 54
125 57
77 175
189 6
183 169
196 8
20 172
108 126
133 86
61 141
35 163
151 87
106 115
41 58
9 86
79 111
180 111
12 127
180 65
118 182
21 115
4 88
113 62
113 38
105 134
105 28
192 29
2 188
147 107
84 137
89 58
196 67
200 19
119 190
142 3
66 103
138 129
161 117
125 155
52 83
100 107
52 15
142 181
114 67
102 126
71 175
31 34
120 111
199 38
119 187
14 159
102 65
24 19
121 29
153 157
72 26
147 56
186 129
110 94
93 5
79 145
95 85
2 94
186 44
185 85
179 1
132 91
11 116
143 53
102 5
82 146
168 28
9 42
52 109
140 175
114 137
41 57
114 157
154 187
112 103
154 176
74 99
92 107
31 184
68 169
108 169
61 65
170 174
154 181
153 19
156 188
168 90
144 96
110 54
92 57
84 190
171 103
118 90
37 157
186 25
37 62
95 13
100 122
72 126
144 101
113 181
82 39
136 94
84 73
148 1
156 49
21 54
110 44
79 56
185 86
113 163
195 1
148 181
153 99
164 122
89 126
55 139
195 188
11 99
153 50
84 67
123 127
183 3
20 98
76 169
51 158
68 97
2 1
68 3
84 127
63 155
24 6
35 73
71 3
105 197
144 87
196 103
11 134
164 193
156 22
189 163
36 49
150 62
192 62
124 94
133 111
68 13
195 181
160 128
46 16
18 8
114 129
112 94
74 5
95 54
144 47
138 127
192 53
173 13
100 81
33 131
46 188
43 127
156 115
108 28
36 115
118 155
171 32
77 127
118 88
123 56
168 54
45 53
59 109
20 177
194 57
183 75
196 6
148 87
199 1
59 17
160 163
104 7
147 158
173 137
150 96
164 149
21 85
71 152
168 47
63 193
46 122
59 107
24 157
194 28
108 149
64 193
140 8
66 27
46 19
30 163
180 85
93 99
130 152
114 15
23 67
118 174
23 129
132 86
23 127
160 111
18 6
178 96
114 57
77 193
200 87
171 27
69 80
24 198
180 80
23 159
95 103
113 139
133 85
84 155
82 19
123 25
164 90
51 128
114 44
43 163
153 90
132 50
140 190
195 19
100 25
82 109
191 111
161 197
71 117
66 65
66 163
124 7
55 137
133 88
76 122
11 128
189 16
113 176
92 26
130 146
45 184
84 86
108 172
148 81
84 83
51 122
108 39
147 126
147 25
151 117
121 86
59 187
153 91
68 73
199 49
138 81
199 32
156 135
173 67
199 29
112 27
76 25
123 81
147 15
123 87
199 141
24 101
186 85
64 198
150 146
154 65
21 181
2 166
20 32
18 50
4 182
150 167
41 169
43 155
59 146
148 96
118 146
133 97
194 131
150 53
59 62
100 111
106 83
30 32
36 97
59 174
78 166
112 174
133 7
4 155
36 7
153 176
173 169
24 146
132 40
108 163
45 25
102 134
12 39
183 73
142 58
61 96
52 25
10 162
194 5
72 60
170 166
89 15
33 60
76 29
160 90
154 131
199 101
178 197
92 99
69 91
36 162
171 129
180 54
55 167
192 167
45 67
12 187
130 182
199 19
179 162
151 96
105 91
196 159
124 103
23 49
71 91
55 175
104 157
66 116
168 58
72 187
147 22
9 65
43 107
14 17
69 47
37 96
183 126
171 83
68 159
132 47
11 1
130 103
76 149
11 58
78 75
185 62
14 73
147 5
140 86
51 135
68 60
144 70
114 116
160 158
133 198
21 75
30 16
144 116
160 137
55 172
185 157
66 53
123 152
61 162
121 67
164 60
160 73
100 1
138 109
55 56
71 111
64 83
164 13
64 101
179 53
66 3
48 47
179 98
30 122
35 193
132 127
55 28
147 175
106 139
78 15
171 131
18 117
76 58
2 47
153 158
154 5
77 3
138 174
45 94
185 98
30 15
120 28
195 90
151 162
120 137
105 167
132 7
153 193
161 159
161 166
186 193
46 50
31 158
55 3
121 42
108 8
142 165
125 172
2 29
178 70
108 1
151 158
24 40
119 17
102 80
180 3
78 6
192 87
154 16
104 141
33 99
160 166
140 131
20 75
133 101
43 81
37 58
154 139
46 65
178 42
9 145
140 163
121 65
156 15
46 96
61 13
59 29
179 165
30 28
37 34
79 34
150 109
136 47
18 149
77 141
102 83
2 167
45 22
21 135
156 157
148 175
93 42
196 166
183 137
113 134
195 145
142 167
156 70
66 73
179 193
138 107
78 19
100 87
11 115
104 60
33 25
189 126
74 146
55 83
192 193
168 115
168 34
178 184
33 111
171 34
194 42
100 38
110 184
76 75
153 98
168 6
45 166
55 57
160 13
24 128
51 198
51 54
21 141
33 145
78 44
2 3
9 175
156 83
161 177
4 111
41 40
199 34
108 90
82 157
21 139
179 81
147 184
74 27
92 47
185 39
10 56
164 28
48 98
194 109
31 187
153 25
114 80
105 88
36 57
125 54
20 109
64 187
30 131
95 162
120 139
31 117
144 165
118 145
21 184
95 88
160 39
194 67
82 83
196 187
66 17
123 176
121 165
154 25
120 122
124 176
160 115
31 152
136 128
161 39
108 116
186 116
168 139
132 111
118 5
10 129
179 134
151 97
36 139
142 190
30 157
20 126
72 145
52 103
130 98
147 163
133 176
123 5
84 131
63 152
114 27
178 44
125 103
185 107
199 175
9 39
124 49
194 26
30 75
105 65
79 6
132 107
21 86
153 135
178 81
170 158
100 47
20 175
66 83
150 141
132 17
100 5
195 47
11 98
76 163
151 42
55 129
110 38
120 198
35 75
140 56
185 56
133 60
45 57
72 141
119 32
45 149
170 134
161 176
189 80
123 32
136 135
46 134
147 99
14 135
180 75
150 56
76 83
147 32
30 60
93 139
136 6
2 181
105 17
151 122
144 131
104 101
51 163
105 182
142 40
178 166
35 101
140 26
78 94
48 22
148 42
125 1
138 181
113 50
20 16
2 57
170 3
192 96
9 58
37 131
189 122
105 149
144 17
164 182
33 187
69 155
10 127
55 8
51 70
24 163
118 50
30 42
10 101
14 86
33 56
150 57
102 115
192 198
21 149
55 73
36 193
183 99
112 146
95 34
93 25
76 158
186 111
123 157
68 181
173 6
20 81
138 70
66 62
136 88
194 149
64 137
150 25
114 60
69 109
170 73
48 149
48 83
118 3
31 135
2 53
68 122
125 111
37 75
191 184
66 99
24 44
66 54
84 34
64 117
68 54
124 88
100 96
110 181
52 13
35 53
100 174
79 117
11 27
130 44
148 54
108 3
33 128
161 28
143 17
133 17
18 96
72 34
51 29
31 181
160 190
143 50
77 188
37 169
31 115
105 101
156 122
142 131
113 80
24 7
63 53
66 49
48 13
33 28
92 97
120 90
92 19
68 81
123 182
79 198
74 81
171 182
136 149
191 116
171 65
37 137
140 177
59 155
55 176
136 75
31 15
74 198
41 117
113 182
185 159
41 5
77 145
168 198
41 17
84 40
100 32
196 198
106 190
78 50
68 16
156 129
31 81
150 17
35 188
200 117
151 5
51 67
148 162
189 182
164 163
118 137
78 88
150 87
102 50
106 172
93 184
74 19
154 197
124 131
30 6
89 115
164 155
180 181
105 129
183 44
79 96
110 134
10 158
150 90
20 134
105 96
92 32
171 57
114 177
119 7
76 87
61 42
37 172
14 49
78 38
186 135
61 198
110 149
102 28
143 135
153 62
76 197
161 13
120 94
63 6
63 85
82 94
4 176
153 57
119 22
179 115
113 25
23 190
9 188
143 139
156 181
18 54
199 16
112 38
69 107
161 193
37 32
45 193
150 99
63 99
189 90
31 193
150 91
185 146
161 94
148 184
77 26
106 101
33 16
160 98
164 135
121 116
12 34
55 107
185 155
156 152
154 116
185 117
72 177
161 91
178 25
136 131
93 80
168 176
168 50
11 141
18 129
133 117
31 40
108 188
66 166
144 184
170 175
51 86
164 94
154 53
36 176
74 126
200 141
125 166
119 99
37 198
170 75
20 73
136 122
156 131
66 141
33 97
171 137
46 90
164 172
179 15
105 103
173 135
35 162
82 177
192 97
21 111
143 167
136 26
24 187
136 155
132 28
41 90
108 137
185 54
151 116
78 188
173 159
119 15
173 90
120 67
52 38
200 17
186 19
178 177
189 157
132 145
43 166
46 98
74 127
79 57
124 158
33 62
148 83
194 34
125 149
114 181
55 103
133 152
36 166
61 19
104 13
30 98
142 174
12 75
37 165
11 91
63 127
143 29
11 96
105 8
63 83
93 188
48 60
179 60
170 188
171 47
45 27
200 44
124 162
72 175
140 65
89 175
173 80
179 54
200 75
123 146
138 57
189 40
173 193
48 91
69 141
84 97
124 54
180 131
104 53
89 83
43 13
69 34
72 190
104 115
92 103
2 152
194 32
132 188
14 176
20 62
84 139
183 15
110 16
186 158
113 91
82 8
69 174
63 109
52 177
9 116
71 39
46 27
112 193
20 107
51 184
144 97
191 107
185 91
78 187
104 73
194 44
2 165
89 94
148 109
4 96
124 50
2 60
124 73
24 25
121 8
74 155
179 163
171 115
168 62
143 42
170 145
136 58
161 85
160 27
173 53
179 58
61 27
61 97
76 162
46 94
24 3
69 86
41 42
92 117
66 197
120 197
18 60
82 165
72 91
45 107
191 85
68 141
180 98
105 44
104 197
150 129
93 166
11 73
43 39
186 99
171 174
108 56
100 188
77 50
108 87
24 165
2 38
183 175
189 172
95 40
10 181
64 122
151 44
119 13
173 96
10 166
144 111
77 49
104 40
76 137
194 175
66 139
178 145
82 56
180 73
185 42
170 6
148 131
14 81
4 6
82 163
154 44
11 129
123 13
124 27
41 19
154 34
69 135
143 15
105 165
108 159
43 58
66 75
89 166
105 49
154 13
170 96
148 60
191 91
118 99
132 15
138 53
124 62
14 187
185 137
48 188
93 158
105 15
124 3
186 86
79 75
164 101
178 107
178 7
82 86
82 85
113 73
69 162
130 50
18 162
105 175
4 13
79 197
108 44
140 149
106 165
186 174
45 97
51 53
151 107
51 73
55 38
23 62
20 152
12 97
171 177
170 97
191 29
123 15
21 62
23 81
71 62
143 67
64 50
31 167
9 128
76 49
77 177
151 145
144 54
106 40
133 25
41 163
64 91
74 116
48 87
194 53
125 42
93 162
108 49
108 184
52 44
191 197
21 1
119 25
199 67
71 47
148 56
46 13
114 172
191 42
63 101
194 83
14 145
52 16
112 19
105 7
164 175
23 38
161 126
63 159
192 128
189 190
4 175
36 27
106 146
186 176
151 175
112 96
36 26
77 75
170 167
125 44
113 128
43 149
71 174
23 5
132 27
130 54
46 116
118 25
10 152
113 155
170 117
23 158
164 87
104 198
11 25
142 127
61 58
142 90
120 141
10 157
148 152
74 162
104 99
124 53
24 97
4 109
89 155
160 28
142 39
82 26
104 193
192 3
130 40
41 149
33 27
150 16
153 67
160 116
68 75
61 131
120 101
120 162
120 115
199 155
71 141
164 25
61 134
112 40
102 49
52 57
112 152
95 57
31 50
130 56
170 127
78 197
21 57
132 90
142 163
170 49
84 169
104 88
196 165
14 47
31 177
102 155
59 126
95 166
112 54
113 152
2 131
200 145
142 172
63 137
113 115
72 111
164 75
114 122
140 19
143 75
143 126
136 85
74 115
37 50
64 177
147 42
191 5
150 103
170 182
102 103
89 73
18 88
23 149
119 58
71 1
18 182
179 157
4 70
61 32
31 126
132 198
183 122
30 162
33 13
31 162
64 169
160 3
55 67
144 122
130 7
51 38
132 177
100 165
102 175
173 86
136 169
41 73
76 190
84 50
63 96
125 134
191 50
192 58
112 175
200 6
110 34
48 40
114 111
100 57
132 80
123 181
136 3
23 85
189 134
133 54
156 155
74 128
92 7
64 22
82 62
92 50
186 8
95 141
133 22
59 115
100 116
180 149
41 80
51 83
72 96
120 181
63 34
77 157
108 139
93 94
24 13
33 137
120 58
195 166
18 16
30 94
192 1
170 198
104 158
52 53
84 163
92 80
55 146
93 81
9 187
170 16
144 3
130 80
140 155
93 193
161 32
160 175
82 1
10 1
170 70
144 188
124 174
31 25
31 182
186 22
89 169
180 15
121 38
106 127
37 7
14 96
185 145
133 109
4 99
77 134
112 70
93 49
23 175
102 159
74 54
79 188
104 177
105 169
82 27
77 197
52 75
41 131
125 131
36 177
112 80
69 126
113 60
79 129
151 198
12 13
20 111
130 172
48 65
9 184
36 47
51 60
82 167
121 175
178 91
12 193
108 117
104 94
11 135
168 38
104 149
156 58
74 193
121 97
161 107
112 187
74 67
196 62
9 167
102 53
11 190
189 155
31 16
114 6
143 137
148 65
31 176
119 19
110 26
171 6
121 50
55 42
12 159
133 3
144 99
183 7
113 88
18 15
78 109
114 109
95 49
124 187
2 116
14 188
136 175
45 182
35 127
189 56
95 56
36 184
41 101
154 127
9 91
35 169
92 22
143 177
121 146
185 128
93 157
23 1
76 157
41 96
20 54
156 7
106 99
71 13
64 87
41 103
18 65
123 67
4 40
156 145
150 172
123 7
78 177
43 135
46 97
78 90
150 163
93 67
154 60
93 103
200 159
30 91
43 111
79 98
161 158
180 187
147 91
121 16
100 6
138 28
143 8
9 172
84 115
84 103
33 155
33 135
144 181
102 85
121 174
132 13
4 86
95 163
93 34
113 165
100 115
189 38
52 49
92 159
125 190
10 8
120 8
89 165
4 91
118 44
195 169
21 128
136 40
178 190
164 85
119 182
142 188
192 70
102 70
106 56
136 181
200 85
178 176
43 75
84 80
185 181
23 88
199 26
191 44
170 17
196 25
161 75
43 86
59 197
14 197
114 152
72 172
64 188
14 166
100 26
171 70
195 193
185 19
21 109
112 53
74 58
168 197
120 128
37 116
147 26
110 56
52 87
18 131
144 86
119 145
124 60
171 50
180 103
41 65
183 16
154 146
164 131
144 53
156 1
118 176
74 17
153 122
178 115
170 122
110 169
100 67
46 29
196 137
84 166
120 190
69 197
31 39
144 172
45 34
102 38
64 182
178 139
30 169
110 187
138 139
124 25
150 122
35 27
77 29
147 97
95 99
68 145
195 56
118 47
118 73
192 187
51 17
41 7
118 188
66 70
59 181
11 22
59 165
200 81
24 75
46 22
171 86
76 26
173 128
69 58
52 129
76 128
150 19
100 176
199 169
121 177
63 8
183 165
21 129
173 62
121 88
45 117
48 16
142 62
185 5
51 177
102 81
74 152
10 91
10 117
18 58
69 177
121 62
132 126
51 167
125 80
31 65
142 141
140 6
23 29
142 47
63 188
125 137
113 101
124 177
69 157
143 174
21 13
74 158
153 81
150 29
10 172
136 62
37 8
140 25
41 109
14 53
170 98
168 193
136 129
23 184
2 58
79 58
164 16
143 149
2 26
72 107
95 169
168 17
89 197
51 85
153 184
12 101
68 187
124 17
74 111
69 190
171 80
194 19
200 57
48 97
35 38
154 182
192 27
68 70
125 174
186 40
43 167
55 39
133 149
95 149
151 109
30 70
95 98
183 103
180 176
30 177
106 58
191 127
89 85
113 58
72 182
124 47
37 187
151 56
43 145
10 175
30 5
66 137
194 126
156 86
150 152
136 8
119 8
118 29
114 1
170 7
79 99
41 128
78 122
41 122
30 139
35 49
118 6
51 181
119 29
156 96
110 88
118 70
112 57
31 188
144 88
20 146
196 50
192 22
191 99
9 22
100 29
112 101
186 32
161 198
200 39
71 40
121 49
2 70
104 39
61 60
199 177
95 198
140 83
154 172
36 111
45 135
33 163
104 5
168 44
194 197
76 81
66 85
41 83
178 128
130 126
199 159
119 176
133 126
144 19
125 34
64 38
142 80
45 190
180 44
59 127
21 25
160 26
77 19
77 165
185 135
191 15
180 19
142 60
51 172
153 141
168 101
170 94
79 115
9 155
140 181
110 167
59 158
20 139
168 141
120 65
173 176
95 146
79 26
142 122
123 29
4 32
63 141
151 26
164 115
2 175
108 42
36 38
12 54
143 115
199 126
170 103
102 109
100 166
55 5
121 159
194 145
79 65
30 96
120 107
4 152
45 42
168 177
161 49
10 141
23 117
23 182
153 131
189 193
84 44
23 39
154 155
106 181
144 22
106 70
147 198
69 49
168 131
71 60
171 158
189 107
18 169
20 53
68 39
64 176
2 34
180 87
189 141
93 129
35 141
14 152
191 145
112 16
51 115
119 90
179 47
125 17
124 190
114 87
76 56
194 111
118 8
51 62
147 6
148 145
183 177
12 85
78 80
180 135
31 47
33 198
68 86
140 127
104 190
35 62
124 134
147 188
84 182
150 177
133 131
119 155
4 85
4 184
164 181
11 152
156 116
150 86
156 5
164 65
121 73
150 198
21 198
178 117
35 152
78 27
11 40
112 131
21 146
114 83
154 42
120 25
77 162
142 34
186 117
69 101
160 80
153 166
82 54
118 27
100 53
24 49
84 134
9 115
150 116
95 81
156 39
64 32
123 175
138 91
150 135
63 182
64 126
183 28
74 53
33 44
185 83
154 7
63 39
64 86
33 107
192 135
77 32
76 99
36 181
196 5
43 49
12 184
77 73
138 85
74 49
92 169
108 27
136 127
161 134
45 40
186 184
71 166
138 6
156 127
200 40
51 94
64 158
199 56
186 182
180 16
24 16
71 128
21 177
59 8
110 198
113 40
185 182
4 58
179 172
191 175
143 56
186 29
144 163
154 15
89 3
136 86
12 50
105 176
194 139
183 190
130 53
179 127
41 87
191 163
41 159
23 163
192 158
144 58
100 80
102 1
108 145
71 177
31 58
14 54
108 25
2 8
64 3
82 34
66 58
46 129
71 126
196 97
52 39
183 98
183 19
89 190
46 128
51 16
92 75
23 57
76 96
89 99
72 128
150 22
12 29
148 117
148 75
95 172
138 198
189 158
106 6
113 75
143 134
132 149
200 128
23 16
77 27
92 187
144 175
12 90
78 98
164 116
125 129
113 17
104 122
76 115
59 81
178 146
36 187
164 6
200 115
23 174
194 97
124 65
77 131
142 50
121 87
36 126
36 135
52 117
4 17
191 67
84 42
178 127
119 101
48 27
61 29
71 97
71 7
61 165
89 32
66 145
140 13
108 19
43 190
168 87
143 94
179 167
121 91
178 182
61 115
100 75
102 157
2 197
11 7
153 26
89 187
183 187
171 159
61 44
133 145
148 116
195 96
132 87
194 163
51 50
18 167
183 39
10 98
59 101
138 99
195 162
45 15
171 40
33 176
59 22
78 128
125 107
52 88
138 80
93 135
150 58
192 81
18 62
52 167
104 22
180 163
48 94
68 137
24 58
14 141
59 184
77 166
82 98
71 96
154 99
106 22
194 16
171 190
71 103
89 131
68 188
150 28
124 81
48 193
48 177
150 73
132 8
77 38
147 181
125 13
160 169
200 26
11 88
186 126
9 166
84 184
55 49
199 131
46 149
51 101
133 5
108 129
59 73
95 50
52 80
10 184
31 29
186 54
179 109
120 187
113 174
168 163
170 184
142 7
133 44
151 127
74 177
156 176
41 56
119 134
186 49
173 7
20 47
59 3
119 103
110 163
63 75
92 101
173 165
196 80
48 176
189 139
10 6
173 174
150 158
30 172
37 13
59 75
108 131
14 65
95 67
132 57
108 17
130 116
89 25
35 39
171 38
191 101
31 172
92 109
63 16
156 42
48 73
113 42
196 117
144 26
192 169
14 87
196 44
37 141
36 169
46 184
148 176
105 172
147 47
61 197
68 80
105 50
33 17
150 174
46 175
45 54
123 128
41 167
196 16
112 86
106 65
140 126
150 98
10 50
79 40
93 126
72 17
183 80
171 163
23 152
140 3
106 159
77 111
92 6
156 47
170 19
150 40
78 67
63 56
142 137
93 181
186 88
183 85
24 91
55 87
112 137
92 127
124 70
142 176
14 1
23 146
71 83
89 134
183 146
160 70
140 169
77 39
106 28
154 190
123 42
140 32
14 99
20 86
46 49
171 96
69 26
82 75
33 126
21 32
200 99
37 101
123 3
199 17
69 152
33 103
66 34
200 155
92 88
18 134
194 115
69 166
113 13
89 40
95 134
138 97
43 188
185 174
125 158
151 187
72 103
108 32
120 184
147 146
189 88
18 165
102 146
138 141
196 129
200 175
192 40
104 65
153 163
72 131
112 122
37 177
78 53
199 8
59 167
130 137
2 16
200 88
147 190
18 145
108 70
123 141
72 184
148 15
189 162
61 111
43 32
119 94
113 129
72 158
105 40
43 8
36 109
12 49
133 57
72 75
35 96
143 91
130 16
148 146
105 139
45 91
106 54
64 58
2 27
179 38
123 165
136 42
125 87
77 139
63 111
178 122
37 117
71 101
59 57
11 32
133 49
185 96
195 57
133 94
125 188
84 6
9 176
76 60
82 111
186 91
10 75
72 94
48 127
130 174
132 49
108 176
2 87
12 62
36 83
189 5
164 81
147 19
43 27
112 62
178 155
104 167
59 159
194 116
119 137
125 127
150 7
33 8
138 87
171 8
24 80
12 181
68 139
89 90
78 141
45 99
11 174
108 107
106 47
178 103
120 126
69 53
138 54
10 34
76 22
114 90
92 40
113 90
66 19
45 128
21 166
168 172
41 29
82 188
173 134
45 73
23 137
59 83
178 129
82 172
123 198
142 159
147 50
186 149
82 139
179 56
20 87
69 122
69 167
23 157
104 19
133 139
195 16
192 60
113 16
36 15
79 126
69 172
148 198
143 96
48 107
61 193
196 174
61 175
132 5
125 116
89 177
10 57
78 162
105 155
140 158
118 111
178 167
123 17
92 1
55 15
78 62
161 27
95 94
161 167
69 98
179 22
200 98
183 65
130 86
23 26
113 109
168 165
118 193
68 58
102 152
89 44
153 117
164 98
133 174
72 198
147 129
185 80
173 155
192 190
46 47
100 137
93 53
186 57
114 166
123 91
110 137
153 159
125 126
147 83
48 28
154 86
35 32
48 159
132 62
185 44
4 94
192 65
30 109
102 190
12 38
153 126
69 149
82 174
164 165
200 109
68 109
113 122
89 111
11 39
108 80
24 83
120 146
30 26
120 169
114 13
82 25
84 3
66 188
2 98
55 90
161 29
35 7
61 101
4 187
63 17
104 146
4 146
138 155
199 94
110 97
154 17
61 122
186 169
112 167
59 139
120 157
143 188
151 165
31 190
110 25
171 167
173 107
161 16
102 193
93 7
161 62
93 75
186 167
151 73
20 8
179 42
179 101
106 135
72 53
4 158
171 1
192 80
9 13
84 152
189 70
72 139
33 80
200 54
72 80
156 28
10 27
31 166
9 53
124 40
11 67
61 7
43 65
160 127
154 1
35 34
63 174
173 15
120 57
14 131
125 56
160 167
171 22
185 90
195 158
148 88
35 116
102 57
173 27
156 73
35 6
63 165
195 146
76 131
52 96
168 111
119 117
136 73
24 99
148 190
21 182
119 6
11 175
153 3
130 42
112 60
173 39
41 166
24 90
69 56
123 34
136 117
180 193
102 26
89 109
4 131
84 165
112 162
113 8
164 157
151 174
124 172
140 49
123 117
35 172
178 94
11 169
21 47
72 87
69 8
112 157
143 190
14 8
52 40
36 22
194 8
55 53
64 6
48 39
118 54
192 126
43 17
68 56
183 88
77 88
74 181
110 115
130 198
113 167
104 32
79 1
35 134
72 42
180 58
37 6
35 67
151 39
41 157
196 98
68 38
168 86
24 27
46 172
24 129
147 117
102 169
30 99
23 32
79 101
93 152
18 53
36 81
104 107
144 94
195 98
185 40
37 38
76 184
77 83
173 122
123 111
10 159
142 116
183 135
45 47
120 127
12 73
37 109
37 122
106 32
125 8
10 163
186 39
14 15
45 3
46 137
9 174
74 166
130 163
130 166
130 13
72 27
93 182
9 70
59 145
140 137
55 47
142 15
93 47
35 176
132 182
138 32
30 22
2 184
95 7
142 135
199 172
124 22
55 19
30 86
61 157
66 128
102 13
20 15
100 34
124 137
92 83
100 128
140 58
136 60
102 163
9 81
171 117
105 127
89 193
179 128
168 22
21 117
118 129
4 42
21 190
10 15
186 81
185 70
113 103
189 15
154 62
59 169
79 70
69 1
79 159
71 44
130 165
200 111
92 98
95 38
59 175
173 29
123 174
77 97
41 146
66 57
144 50
46 145
136 7
173 145
64 111
144 182
41 155
52 163
195 122
132 85
113 137
95 174
171 127
21 50
71 159
41 134
124 182
125 16
168 96
33 42
194 177
68 166
63 38
12 8
18 19
33 94
124 80
119 98
123 40
173 49
78 117
143 193
118 17
199 166
185 81
138 111
31 91
82 29
130 181
200 7
71 15
21 162
183 50
18 80
48 80
151 177
92 70
105 54
170 109
130 109
170 54
71 176
77 176
125 90
104 116
192 28
82 73
191 115
160 126
64 75
69 134
108 62
183 97
189 32
72 181
178 65
12 158
199 139
76 188
168 94
61 135
105 70
48 67
147 172
168 129
154 50
20 163
119 167
130 91
14 50
154 96
23 139
68 17
51 39
12 1
151 47
24 172
46 115
151 152
72 98
161 129
55 145
76 97
133 53
110 19
9 44
148 73
46 34
52 99
199 57
183 145
63 49
36 158
164 177
71 145
59 135
170 128
183 167
31 96
64 107
82 32
173 85
123 98
125 162
10 115
104 34
150 39
102 90
178 193
71 122
136 17
121 157
189 129
30 65
123 190
160 83
194 187
170 83
179 94
78 116
95 190
68 198
63 50
148 128
52 70
4 167
41 193
138 159
186 83
192 88
52 60
118 139
112 99
140 162
37 28
192 182
164 39
31 175
196 81
104 152
195 149
164 187
104 128
18 87
33 91
183 176
69 127
41 181
180 38
136 163
173 101
195 67
185 34
118 16
194 90
192 25
69 169
79 135
4 135
130 101
156 182
52 172
186 6
142 193
147 3
179 62
110 8
36 182
173 38
180 56
92 85
33 141
74 57
4 117
106 17
110 29
4 165
136 139
136 126
46 40
46 62
114 7
66 187
35 111
195 176
43 165
189 146
168 188
160 135
178 32
156 98
124 8
45 157
106 81
186 34
178 38
136 177
196 155
173 26
9 117
180 177
153 47
200 3
189 67
51 182
74 139
189 94
30 146
76 28
119 193
51 129
20 38
82 193
23 193
74 149
171 56
143 73
20 103
173 50
72 129
114 145
37 158
45 81
153 101
95 29
76 111
48 190
119 86
200 190
147 135
100 109
46 73
138 175
185 6
153 175
71 42
66 182
114 39
66 101
151 188
36 129
18 193
79 149
12 86
106 176
37 67
164 128
136 87
199 198
79 60
76 126
112 188
31 75
133 32
170 169
18 28
79 29
100 187
2 7
171 134
154 141
12 3
78 1
66 87
74 137
78 40
171 157
64 16
43 141
45 16
108 97
11 117
92 182
104 1
113 15
21 44
142 1
11 49
164 47
125 5
153 115
179 131
168 99
144 40
110 49
121 26
4 28
11 65
64 42
191 56
160 65
72 174
12 176
142 75
199 87
168 81
10 42
35 60
48 184
76 8
160 96
74 85
48 116
14 181
63 177
84 117
151 13
92 58
186 27
10 53
140 152
93 163
2 172
194 65
170 152
130 25
82 141
20 176
43 197
183 128
48 88
45 60
199 163
46 25
72 6
195 126
132 34
14 28
55 27
52 32
120 155
110 90
119 1
140 81
142 146
151 172
140 197
200 28
170 26
84 116
153 16
189 19
33 116
21 5
95 91
14 42
130 131
20 65
31 32
121 27
64 197
148 135
51 28
195 141
82 197
71 155
120 47
121 75
195 5
110 177
51 7
156 134
110 6
9 109
24 141
92 27
180 13
37 40
33 57
125 27
161 47
183 5
93 176
108 88
35 131
138 166
179 70
64 34
95 176
100 50
161 96
55 190
102 127
151 146
72 116
102 111
110 122
74 8
154 57
106 90
76 65
20 167
68 162
196 39
105 184
179 177
124 83
148 103
14 172
142 27
69 90
41 187
37 190
138 5
43 146
106 86
120 29
123 75
195 175
183 1
51 6
36 8
14 60
124 28
20 188
21 3
23 7
43 85
183 162
195 88
10 97
55 157
156 6
77 126
160 117
89 56
72 38
147 87
92 3
55 169
4 193
20 197
104 109
68 174
79 19
2 159
199 109
156 97
12 167
77 96
79 137
21 60
30 135
125 152
110 87
133 73
160 165
170 162
191 3
178 17
136 25
12 57
138 94
84 126
194 73
120 38
92 149
52 97
164 26
191 165
72 152
119 111
36 88
105 131
132 116
114 131
147 128
121 169
195 13
112 127
9 34
108 50
77 5
130 67
10 149
196 152
118 184
168 3
160 67
31 49
9 169
55 44
77 7
59 5
30 56
185 109
30 174
168 126
194 29
186 90
191 176
168 181
144 129
161 122
160 56
95 101
37 85
33 19
142 152
164 38
93 197
43 26
55 29
186 128
199 81
178 54
79 81
185 60
118 167
14 5
76 139
156 56
79 103
200 80
138 27
154 80
161 3
112 115
69 115
164 126
125 39
110 58
61 103
192 98
9 19
148 53
113 127
36 174
186 87
82 187
144 49
45 70
121 58
200 58
147 122
119 54
143 172
124 34
142 184
35 184
20 88
105 181
2 88
191 87
2 127
138 22
11 86
78 3
30 166
154 101
180 146
112 17
51 155
120 53
14 38
100 197
154 174
132 115
104 25
43 98
200 134
24 86
108 13
121 155
151 166
200 73
191 83
64 90
24 85
61 176
71 22
24 197
102 187
4 1
48 146
121 44
160 107
82 129
153 28
51 146
36 198
18 1
76 166
110 73
150 175
192 44
33 165
183 62
191 146
79 54
180 157
100 88
72 62
112 139
143 5
114 128
31 163
178 141
104 42
48 198
118 97
164 19
138 58
78 137
173 40
61 182
35 175
143 39
180 47
112 91
74 80
180 8
95 188
130 94
154 117
140 141
36 152
36 167
33 174
186 3
100 70
21 165
108 15
194 101
92 188
95 44
143 38
92 56
55 70
179 139
114 139
120 135
123 135
200 146
41 94
48 86
189 28
72 49
199 73
71 28
194 165
30 182
69 25
68 34
106 163
147 167
9 7
106 57
10 103
12 22
118 40
105 67
171 3
66 16
113 94
77 6
114 98
24 181
180 32
144 139
200 167
33 90
9 57
30 57
11 158
143 62
170 155
195 127
120 174
4 7
43 88
192 145
123 70
148 32
180 42
121 129
171 15
64 128
4 169
18 99
119 50
43 70
41 152
55 97
93 198
110 60
138 44
106 145
143 141
130 99
124 197
119 146
71 49
191 97
151 29
160 75
178 29
41 190
150 49
11 193
77 181
2 177
136 174
77 174
61 90
46 57
133 162
124 166
133 169
12 165
154 90
79 17
84 47
11 81
52 81
121 184
11 101
14 134
104 162
76 103
191 181
180 40
138 25
68 184
153 169
140 5
160 103
35 80
112 169
72 149
106 15
74 26
183 94
147 27
78 163
125 88
144 13
194 162
121 96
59 15
120 87
154 75
195 135
89 75
170 40
61 56
153 145
9 165
18 83
173 81
132 137
95 165
144 126
180 174
102 137
119 44
119 126
180 28
64 49
9 16
10 87
4 181
20 162
52 182
114 99
108 127
10 137
68 15
170 38
2 158
168 117
69 81
18 32
173 129
173 187
2 107
55 159
35 42
35 122
144 8
59 116
36 67
114 49
138 26
14 162
180 162
154 134
45 131
106 26
41 34
124 155
59 6
21 17
185 101
110 127
59 131
24 167
140 115
112 44
4 57
76 193
104 28
179 86
173 5
192 137
89 107
142 97
178 80
46 182
77 13
4 34
64 81
35 40
24 109
76 159
52 159
31 70
110 190
36 116
92 134
194 167
95 197
74 163
161 26
180 115
82 13
76 155
121 80
45 96
89 157
23 65
93 87
192 57
196 128
196 169
61 146
93 85
82 38
123 158
84 38
9 8
76 17
153 86
142 107
95 97
189 137
112 39
153 152
171 169
18 139
118 53
104 127
199 90
63 91
36 98
46 17
41 176
120 165
64 25
153 8
66 96
36 5
120 129
104 97
199 152
102 27
51 197
133 83
180 107
9 47
185 129
43 7
24 56
79 127
156 139
195 7
170 107
192 15
46 157
130 159
170 81
140 187
35 109
121 162
10 13
72 97
121 117
102 60
140 29
118 87
199 40
24 182
178 86
164 8
148 62
195 139
63 22
110 85
104 98
48 38
144 75
186 13
36 141
92 94
84 162
55 17
154 39
161 165
74 131
105 53
136 67
55 85
147 182
136 157
14 165
10 47
14 174
63 97
171 7
71 131
52 166
114 38
52 86
156 62
24 54
48 7
170 62
180 166
48 182
51 107
124 169
9 99
186 157
64 67
30 149
199 146
142 13
18 22
164 44
23 188
183 111
179 5
123 6
196 193
43 101
31 198
11 145
143 65
93 187
147 115
191 198
148 97
37 60
78 182
150 193
125 128
144 98
124 165
84 7
161 187
69 42
136 54
138 126
113 29
82 128
23 83
92 135
100 182
11 38
93 175
4 116
92 175
121 94
18 152
12 126
63 169
59 128
186 159
118 141
196 135
144 162
33 197
143 159
189 47
23 135
89 54
63 176
186 101
66 117
191 25
147 17
136 28
79 152
84 28
71 90
105 22
74 97
133 141
46 88
200 181
121 90
120 32
112 67
199 15
64 116
150 137
132 26
148 187
191 177
186 127
200 158
18 98
10 54
171 107
31 155
45 50
191 128
71 149
195 44
68 149
153 6
61 81
180 90
10 122
118 80
59 80
161 56
124 152
14 149
185 25
61 3
105 98
153 58
194 75
11 157
114 176
37 22
24 115
195 29
179 6
161 1
46 166
164 22
68 65
196 172
18 97
102 141
18 190
105 198
78 13
18 94
95 87
140 67
2 90
120 42
119 16
46 58
84 172
46 103
179 129
20 190
138 149
106 152
185 47
114 73
18 57
102 29
136 152
161 175
84 22
186 47
160 94
132 83
119 159
52 56
150 188
168 98
142 126
110 188
171 146
36 91
79 22
20 115
31 101
46 152
61 62
46 109
118 49
37 1
11 126
121 54
132 97
11 90
100 157
59 177
52 26
160 87
24 176
160 88
138 197
59 16
11 111
64 94
151 103
2 40
185 169
9 158
113 6
2 15
183 26
45 86
178 47
153 56
106 80
68 62
72 1
59 172
189 187
194 122
106 103
43 103
142 91
10 99
113 27
43 193
194 135
102 87
130 26
132 73
2 126
171 111
92 146
144 128
4 39
153 38
52 1
31 42
170 91
164 197
123 86
23 165
63 107
104 131
194 22
41 162
43 56
180 50
45 26
43 22
11 103
183 83
164 107
12 27
189 128
51 176
14 139
92 53
24 135
143 83
110 135
105 29
64 149
76 109
191 47
24 1
144 167
72 5
138 190
95 159
112 90
123 26
148 19
74 65
48 165
33 58
194 47
52 85
150 34
140 54
191 22
180 126
178 27
192 166
23 47
124 188
51 166
143 184
43 159
154 97
77 129
55 34
45 181
120 88
147 44
191 167
147 111
136 184
35 155
113 97
23 54
68 1
114 32
18 86
178 73
168 103
31 57
140 38
192 127
55 22
192 6
161 172
33 32
200 187
106 122
76 101
37 134
79 172
161 162
130 39
52 145
142 157
35 187
142 182
71 188
77 42
12 135
179 3
150 97
120 62
21 58
156 159
178 175
189 8
10 135
125 99
30 158
138 29
35 137
108 91
61 40
37 159
79 83
112 116
123 49
138 47
72 29
48 111
151 159
92 111
156 67
112 135
171 73
191 49
23 90
133 157
14 13
72 16
69 117
37 81
89 128
68 28
89 137
9 135
35 129
106 75
168 25
18 5
21 27
113 169
31 99
195 39
142 67
151 1
118 81
11 13
93 165
84 141
178 159
119 157
196 28
195 60
20 184
105 27
68 26
69 22
104 85
12 107
41 62
69 75
189 169
191 28
95 6
45 129
72 134
20 117
63 145
151 197
89 88
195 155
142 65
64 134
30 88
183 86
125 184
93 177
150 88
138 103
63 162
148 26
125 163
121 5
89 162
68 88
189 50
82 184
68 27
170 39
156 75
196 109
105 19
61 73
64 88
189 131
9 25
132 70
51 111
140 70
36 39
2 5
130 29
46 187
144 65
196 7
12 129
37 155
133 135
160 109
72 85
118 7
30 67
173 175
102 149
171 67
119 174
156 126
133 67
48 117
59 129
43 42
77 137
185 134
106 149
196 107
52 65
119 26
89 26
143 162
79 165
113 157
4 27
92 141
140 16
45 137
119 162
36 146
63 122
114 5
151 193
104 139
178 187
105 116
100 58
64 28
171 53
23 166
123 88
63 42
100 86
21 145
24 131
192 38
124 58
9 193
189 25
76 174
154 91
4 15
20 94
89 91
123 134
48 44
121 111
148 17
10 60
48 99
124 167
84 17
133 34
61 117
170 190
51 139
189 159
43 62
154 175
52 139
78 29
24 188
76 88
147 159
93 134
173 184
119 163
35 198
12 67
130 49
84 85
52 5
78 152
9 67
31 128
171 181
140 57
79 157
110 141
148 165
45 188
105 56
179 90
132 163
183 6
147 157
14 85
24 107
120 149
119 42
23 103
66 15
10 73
20 34
173 131
84 65
93 40
179 149
130 187
138 177
196 197
14 34
130 85
105 115
173 139
52 29
160 62
186 198
153 34
160 91
156 190
147 141
189 13
105 42
68 193
77 87
12 70
2 44
10 190
195 65
93 38
43 50
74 13
192 99
68 158
10 44
114 19
114 3
102 177
151 17
33 184
151 137
185 175
51 131
199 99
93 145
59 40
138 38
59 65
77 86
63 134
179 96
66 25
132 65
69 28
14 88
18 116
123 96
199 127
46 155
151 3
61 190
153 139
78 146
69 16
9 141
168 107
52 158
79 86
48 42
147 65
125 70
95 167
33 181
153 197
21 131
130 157
31 107
189 73
168 135
151 60
66 50
2 109
136 98
200 53
92 73
200 135
104 83
133 158
82 70
170 60
191 190
194 129
100 146
110 109
74 122
23 56
35 86
132 155
106 96
186 97
130 111
36 58
191 158
125 86
156 16
196 19
120 109
93 73
12 169
105 62
68 8
55 134
89 53
2 176
52 162
23 94
185 32
173 157
147 53
132 16
92 129
112 165
23 141
133 159
30 19
102 174
84 187
113 184
123 122
37 16
78 167
154 111
161 101
63 187
74 29
95 53
77 15
10 131
84 174
93 122
30 134
74 167
133 127
30 159
2 128
189 91
180 197
178 5
14 83
41 1
143 60
11 166
69 96
18 85
191 166
133 6
170 47
106 137
178 57
199 53
2 75
164 184
95 139
82 50
104 103
164 67
142 17
192 90
148 67
195 107
161 53
121 1
78 81
112 166
14 70
160 32
192 26
95 157
43 172
199 107
76 198
136 32
185 8
23 162
168 116
74 172
130 34
160 152
114 174
196 54
113 65
147 85
179 57
171 60
120 158
41 60
161 54
132 19
78 193
161 58
100 3
196 38
106 42
170 25
108 85
112 98
11 19
112 198
143 1
61 15
118 152
114 70
37 115
31 83
51 65
37 17
14 91
55 117
189 83
154 81
74 7
196 56
200 139
179 28
183 148
20 199
37 12
66 61
192 196
191 69
191 102
4 108
180 100
136 33
133 76
61 156
84 140
179 23
35 102
156 55
20 170
11 45
200 79
106 72
76 79
31 43
112 119
92 173
143 31
189 10
154 113
36 84
36 52
14 154
59 123
199 124
89 143
150 192
110 186
33 191
93 123
105 179
156 95
199 144
89 59
21 9
142 154
48 36
84 130
151 124
21 24
196 153
153 161
120 41
89 183
64 136
95 77
92 156
18 121
71 59
35 194
46 68
63 18
108 93
24 68
43 119
114 118
173 200
199 120
21 140
61 136
110 72
133 171
20 192
108 160
170 31
170 35
133 102
121 143
125 124
77 119
124 46
192 189
71 173
30 119
140 170
124 123
74 191
36 10
102 51
64 138
144 191
130 121
114 78
161 33
93 72
33 93
113 138
164 132
185 113
9 95
95 37
123 144
123 168
89 185
200 10
100 11
14 170
125 195
76 113
71 61
171 195
23 35
74 69
59 195
186 10
192 84
180 71
173 171
168 195
178 186
93 69
171 119
76 196
143 79
133 61
173 185
132 79
61 18
195 133
154 108
143 82
110 14
82 43
194 93
43 199
154 37
46 173
171 37
142 195
112 108
185 124
154 119
119 46
125 2
199 191
151 192
156 200
9 144
43 185
104 200
61 153
95 74
72 144
178 156
151 68
36 64
14 143
121 84
180 66
142 185
125 121
92 9
164 66
104 120
136 106
12 125
189 104
164 69
156 18
140 132
114 195
123 120
144 71
4 140
108 110
192 4
71 82
153 123
170 89
143 119
142 143
161 186
74 118
168 18
76 12
130 144
82 59
113 171
9 173
55 186
185 14
199 179
68 10
180 79
123 195
200 147
55 12
147 140
59 179
180 150
136 179
23 18
171 123
41 46
59 164
18 76
82 48
36 93
84 52
12 183
153 30
64 14
118 140
138 153
161 45
59 51
142 79
2 142
196 170
43 151
52 37
156 11
14 78
200 77
79 31
185 93
196 124
143 35
199 130
147 114
82 140
138 74
102 64
153 186
142 138
200 118
148 153
171 63
82 89
35 147
200 11
102 120
46 71
24 150
82 92
9 148
45 113
121 119
45 173
76 23
121 51
151 45
55 147
41 64
36 132
121 59
195 51
147 168
138 41
138 71
14 123
171 43
118 92
20 55
160 12
52 55
173 95
178 93
69 186
48 123
24 79
77 191
147 92
89 68
10 104
106 144
61 124
180 104
110 21
121 144
136 154
147 150
105 41
64 178
102 36
189 95
179 93
68 185
69 41
63 36
71 170
68 41
164 173
43 150
144 21
31 142
100 31
191 35
69 35
93 191
76 30
33 156
160 147
48 153
41 31
78 196
143 147
82 4
112 72
153 100
95 108
24 61
30 199
151 143
23 192
105 110
93 95
4 14
164 194
120 92
76 185
76 183
20 191
132 151
196 79
191 11
100 63
31 46
192 93
21 77
82 180
21 52
102 59
14 46
173 108
100 37
77 11
105 142
106 171
112 170
118 168
161 154
45 46
37 33
51 154
23 61
79 55
185 144
35 133
136 133
71 148
144 100
180 114
14 200
74 76
120 153
144 45
164 156
41 112
77 170
113 95
33 20
110 41
106 23
192 89
69 196
112 51
104 23
63 108
76 21
12 119
199 33
189 123
160 69
125 171
52 78
114 10
95 45
160 72
156 24
183 82
84 35
11 46
200 93
121 142
105 178
170 33
110 161
35 118
48 130
30 194
118 192
21 164
105 36
72 121
113 199
173 4
179 2
136 150
95 24
195 130
43 161
43 4
160 89
147 102
161 76
151 100
46 82
148 196
68 189
55 113
31 30
113 61
102 30
106 104
132 78
148 123
196 55
179 189
79 20
156 48
61 43
89 93
160 24
191 156
200 18
183 113
46 21
31 105
68 114
183 136
191 180
110 130
71 185
66 123
178 72
93 23
147 120
108 59
194 21
102 77
24 171
112 11
92 33
66 48
200 46
142 93
93 147
151 195
69 52
156 9
68 170
14 9
61 10
185 74
63 64
78 104
123 51
151 164
179 51
148 31
150 144
2 180
110 124
150 191
82 124
74 124
161 138
10 112
143 148
92 51
125 100
123 21
120 24
9 48
200 150
133 150
147 76
35 120
84 105
41 156
71 160
12 20
63 125
118 77
120 194
66 140
20 71
37 148
121 95
76 112
180 199
82 66
46 120
133 71
147 14
24 55
194 110
154 61
151 118
2 108
118 46
143 55
82 136
136 69
64 110
14 148
59 36
100 30
33 123
14 161
171 30
102 118
114 153
189 43
18 138
82 12
95 63
74 23
55 51
160 78
160 123
36 143
31 123
143 24
199 194
74 11
164 55
4 33
102 61
20 186
195 118
114 2
110 164
55 36
151 10
12 46
186 114
10 33
76 102
52 195
61 104
199 104
179 45
64 200
105 194
161 194
110 31
132 108
102 69
72 33
2 138
150 120
14 105
82 9
144 78
20 92
133 125
11 151
114 33
147 78
199 147
52 154
71 179
108 119
24 196
183 150
142 92
41 195
24 48
168 20
151 9
89 24
121 171
113 43
100 45
151 82
119 24
41 168
2 195
100 178
150 10
170 138
124 84
148 35
4 37
191 192
124 140
74 179
41 125
161 21
71 89
179 95
30 12
95 136
185 12
61 161
148 195
51 100
156 113
2 110
105 133
74 89
185 64
192 36
130 66
100 33
23 37
78 112
68 71
69 189
105 168
64 21
21 30
12 199
170 48
123 9
68 110
2 21
195 18
148 194
114 125
89 37
179 154
76 130
124 113
119 189
121 9
31 12
61 130
173 119
4 30
66 12
123 136
18 82
37 138
48 33
195 63
64 114
33 132
120 14
114 41
194 151
45 18
93 64
71 113
11 55
113 173
113 84
79 124
48 43
11 196
48 89
59 43
36 2
183 153
142 120
199 93
112 31
102 140
30 108
4 124
100 192
123 150
92 69
102 45
147 41
72 76
153 132
121 133
69 151
123 180
72 130
92 186
171 185
189 72
114 100
12 133
108 31
92 37
18 12
31 24
125 156
123 74
136 132
61 144
164 82
63 74
142 156
185 112
151 33
179 140
154 148
173 161
154 18
132 191
37 130
191 168
76 93
10 113
89 66
71 114
2 18
192 130
41 124
30 130
36 180
72 95
71 194
79 171
41 66
72 120
133 120
9 124
186 142
112 136
84 170
138 189
37 43
151 71
66 144
170 51
76 153
33 143
71 64
148 185
140 43
194 41
144 108
191 21
93 120
130 120
121 64
183 41
36 168
37 45
43 132
185 37
20 82
102 192
199 95
180 18
164 105
160 31
76 195
10 156
108 41
14 104
14 20
31 192
186 124
151 74
23 95
9 171
173 180
114 74
113 194
114 136
136 178
84 41
178 11
106 130
24 106
84 136
84 132
148 160
59 168
113 140
171 93
136 108
192 144
61 82
183 196
78 59
112 183
89 104
30 105
89 76
78 84
82 69
144 138
11 125
92 102
138 4
179 52
178 125
185 104
171 140
21 183
194 2
71 186
106 191
168 124
74 100
133 18
189 142
200 31
106 138
30 148
66 100
186 11
171 136
76 37
119 130
143 133
102 156
77 151
2 132
185 154
125 76
79 74
68 48
200 78
170 151
77 14
125 143
130 14
59 186
100 41
118 113
51 18
55 93
106 59
61 11
186 113
23 132
140 31
104 119
124 11
108 148
10 130
72 123
108 138
153 69
78 133
33 186
106 168
106 48
77 9
43 196
2 147
84 45
192 119
143 156
142 36
105 12
161 105
78 121
164 48
121 74
194 132
37 132
136 30
106 133
142 82
102 78
196 136
180 33
10 160
112 64
138 147
164 36
196 77
78 61
154 112
102 164
138 150
69 140
104 125
59 148
18 59
95 112
31 2
105 24
71 171
33 150
112 104
45 23
132 199
156 2
108 120
150 71
147 179
123 178
92 100
110 171
113 52
113 120
72 147
170 168
55 124
21 43
43 102
200 164
110 183
23 69
171 147
10 14
118 142
105 156
196 18
78 79
51 41
61 36
160 133
66 45
63 55
183 125
118 51
18 123
59 11
125 161
196 142
82 41
79 33
64 89
79 46
120 48
35 185
2 64
196 199
45 92
20 164
178 194
100 133
12 121
136 37
180 43
64 78
78 179
195 82
194 170
164 130
41 48
106 194
105 61
48 179
140 10
121 161
48 110
118 196
147 142
136 93
189 164
79 148
136 11
100 171
178 21
20 10
46 48
130 196
106 21
63 170
112 121
45 12
84 196
120 191
113 72
68 45
189 143
82 72
52 18
133 21
161 66
35 4
4 100
178 151
178 160
46 132
153 63
132 30
183 95
66 63
156 93
11 69
89 154
79 161
20 200
180 170
140 59
110 140
200 123
23 180
195 153
89 150
178 24
148 46
14 68
151 161
138 20
45 147
195 186
150 74
192 77
105 104
95 59
170 104
52 180
183 9
160 200
74 192
2 148
71 112
121 106
151 41
104 72
192 66
95 104
55 136
11 10
71 51
178 138
164 31
119 142
199 21
71 45
195 77
113 12
31 154
66 36
118 180
68 74
9 74
178 12
147 23
92 164
31 37
35 24
138 120
59 119
69 36
113 106
112 144
71 178
142 72
106 156
110 148
164 196
64 150
183 173
170 95
120 10
178 147
23 140
63 192
45 51
82 76
33 125
142 35
192 95
24 151
153 64
147 186
63 132
63 51
178 114
195 84
93 143
168 178
46 142
112 153
168 200
78 4
173 153
189 194
21 55
63 154
199 36
23 199
33 108
180 4
123 125
150 102
132 183
112 200
4 148
33 164
143 18
24 12
52 35
64 31
14 79
37 55
143 23
46 66
104 196
63 106
51 120
132 185
110 138
136 2
20 77
59 93
140 120
12 142
183 151
63 150
12 161
125 189
48 119
144 132
77 143
95 30
24 63
108 36
192 133
119 31
161 112
37 200
140 194
59 33
179 84
82 160
105 124
144 48
178 48
191 84
119 20
161 183
110 147
118 43
95 12
199 48
82 52
125 136
84 200
77 140
51 160
92 113
160 63
35 160
179 170
113 36
12 2
114 183
12 123
144 178
151 142
61 189
69 148
64 11
11 180
180 189
64 195
12 136
76 110
114 192
52 51
10 108
24 179
10 179
113 41
48 136
168 30
170 52
142 74
148 114
106 33
72 153
151 113
55 150
160 36
78 124
35 140
148 51
12 106
112 110
179 18
110 170
194 11
147 113
59 130
125 20
77 66
132 59
95 200
150 72
59 143
69 156
160 114
79 194
186 156
151 138
133 24
147 124
66 24
55 48
192 136
110 89
113 21
108 68
68 11
4 151
21 63
195 105
35 104
64 183
132 76
10 123
185 21
160 173
112 186
150 154
195 68
105 64
45 82
138 180
192 104
161 136
76 179
195 102
66 142
154 118
196 46
63 168
156 179
173 52
196 30
33 113
108 192
30 183
185 61
71 18
66 120
105 79
140 45
63 78
156 77
61 95
195 66
106 46
37 72
154 123
93 51
196 138
147 59
18 78
189 66
30 114
43 36
93 43
147 183
194 168
186 119
12 92
72 55
114 105
18 173
2 153
138 21
35 192
64 46
46 74
160 124
170 78
136 186
95 33
35 20
105 10
140 195
154 92
156 199
147 112
142 63
194 118
74 45
168 179
59 14
144 2
138 63
64 123
93 79
168 102
112 148
130 132
143 21
183 121
148 18
64 92
2 78
142 124
36 82
151 79
52 20
168 89
24 130
133 23
41 36
136 195
9 195
77 199
151 84
125 130
144 69
179 112
92 2
180 124
108 79
92 200
72 183
106 110
31 121
48 14
133 164
74 110
43 52
95 78
118 18
9 35
31 11
92 68
92 192
78 100
189 18
151 119
180 95
143 37
133 68
123 185
110 69
189 51
43 168
55 195
24 186
52 110
199 102
161 179
69 112
46 189
2 72
9 196
108 179
79 2
114 89
144 119
36 89
130 114
125 150
92 125
130 189
153 4
77 84
144 92
120 69
51 147
36 183
9 153
89 52
30 74
123 138
168 180
113 4
14 132
154 20
161 147
63 9
37 14
59 138
189 23
51 46
72 30
31 23
100 168
37 168
92 72
160 59
64 168
66 11
23 119
191 123
180 196
41 74
2 164
170 143
12 147
173 112
161 120
105 173
173 21
136 151
51 66
4 164
37 147
37 30
119 64
37 125
64 95
130 68
144 164
68 132
199 125
151 173
180 153
151 92
130 194
95 20
84 31
150 76
106 200
173 192
51 168
133 153
140 153
104 156
52 125
150 92
114 132
35 119
114 106
84 10
186 23
41 200
64 51
11 110
45 35
20 36
186 173
20 106
102 68
178 113
52 63
142 41
171 154
30 170
69 132
43 170
14 100
11 23
118 150
160 112
11 199
148 118
55 130
179 92
43 92
186 93
189 196
113 200
160 77
35 156
112 120
104 178
154 55
68 171
121 104
104 74
164 112
18 185
106 82
102 144
84 63
10 102
20 161
140 41
171 35
133 2
77 113
51 4
147 33
140 125
144 170
180 110
106 74
164 191
183 191
108 45
150 119
48 192
173 74
130 18
4 92
92 114
138 52
144 173
78 35
14 52
119 110
186 12
30 9
160 121
180 171
179 9
100 191
178 120
120 100
178 130
59 30
76 200
35 72
21 33
102 121
71 33
106 102
156 194
189 150
63 185
48 133
66 72
14 144
78 110
133 45
4 79
123 45
100 95
153 24
138 11
14 30
77 55
154 192
180 31
14 112
123 24
112 48
185 194
196 72
132 48
23 118
125 192
118 55
31 144
76 143
148 105
64 55
105 171
108 69
142 161
66 23
104 76
23 120
178 77
64 142
77 168
185 120
112 113
64 37
9 170
48 61
104 161
14 189
55 14
194 48
185 23
31 78
183 66
21 102
78 118
71 142
200 142
51 180
72 173
195 200
200 183
154 195
168 24
138 164
105 23
92 30
41 11
147 121
124 154
183 77
191 78
105 147
82 30
108 72
191 41
77 4
161 192
156 89
68 104
138 35
35 77
18 150
142 170
170 161
147 84
130 11
154 199
24 9
63 4
178 183
170 10
110 59
93 77
180 61
55 133
153 143
92 11
72 11
154 10
77 110
37 18
48 51
121 114
18 125
118 14
171 66
192 71
136 105
108 100
30 2
35 61
102 112
156 185
52 148
79 183
105 21
36 68
43 173
194 18
124 120
2 196
138 121
183 37
192 59
10 74
183 144
192 160
4 74
33 30
36 79
148 119
84 18
132 102
104 2
104 160
82 108
35 63
77 150
195 10
121 14
133 10
113 11
180 195
199 160
77 147
164 168
160 191
41 45
33 35
82 77
95 36
133 4
118 9
48 74
168 31
189 89
59 105
196 112
31 4
78 119
199 84
119 178
82 55
186 118
168 84
194 72
79 164
48 180
68 140
55 140
10 180
33 78
48 151
170 4
95 35
164 12
11 114
9 200
100 61
186 104
100 82
125 106
108 9
185 186
200 61
36 78
153 199
171 69
168 132
51 133
95 84
108 61
118 21
23 114
69 31
148 12
68 4
118 68
93 195
140 51
100 161
121 52
66 79
185 138
195 23
178 43
84 2
105 18
118 76
30 185
123 36
153 78
92 178
168 125
144 63
41 160
148 161
69 168
189 41
124 200
11 30
41 106
164 23
20 144
84 178
153 52
153 130
59 170
113 164
74 24
77 133
82 105
61 168
194 55
43 144
199 66
156 84
46 36
153 79
9 64
77 76
31 45
24 33
130 151
82 196
106 61
130 45
59 200
191 2
180 164
161 114
114 120
35 113
4 45
168 130
2 48
179 148
119 124
59 196
92 168
123 104
79 104
51 104
24 64
125 46
84 74
9 180
173 150
2 185
199 173
37 63
125 102
133 168
84 51
153 164
21 89
186 170
130 82
77 92
21 196
156 12
30 55
23 153
14 173
33 179
124 114
121 100
186 191
51 30
106 4
186 106
150 148
185 46
10 21
123 186
89 102
112 20
52 199
119 199
33 154
79 160
93 14
196 23
105 46
164 35
124 71
33 142
173 178
21 45
52 68
9 160
194 33
142 69
102 123
143 194
68 160
180 186
72 9
108 11
191 12
82 63
148 121
12 140
2 69
35 68
55 161
200 196
178 79
156 114
46 18
11 9
55 189
11 2
136 130
124 148
46 143
79 63
156 52
194 59
186 64
125 170
140 105
30 161
133 108
168 119
66 173
151 154
21 59
142 192
45 93
48 76
71 143
192 55
68 95
18 30
154 23
104 24
72 105
95 185
200 24
92 89
186 189
186 43
71 200
68 66
180 154
112 66
173 84
132 45
195 199
31 199
143 132
23 161
100 102
14 160
82 121
18 142
133 9
160 185
124 164
61 84
191 66
41 161
183 105
192 10
36 76
125 35
150 143
150 114
30 120
89 77
119 76
185 170
64 23
142 191
154 173
41 171
10 93
95 147
89 124
124 133
136 51
10 51
46 43
120 154
161 106
142 78
69 43
173 48
178 68
74 14
77 10
11 76
143 114
120 125
33 36
170 64
30 35
35 136
138 84
76 124
55 171
189 20
192 153
114 171
110 37
150 108
147 133
153 104
195 112
11 119
124 100
36 14
142 45
125 118
124 106
170 66
43 76
121 189
140 48
66 154
183 78
183 133
106 170
173 69
144 64
189 79
31 186
72 12
191 133
14 192
31 48
18 100
106 100
46 171
93 130
118 153
120 11
89 10
10 199
153 142
143 10
36 31
118 33
82 153
110 4
121 136
64 191
4 200
110 43
196 110
64 173
153 93
140 112
123 69
82 114
164 140
41 79
69 9
4 69
191 179
24 199
18 136
89 119
20 63
108 140
72 4
130 140
130 118
23 89
113 130
160 74
95 48
161 102
45 76
164 121
173 121
95 186
33 160
76 136
136 68
108 89
10 18
9 140
161 200
69 55
84 108
43 130
77 41
68 84
191 136
151 121
183 52
89 61
183 118
51 2
124 20
20 132
2 4
21 125
77 12
20 148
120 173
71 66
138 186
20 171
77 74
77 2
79 179
189 195
113 133
11 12
192 170
59 173
43 105
147 164
138 68
156 160
37 123
154 69
61 148
153 20
171 72
10 76
93 21
160 119
69 150
52 2
136 185
178 55
71 63
171 179
66 105
93 114
153 89
46 9
120 63
150 79
61 55
108 37
84 46
108 23
30 79
186 200
179 20
31 151
36 119
45 20
100 154
92 160
160 130
147 52
46 37
186 2
171 148
51 119
133 84
179 118
142 178
89 2
77 104
119 93
161 35
171 120
142 4
140 142
144 200
20 21
194 4
52 9
102 183
31 171
121 35
133 63
179 43
89 51
110 191
200 52
100 23
143 118
46 78
118 105
196 100
52 100
72 179
100 195
200 192
11 48
194 138
74 55
84 106
108 124
71 100
168 150
92 140
4 104
20 150
125 196
61 4
20 121
4 102
35 43
119 79
77 23
71 35
136 45
77 69
79 12
12 154
138 78
191 92
61 31
185 10
183 199
74 102
196 63
194 89
35 110
84 100
132 196
106 150
33 112
79 121
10 72
95 191
171 199
144 68
153 68
194 114
72 195
191 113
30 118
18 24
151 21
46 33
154 79
66 113
36 51
18 151
77 46
37 93
51 33
71 168
76 61
59 153
102 104
154 72
114 14
171 132
118 71
61 183
164 45
69 79
194 191
12 143
55 132
4 168
196 61
171 78
43 191
164 100
24 72
125 24
178 112
92 84
121 124
110 63
156 78
119 55
151 133
120 59
185 179
178 31
36 37
140 74
194 24
196 143
52 132
45 64
100 46
170 199
124 2
108 105
108 171
66 132
125 164
173 37
21 78
52 160
123 41
183 24
68 37
46 180
160 20
154 59
150 12
133 95
150 194
148 178
48 168
113 30
156 23
104 84
110 121
132 150
66 150
63 112
61 45
104 9
93 189
105 69
138 114
74 180
143 106
78 82
125 191
18 114
153 156
12 74
66 43
52 185
186 18
72 170
161 108
104 164
43 74
133 11
133 72
95 4
123 112
130 179
51 144
63 89
124 68
84 119
125 36
21 71
118 189
105 121
102 154
178 143
140 143
37 78
189 48
52 118
71 164
196 108
79 9
199 189
93 66
189 108
130 71
199 186
104 69
52 23
23 12
105 191
124 36
194 64
143 138
9 120
76 144
36 110
151 125
144 95
9 178
183 45
164 14
153 10
55 41
151 200
45 185
92 10
52 196
45 9
154 110
51 171
4 9
82 199
112 106
156 151
143 43
89 41
12 104
164 78
61 142
52 178
142 199
113 132
37 170
140 89
168 160
33 148
51 156
106 183
114 200
102 151
125 55
55 114
4 18
9 130
179 120
151 104
2 154
118 106
74 20
79 192
119 68
110 192
31 138
52 59
170 100
14 102
136 120
180 77
45 156
132 138
168 79
61 20
194 183
143 11
92 105
173 132
10 95
104 63
21 119
31 10
180 63
35 195
31 93
194 82
46 123
178 30
89 171
154 168
72 52
100 76
63 105
78 30
132 41
120 95
43 89
124 191
147 194
79 123
37 196
121 46
120 45
4 185
82 93
195 143
136 100
33 2
72 46
118 61
148 180
21 68
69 30
68 154
9 150
156 130
102 12
124 59
30 180
179 68
61 69
41 119
2 23
185 140
64 52
76 66
170 11
173 143
36 153
136 124
144 59
69 133
21 186
121 66
179 160
37 74
179 183
92 180
66 106
123 199
48 104
178 14
180 106
170 46
102 18
24 77
161 52
41 14
24 76
21 37
112 2
14 95
93 4
14 66
189 74
138 72
194 45
123 20
11 189
45 110
160 196
173 189
31 113
186 46
136 144
43 114
76 186
189 156
76 105
35 12
173 194
20 118
179 106
68 55
46 156
186 143
138 130
171 168
71 189
61 138
24 71
78 23
10 23
132 148
140 178
89 179
195 71
192 37
148 82
21 168
189 161
37 150
185 24
64 140
195 185
160 64
185 51
20 183
138 195
74 195
148 191
161 199
52 171
114 20
68 191
156 119
154 4
24 144
144 37
144 148
189 92
121 200
84 69
59 189
9 112
30 63
106 192
118 89
108 106
59 35
179 178
150 36
104 173
191 51
51 161
196 102
148 68
118 147
63 93
125 9
48 191
20 93
43 24
121 23
194 78
41 71
2 140
48 143
84 144
132 89
189 171
43 147
132 92
110 113
178 161
161 71
138 43
167 75
96 1
50 122
86 122
13 134
91 165
17 86
131 29
198 44
75 8
53 99
62 193
176 165
193 7
85 141
155 139
65 145
139 54
109 65
182 3
166 6
197 149
50 19
27 98
122 90
49 13
99 115
1 134
141 166
6 163
141 198
73 49
167 116
174 47
141 42
58 62
187 38
54 34
101 181
94 67
13 85
149 155
90 175
28 58
16 165
166 38
90 86
32 141
166 15
158 111
187 15
91 152
19 85
197 103
181 94
57 22
139 174
163 80
115 91
139 159
13 128
94 165
60 96
155 50
39 34
145 26
42 94
172 39
73 50
25 29
3 49
27 188
167 126
145 131
187 13
187 111
57 115
159 187
122 5
83 40
94 166
91 157
62 98
67 187
54 40
44 49
197 40
141 139
163 5
122 117
115 16
163 47
167 128
181 152
129 38
115 47
177 115
115 137
145 152
198 38
169 115
62 17
111 159
159 15
53 81
141 57
137 90
91 86
134 117
172 169
22 40
163 182
141 96
126 158
32 109
159 101
166 67
67 116
87 131
16 8
26 85
28 47
17 53
99 177
146 109
47 58
176 128
47 32
165 83
165 44
67 19
34 28
22 49
80 117
75 174
26 32
40 129
7 34
137 19
47 166
8 22
22 101
58 111
26 101
157 162
197 1
172 157
163 188
127 13
197 67
58 152
80 5
117 115
27 176
158 67
99 42
22 39
70 57
62 15
159 167
22 135
50 67
103 181
187 62
172 158
57 117
28 103
42 166
42 50
49 42
5 176
15 176
139 87
176 177
190 26
169 15
193 6
181 80
162 141
155 7
34 17
80 34
115 155
19 115
181 169
80 57
167 131
49 98
137 8
116 131
6 139
190 97
67 27
60 190
8 152
158 50
117 174
42 16
162 181
103 96
39 158
94 116
145 115
8 7
32 6
184 141
88 131
62 174
152 177
96 128
96 6
182 16
47 137
29 75
70 65
176 26
75 126
47 193
134 85
122 13
90 155
134 75
58 107
90 190
169 137
81 75
54 81
127 96
75 177
54 8
165 159
126 109
198 8
88 80
101 29
44 25
128 139
17 167
122 39
126 197
97 16
3 126
91 111
126 98
3 184
175 145
87 7
115 13
155 58
172 152
139 3
122 49
15 97
73 190
111 17
198 111
8 32
128 3
54 126
90 54
98 87
22 91
86 149
152 182
32 157
67 122
96 145
58 158
127 16
5 166
182 44
50 96
127 177
157 139
62 39
155 27
60 53
99 182
29 145
47 96
67 152
166 83
131 197
8 87
22 97
98 166
25 99
32 177
16 187
34 122
5 3
85 27
109 181
19 70
111 22
116 101
99 116
152 184
42 73
126 146
184 8
128 198
115 81
155 25
81 174
137 99
19 174
175 3
116 42
193 115
57 25
145 39
49 152
28 65
193 146
54 38
27 40
27 60
34 42
26 127
128 8
109 7
116 8
60 176
137 98
126 19
70 96
8 165
7 28
167 6
53 40
3 94
17 49
25 159
97 58
128 137
80 19
6 1
152 175
107 145
184 26
117 158
47 75
139 109
181 42
182 175
58 169
22 90
145 47
39 32
19 163
159 90
137 26
131 101
39 65
149 38
184 129
122 83
56 187
49 86
65 62
174 157
111 141
60 137
198 197
145 53
128 181
175 176
1 122
184 83
109 44
65 27
17 38
32 81
22 175
17 159
86 182
65 47
6 107
172 88
107 158
29 28
57 139
137 129
1 145
42 81
165 109
175 87
149 57
115 167
155 62
177 22
39 67
122 57
193 73
7 57
115 128
42 152
32 176
182 8
39 198
116 19
47 80
81 88
165 6
193 81
177 3
15 184
190 81
167 103
44 91
129 81
88 19
165 39
87 3
101 54
177 135
15 190
190 47
53 197
22 128
162 111
158 13
80 137
167 40
88 75
58 54
26 39
7 5
122 60
127 159
103 188
162 139
16 167
5 1
83 39
174 193
115 58
197 115
40 155
44 190
159 193
65 81
103 19
157 15
90 81
198 97
188 15
134 159
50 190
80 197
1 85
149 135
53 57
149 103
131 16
111 15
172 75
62 162
6 187
86 169
91 40
86 139
39 57
22 169
137 6
16 146
54 172
56 128
40 44
97 60
149 17
5 134
122 96
1 22
172 139
188 38
174 176
163 126
28 176
135 27
135 49
197 177
109 94
54 135
163 159
94 27
94 149
149 128
109 176
181 26
146 90
135 169
163 87
54 169
98 13
166 165
73 103
135 7
88 174
70 86
73 167
98 134
27 54
187 25
87 116
7 169
81 117
28 141
53 122
107 25
60 181
145 134
58 137
27 127
109 87
75 85
146 80
70 172
26 90
40 60
27 8
198 129
177 184
5 131
56 149
83 58
6 39
141 126
87 26
98 135
98 86
53 175
94 91
101 27
188 109
184 190
62 111
126 193
25 117
146 19
111 27
107 131
83 26
134 53
101 75
19 26
128 117
53 174
34 149
49 103
129 166
149 25
16 128
149 70
152 135
38 96
7 157
17 122
182 159
116 25
1 67
80 157
39 176
90 62
190 157
32 86
26 188
141 83
28 38
175 162
169 50
126 159
40 70
67 97
165 141
5 116
177 149
58 126
87 42
167 83
198 75
80 70
27 28
29 73
162 57
86 127
32 97
165 22
91 49
188 162
97 101
85 5
85 67
83 137
172 50
83 109
98 6
1 15
165 162
53 163
22 58
32 116
94 16
62 67
7 145
131 40
65 99
1 40
181 190
188 80
166 34
97 49
70 73
65 26
184 198
193 129
15 75
32 62
60 188
8 91
162 88
29 184
184 166
38 128
135 87
29 3
169 103
126 44
80 166
166 60
90 141
193 162
17 91
17 50
103 157
96 135
17 177
7 115
101 86
162 60
44 19
60 34
174 1
57 50
177 53
17 73
131 85
135 145
116 159
146 122
56 159
25 38
28 169
197 111
184 163
25 163
86 27
101 176
75 157
13 90
152 122
67 109
32 50
99 47
165 115
29 8
188 85
81 107
26 22
13 152
34 163
128 109
117 109
134 187
146 177
94 172
99 85
60 56
146 149
56 54
158 47
129 188
1 146
40 166
7 103
146 7
22 157
166 167
182 94
67 47
34 26
197 174
145 22
165 29
184 32
47 127
32 162
38 117
115 8
145 109
53 157
107 75
88 193
159 188
85 181
111 182
27 29
56 115
7 117
34 13
50 177
126 97
155 85
88 15
70 27
116 182
103 158
162 109
87 127
187 175
127 155
42 62
94 163
116 128
101 99
155 87
115 70
90 97
13 99
117 70
96 146
28 39
129 22
107 129
181 193
81 182
5 111
56 97
166 99
127 58
42 169
152 99
6 172
137 139
75 188
17 165
22 152
137 131
38 163
65 197
97 3
165 90
91 126
128 1
155 176
60 25
91 65
94 73
32 146
134 152
107 134
141 94
49 60
54 159
67 26
181 137
165 7
131 73
152 27
1 157
115 42
97 80
141 172
83 97
165 122
129 96
80 187
5 165
25 128
70 53
103 137
49 146
131 162
19 162
134 88
182 162
172 134
25 139
145 25
3 75
141 65
5 86
163 149
73 38
99 159
115 38
80 17
111 13
62 56
39 7
98 128
190 169
158 137
88 70
32 16
81 73
38 15
32 115
49 167
58 176
155 184
146 101
158 162
135 26
122 109
32 19
26 117
16 141
146 25
94 117
58 70
190 57
85 87
88 169
6 49
197 96
19 75
86 56
19 34
65 25
83 47
70 75
146 53
101 152
49 163
158 1
184 85
126 86
158 75
85 73
44 135
137 193
184 97
75 181
56 22
111 88
98 107
5 47
198 15
129 29
88 181
146 157
90 19
3 88
42 86
67 29
172 49
188 145
103 129
96 65
44 38
165 175
167 109
13 129
155 81
181 5
87 137
167 182
49 39
157 99
109 111
193 83
7 70
188 47
187 188
13 165
159 129
83 126
75 97
128 163
29 88
177 19
26 187
73 56
116 58
17 96
32 145
62 19
162 58
73 62
187 34
60 6
111 127
97 26
34 158
47 167
163 141
146 162
137 88
139 15
177 169
44 188
155 28
141 1
13 167
40 26
56 28
129 182
6 198
5 58
107 27
91 81
42 107
5 167
6 40
126 6
80 94
181 198
128 40
97 42
131 172
172 127
103 131
62 94
166 54
73 159
8 44
177 80
131 27
163 190
29 60
146 88
91 39
141 53
135 62
28 109
6 134
172 163
162 42
87 167
70 198
184 137
34 139
15 175
16 80
80 54
145 122
83 135
26 166
42 67
99 86
99 15
16 5
65 137
47 129
3 162
181 16
87 94
38 116
94 107
97 134
3 107
91 117
38 32
107 28
50 70
116 88
169 60
38 193
26 99
80 7
25 86
129 83
167 127
163 57
198 177
131 111
17 39
73 15
5 99
134 165
184 54
176 49
163 122
81 28
166 91
67 28
47 159
128 17
190 158
70 167
42 91
29 39
26 53
158 163
193 145
75 58
38 167
83 172
107 115
54 73
58 145
146 116
49 175
53 16
42 57
174 34
85 57
70 60
73 145
175 40
155 157
57 16
184 88
67 40
131 15
163 81
184 122
155 116
182 131
197 17
40 188
127 137
65 8
87 111
38 87
129 158
56 131
81 188
28 54
34 127
176 111
141 22
8 34
62 152
19 3
198 73
90 198
38 6
53 98
129 67
29 38
47 81
128 53
8 197
86 88
177 27
7 96
38 182
159 85
19 17
27 16
117 129
8 177
141 39
149 109
134 149
5 107
3 117
197 182
146 165
128 75
152 149
22 29
39 75
44 177
174 65
53 28
90 7
53 166
39 101
198 5
5 19
139 135
86 39
19 135
29 157
162 190
16 103
155 13
98 17
99 98
174 96
8 13
13 58
182 188
17 58
39 190
54 187
101 158
19 127
7 177
13 19
62 149
90 197
182 115
17 190
80 141
122 26
109 159
111 28
57 188
19 175
176 157
13 163
146 65
149 181
145 139
109 86
193 3
90 16
96 116
85 25
190 83
27 22
159 103
28 184
175 146
47 107
7 73
5 146
163 62
67 169
50 22
5 141
85 15
1 32
193 176
57 81
177 162
111 25
169 75
187 172
135 155
44 128
49 87
98 181
182 29
128 54
187 109
131 67
39 44
29 91
129 141
5 162
29 177
44 83
65 80
162 28
175 39
96 134
96 175
127 157
135 175
111 53
70 184
49 85
145 97
190 165
139 44
111 139
141 188
101 90
8 3
122 73
187 75
129 73
149 137
85 167
47 49
62 1
86 29
155 17
16 135
149 98
94 6
184 49
111 26
103 75
94 32
177 187
157 90
83 22
155 107
182 67
169 62
176 197
81 1
87 70
85 126
98 94
103 152
73 109
90 116
101 1
5 101
128 127
116 40
157 70
134 81
80 40
188 29
188 99
70 122
26 146
58 163
7 83
111 73
162 134
127 85
172 8
57 65
38 62
98 15
8 145
111 3
47 122
158 22
166 187
98 159
75 162
13 38
134 137
165 103
34 177
83 163
169 116
86 28
16 177
158 8
1 193
127 116
54 181
65 44
107 198
38 34
101 197
85 198
169 158
56 44
56 88
13 32
135 181
54 129
157 16
73 6
6 175
159 184
73 98
83 60
42 13
91 128
98 50
5 49
99 131
188 111
38 1
39 115
58 56
44 166
42 177
101 57
115 152
139 28
50 44
188 87
1 152
184 6
107 80
67 175
8 190
162 50
32 56
197 57
6 101
87 28
145 149
134 176
83 158
91 145
126 65
91 19
109 29
65 42
158 145
56 167
28 83
65 38
134 26
169 85
174 163
38 165
152 127
1 88
83 75
88 73
53 54
98 187
122 197
3 131
34 109
127 29
73 16
174 184
85 109
6 169
5 109
99 87
157 181
174 28
198 137
53 85
87 81
158 184
162 67
85 7
99 117
109 38
13 88
58 103
62 157
75 127
187 116
6 115
188 157
38 145
97 175
67 56
175 13
116 193
116 62
127 98
159 131
176 198
99 62
135 190
83 117
94 65
172 3
91 6
44 88
184 175
60 39
26 50
176 90
116 162
39 73
174 172
54 15
190 129
81 184
188 193
99 54
86 135
172 67
26 91
172 184
188 62
87 134
115 135
28 98
184 146
57 155
155 47
13 190
141 49
87 65
15 135
149 7
96 163
152 32
6 65
83 91
28 198
49 174
158 197
27 42
88 38
167 188
155 3
137 107
134 49
193 19
6 182
60 44
109 42
126 32
70 91
25 126
127 131
190 174
42 167
62 87
7 162
56 165
162 81
167 155
126 155
16 3
111 60
42 122
177 65
139 129
39 50
152 166
70 126
88 49
158 25
75 25
141 40
47 17
26 109
127 32
129 87
50 27
101 117
57 1
53 90
126 174
1 103
22 187
190 29
174 57
101 56
182 54
27 197
126 17
67 5
169 122
75 6
39 152
197 6
34 111
134 131
103 141
60 126
3 135
149 81
19 188
122 7
129 99
80 91
177 67
53 15
26 172
134 103
137 28
88 135
149 139
13 73
149 158
29 1
15 86
184 99
13 135
53 176
70 17
3 98
187 1
166 149
128 60
98 167
94 5
29 155
174 29
58 86
165 129
34 159
176 47
99 56
174 98
83 88
34 155
81 177
181 127
5 145
117 50
182 80
198 175
1 184
38 19
1 139
40 50
131 47
22 3
175 166
163 28
65 101
49 155
122 29
28 44
98 44
19 101
98 42
73 115
197 85
90 73
116 75
3 181
190 5
50 97
15 172
49 190
70 90
152 73
80 145
62 115
193 22
155 193
101 81
116 197
162 97
188 126
122 107
8 122
167 96
129 187
98 91
145 28
163 86
122 62
34 198
65 58
17 3
187 83
99 57
1 190
175 190
97 166
159 49
70 188
86 181
193 90
60 91
47 111
44 29
188 91
181 175
22 99
107 62
94 129
86 103
139 107
122 172
181 165
96 5
38 181
115 53
70 127
146 60
172 47
99 83
85 62
62 53
117 47
198 32
172 175
115 25
198 19
39 111
16 70
152 169
57 169
134 3
158 166
184 116
25 174
91 3
32 54
87 101
44 1
149 1
193 39
25 22
28 88
13 53
15 146
97 181
83 101
8 50
197 13
15 162
103 42
54 91
182 60
198 103
157 42
40 101
3 188
90 167
40 187
176 103
158 127
3 56
146 57
60 101
107 163
158 96
159 149
94 8
83 67
49 29
165 50
91 47
172 58
139 197
99 91
158 109
44 134
22 131
117 98
25 67
193 117
70 15
198 22
117 166
157 8
146 47
101 38
197 56
158 32
101 96
149 75
15 56
145 116
25 141
197 50
25 166
116 85
135 57
107 182
116 126
62 103
80 83
135 53
7 111
17 174
81 126
137 7
129 197
6 174
44 146
91 198
177 88
159 58
103 22
25 165
50 107
5 91
94 115
38 169
135 129
44 117
62 175
98 198
107 181
1 70
50 87
38 86
129 152
190 107
32 88
101 34
54 96
15 5
60 117
109 184
182 128
62 129
197 172
7 50
188 122
167 107
67 88
184 165
193 86
87 103
7 65
103 32
73 80
187 29
3 62
29 146
6 67
54 13
128 97
128 134
107 97
40 25
50 187
152 16
197 166
122 115
181 99
134 101
137 67
134 167
15 67
50 129
50 62
101 141
34 172
15 80
188 42
50 139
53 42
17 172
38 172
145 117
107 172
90 109
44 42
70 175
135 58
193 56
47 1
176 16
27 159
193 91
87 86
60 90
50 103
39 103
103 122
155 26
50 163
8 146
155 6
157 193
169 187
182 158
60 99
187 53
57 5
28 158
187 47
57 56
182 139
115 139
159 145
56 70
54 42
27 129
15 44
184 149
163 7
141 167
32 70
83 96
8 129
126 101
25 91
32 169
117 175
187 60
32 193
103 115
117 27
163 90
129 49
198 152
7 49
98 65
58 88
97 7
15 58
188 135
97 13
187 127
8 117
91 169
44 145
117 22
107 17
60 157
166 86
157 198
126 50
182 15
162 149
177 56
175 54
27 116
65 157
127 60
87 126
129 149
34 27
8 103
67 90
155 137
7 174
152 139
16 1
94 198
97 62
44 122
116 29
166 88
6 159
137 75
80 42
42 83
182 174
15 177
13 25
40 122
174 146
16 83
176 40
65 40
91 7
157 34
129 177
162 44
39 155
6 109
109 175
50 176
70 103
159 175
131 141
57 94
190 149
103 174
109 15
34 115
127 83
17 85
190 137
94 70
122 99
157 67
127 17
181 116
169 167
75 129
162 47
175 174
152 162
174 137
187 141
103 175
75 109
127 141
127 49
127 73
145 128
197 81
15 155
145 94
131 80
97 73
166 157
6 8
39 97
174 159
87 152
176 126
184 188
90 44
175 16
97 172
182 165
56 38
6 128
197 134
188 149
25 176
58 174
131 158
80 158
115 49
90 103
56 141
29 65
127 88
127 81
129 146
152 141
62 117
107 70
40 90
159 91
73 67
88 152
88 187
87 190
75 94
73 60
157 109
122 181
162 101
96 32
97 99
177 134
172 73
129 17
81 111
176 97
85 3
54 117
159 96
182 198
54 193
7 107
145 16
80 193
193 13
155 56
131 70
177 83
16 49
107 174
5 175
146 182
47 139
107 15
177 94
57 13
165 32
98 163
134 111
97 96
40 97
157 167
7 187
149 182
139 169
134 181
25 62
57 126
28 159
116 73
117 135
117 103
15 163
26 75
187 126
1 19
98 190
57 167
25 6
157 58
111 116
32 34
139 163
155 96
198 87
53 172
115 181
169 134
34 3
167 99
29 193
97 187
197 26
19 94
137 15
172 96
175 98
86 165
1 54
166 62
190 62
85 162
165 117
128 111
38 85
169 126
81 187
28 80
111 155
131 198
56 83
81 6
135 197
54 98
25 101
22 16
40 94
25 88
73 163
126 129
176 83
6 157
65 1
57 127
122 22
29 16
39 137
167 184
197 5
28 60
15 22
163 116
83 38
149 80
172 99
86 111
109 99
40 32
197 188
98 145
94 81
155 91
176 188
96 152
103 139
137 13
135 97
165 58
169 44
13 198
27 19
96 67
19 29
109 49
174 149
99 141
158 86
117 67
182 70
60 131
49 90
54 44
94 38
3 65
176 22
166 198
6 131
116 28
162 135
176 54
139 70
97 152
169 111
75 122
184 87
58 190
22 44
175 57
107 57
19 158
165 188
126 172
193 25
128 85
117 176
50 94
163 26
44 127
109 107
73 53
107 53
65 115
19 128
128 129
134 141
155 172
159 176
70 141
16 117
44 62
22 184
99 176
103 111
56 96
28 26
155 131
53 182
91 97
111 96
27 39
17 7
122 193
139 94
60 16
58 181
175 56
98 182
54 39
169 26
135 99
109 50
135 172
98 139
88 182
73 169
127 90
56 50
126 49
42 145
19 54
158 90
94 137
57 15
53 56
141 17
176 172
39 16
73 65
177 54
67 16
131 129
107 34
15 96
86 96
56 40
90 32
131 96
3 25
57 152
174 198
135 56
193 65
8 166
75 1
81 67
190 198
27 58
38 60
29 135
175 101
57 27
81 99
163 70
65 85
169 162
17 193
56 169
5 42
7 3
34 91
137 96
98 111
88 128
65 116
126 1
198 83
158 54
17 184
166 28
54 122
139 40
131 1
182 193
8 42
146 40
97 116
27 158
85 165
94 34
139 65
8 127
115 98
103 56
91 182
90 94
8 53
126 117
13 50
174 67
8 162
177 5
157 50
75 54
81 167
166 56
57 17
32 5
3 137
97 188
187 8
190 101
131 34
16 166
174 167
190 22
99 88
190 86
5 8
65 88
56 42
134 57
165 149
34 86
57 111
7 6
25 42
165 131
3 145
157 19
134 175
50 128
149 58
101 7
175 169
98 131
157 27
175 127
181 56
87 177
19 172
141 29
176 135
184 107
49 38
184 182
175 197
22 87
107 135
127 146
42 159
47 44
152 17
19 169
163 40
70 176
193 99
141 174
16 86
158 29
167 39
155 101
75 17
22 174
80 176
167 172
166 39
96 169
139 83
127 126
165 57
197 54
86 146
149 40
57 181
29 56
131 81
29 26
97 5
141 107
159 60
177 137
25 8
158 134
169 149
122 135
27 139
193 166
40 184
146 50
129 176
187 145
97 53
134 15
44 103
80 60
131 190
29 53
177 70
88 94
75 13
117 172
101 107
62 81
27 134
116 17
182 56
6 90
131 13
181 44
137 34
34 141
163 44
44 193
19 165
40 181
85 146
56 117
6 47
98 75
81 116
86 62
25 53
97 47
3 42
32 98
129 25
8 80
19 25
187 184
58 139
80 122
44 7
117 65
174 3
5 65
159 26
13 116
99 198
149 87
145 85
184 127
28 188
174 90
98 85
39 197
83 152
193 16
157 28
83 94
149 193
87 32
40 16
157 88
13 172
146 87
80 56
39 157
146 128
53 87
128 107
190 182
47 29
152 75
5 115
65 53
181 87
5 60
187 87
197 127
146 73
127 117
17 109
88 39
149 47
131 17
181 17
90 58
38 176
27 17
40 28
85 174
177 13
49 96
34 40
184 157
86 187
49 19
139 13
166 81
96 34
97 163
134 126
40 145
115 50
158 141
94 7
91 50
167 193
13 149
169 166
58 85
17 60
157 107
167 187
190 34
86 13
181 166
27 49
27 53
134 29
177 91
96 39
81 198
28 146
80 81
32 137
1 137
3 116
50 65
137 91
42 29
159 146
190 25
83 145
101 115
187 128
99 169
115 166
22 159
26 139
175 27
58 87
81 135
134 157
155 158
67 165
155 162
49 139
94 146
167 25
117 152
135 8
146 111
152 188
98 34
28 3
90 126
96 28
181 188
16 139
137 111
126 26
60 3
88 197
67 58
16 54
85 16
1 181
198 7
128 90
42 26
96 126
87 40
152 6
101 163
1 177
47 22
155 88
175 28
176 162
53 117
80 86
141 19
128 27
182 73
47 197
158 17
103 80
47 25
116 57
145 34
13 70
165 1
131 139
81 159
94 152
128 80
167 198
26 165
163 135
7 86
162 80
3 6
109 182
70 34
53 1
190 40
117 5
197 38
190 16
40 134
1 27
176 166
58 101
85 83
165 27
174 188
34 182
188 198
85 86
67 155
60 149
32 134
56 162
107 54
90 169
75 32
38 162
26 167
8 111
159 5
90 34
181 73
15 101
109 190
58 60
197 155
158 198
60 26
135 157
3 176
85 177
103 27
128 7
42 174
