200 10000
52 186
42 23
153 13
91 186
62 148
96 65
149 156
28 198
12 186
68 39
33 197
42 30
96 53
187 200
109 80
86 118
108 2
28 124
162 27
1 6
46 93
129 87
187 113
182 115
140 79
168 94
54 195
91 34
68 69
86 127
176 39
14 189
150 34
100 23
32 188
62 127
18 104
165 152
171 80
48 147
134 8
51 59
83 141
140 152
153 2
43 107
101 53
191 152
187 177
134 152
62 57
56 94
56 76
176 71
121 39
199 139
101 88
43 192
91 115
70 186
49 144
182 152
168 166
72 117
176 128
101 105
150 77
38 192
15 60
174 192
7 92
46 71
169 166
37 177
131 67
101 58
14 184
131 144
55 180
86 31
95 130
7 87
132 193
62 63
181 20
171 20
182 44
164 120
132 158
196 93
43 128
191 189
143 2
121 160
7 77
64 71
153 20
100 77
179 133
49 94
150 152
179 71
154 195
123 170
29 166
68 151
5 166
143 35
73 157
3 160
21 118
91 117
55 156
97 146
199 59
100 119
191 103
16 8
159 170
196 30
78 189
56 60
162 130
18 119
37 6
47 107
95 27
121 156
136 124
95 186
5 104
42 183
122 141
61 120
15 189
164 22
51 88
100 120
140 71
91 71
167 63
112 17
159 193
194 198
169 195
54 120
56 188
129 76
169 67
89 127
21 192
178 139
154 23
136 35
138 120
154 77
37 184
126 130
68 170
131 135
66 11
3 188
96 6
41 93
101 180
174 22
55 170
98 34
18 114
86 173
111 124
81 90
91 93
154 58
179 24
64 90
196 147
45 148
81 145
174 183
199 58
68 148
171 4
121 27
1 82
32 170
54 180
162 20
45 114
138 105
169 20
149 2
179 17
56 8
15 124
136 65
72 160
100 160
116 195
41 113
28 113
199 2
74 107
32 193
123 120
159 104
21 79
154 27
42 172
199 115
111 144
123 103
37 34
187 158
55 30
47 6
25 30
112 115
25 157
162 192
164 75
7 69
182 50
64 133
149 177
40 166
134 114
150 166
62 50
179 197
42 175
129 110
122 11
16 130
70 133
191 173
162 200
190 87
62 31
111 23
131 195
129 146
32 23
83 130
54 20
122 80
196 188
176 88
7 186
49 36
136 166
140 175
15 113
132 166
64 110
125 137
185 39
196 133
48 139
16 173
62 35
136 193
194 137
165 161
149 35
49 148
108 20
101 186
194 23
98 160
86 88
179 189
29 104
126 189
1 44
52 39
43 144
143 59
33 198
101 197
112 27
64 80
167 180
190 151
91 88
159 87
153 94
143 156
3 186
73 148
25 50
38 106
101 87
37 189
64 198
187 79
91 58
64 84
97 147
68 147
7 139
5 183
21 155
74 177
187 139
196 183
15 2
52 145
143 94
108 128
196 6
116 76
7 93
194 35
116 75
1 137
16 34
196 105
47 65
26 118
7 117
62 163
49 173
181 161
97 105
123 99
116 155
98 23
97 53
169 36
91 152
33 22
64 103
33 135
168 193
12 124
14 36
182 151
45 198
111 152
33 17
111 102
70 118
54 189
112 92
74 85
18 63
81 155
61 39
33 200
191 58
196 157
61 146
70 44
61 106
52 114
5 141
21 107
15 106
121 77
43 172
159 137
174 130
131 30
179 184
174 110
54 184
3 114
3 139
116 34
164 173
70 145
49 22
199 151
167 146
108 22
19 67
176 22
108 90
199 155
125 30
64 114
52 130
142 133
78 115
136 80
29 88
95 145
140 193
74 67
185 113
41 50
38 8
143 102
1 27
154 186
29 186
132 170
185 192
142 145
70 113
143 184
131 44
14 163
91 67
169 158
51 139
132 76
1 161
187 115
95 124
132 27
181 200
171 34
136 24
169 163
123 189
154 157
46 117
100 80
159 79
52 103
98 102
12 8
111 93
72 166
112 23
112 155
43 57
159 144
142 53
52 170
164 172
182 105
33 146
182 166
129 148
29 200
168 114
174 79
190 127
7 120
73 195
98 128
109 135
116 84
1 141
51 160
42 146
154 124
42 173
48 106
48 135
164 77
45 177
52 127
134 173
121 144
179 163
108 39
191 75
199 200
81 139
140 69
33 148
182 58
108 193
54 63
26 113
7 2
29 128
167 50
123 80
14 75
126 102
38 133
62 99
168 117
138 170
154 119
97 34
33 114
140 120
7 90
43 163
26 184
5 107
28 146
19 163
111 27
52 192
72 22
123 113
54 82
74 158
61 141
97 189
9 166
28 115
98 39
98 4
95 103
129 82
126 180
191 60
178 133
168 177
179 8
42 147
18 36
5 84
131 192
97 60
178 147
51 104
86 188
96 2
194 110
18 79
136 58
42 6
154 184
122 24
108 31
43 173
68 172
108 57
48 93
112 50
96 22
164 87
126 34
169 58
18 94
46 34
47 8
182 22
190 76
122 177
174 170
26 79
122 77
73 80
126 23
153 99
78 106
52 102
154 106
66 17
62 88
1 65
5 23
81 17
54 175
91 157
143 118
121 85
55 173
72 173
171 8
126 147
140 186
191 35
14 79
190 173
5 192
25 115
162 137
45 99
16 106
182 130
168 144
46 27
25 197
32 59
185 87
132 105
52 161
164 148
187 34
129 84
43 92
1 69
185 151
61 4
164 107
26 23
140 110
54 67
38 67
164 13
83 22
81 76
112 175
74 22
112 183
14 115
101 195
48 151
138 155
68 60
98 189
196 180
55 110
167 130
185 158
190 113
61 198
29 6
3 60
159 160
96 82
185 35
72 44
48 118
143 160
196 103
96 63
78 184
37 114
125 144
101 27
190 177
150 93
62 84
143 65
125 184
174 120
16 99
129 180
91 105
64 119
122 173
62 188
46 77
138 77
100 180
72 50
47 34
143 186
40 110
96 30
41 27
40 30
199 88
28 23
42 197
142 117
10 93
98 93
74 53
123 147
7 141
125 102
21 148
179 11
41 127
73 87
165 137
187 36
64 197
134 94
78 137
19 145
122 17
149 63
43 8
136 82
89 183
121 192
25 92
15 119
47 11
191 77
47 193
78 30
49 79
122 195
190 200
45 193
97 107
32 183
9 85
3 103
109 177
42 39
100 152
153 118
72 84
29 4
29 195
14 99
131 76
89 118
199 24
149 172
74 166
56 200
19 13
112 186
89 20
12 90
12 22
199 137
169 114
48 63
37 200
41 141
122 6
194 120
18 118
169 88
72 59
81 82
154 147
62 180
89 77
7 113
42 184
37 115
154 114
47 71
126 63
162 69
199 128
116 80
86 90
19 158
10 141
78 151
21 200
123 36
18 50
154 57
41 85
37 186
33 158
73 88
196 128
150 94
9 180
179 87
95 160
178 8
9 144
55 50
12 50
72 137
190 71
178 31
111 158
40 11
95 104
38 4
109 17
56 23
46 2
72 65
38 124
86 137
153 172
129 50
171 148
108 155
16 71
150 30
29 124
46 145
9 115
125 175
43 22
95 80
68 17
43 124
138 172
16 60
178 103
182 144
49 39
123 35
96 107
134 166
190 67
108 197
32 130
66 137
101 76
18 155
112 57
96 106
91 148
149 58
42 102
48 173
81 127
168 172
96 175
16 158
191 80
14 8
43 94
86 65
176 158
40 192
78 59
68 85
169 128
149 117
73 17
164 39
109 124
66 105
41 75
89 105
78 172
98 117
48 128
37 117
74 151
83 170
66 65
10 139
191 63
154 59
140 103
66 75
89 23
70 92
199 156
29 79
179 183
134 144
83 84
89 115
178 151
42 127
42 161
81 92
162 17
70 69
89 148
46 75
73 130
19 119
126 85
91 170
61 115
15 8
136 148
48 172
1 4
89 107
167 151
181 85
32 44
169 145
122 105
101 80
153 127
64 88
122 36
153 36
174 102
132 198
199 152
199 75
91 130
100 175
33 156
108 27
187 137
41 60
19 60
15 152
165 44
199 80
149 60
132 44
185 166
46 30
109 193
28 84
149 157
126 77
32 119
12 189
108 120
33 44
123 195
73 31
97 71
111 120
25 107
12 71
45 173
153 93
140 170
174 139
194 147
126 106
25 124
70 17
108 30
32 113
43 189
134 184
111 6
126 158
38 80
159 4
25 22
68 146
109 84
111 118
41 186
153 39
126 135
12 99
10 92
62 130
12 147
190 148
3 82
150 128
182 75
138 166
100 24
43 44
26 200
89 198
136 161
149 39
15 23
25 60
169 103
43 127
3 130
97 106
174 88
41 145
49 23
19 17
1 99
149 85
154 85
182 172
49 118
18 99
91 90
176 13
19 2
45 128
123 82
140 8
33 57
178 23
138 147
165 146
150 58
121 75
164 53
96 80
55 127
169 130
83 99
32 90
164 141
149 173
66 158
54 139
190 139
19 198
52 59
121 11
111 193
123 198
98 110
131 148
48 30
164 31
187 128
83 59
190 58
40 107
168 151
154 22
132 160
68 189
55 71
109 170
174 63
3 75
159 107
136 175
199 197
18 44
108 146
132 85
38 57
121 119
89 170
154 160
98 161
108 186
121 65
41 124
29 156
86 110
143 144
98 119
25 85
66 157
165 27
138 177
83 39
48 104
176 6
182 107
89 50
136 4
70 50
181 163
98 137
123 157
101 6
100 35
49 105
112 137
64 69
28 35
19 166
138 23
159 166
73 76
178 127
74 160
54 65
78 104
19 24
26 13
154 44
78 197
132 152
138 80
179 156
26 84
74 144
169 175
185 177
165 102
72 119
159 44
142 115
125 71
42 144
66 146
187 141
123 75
12 17
25 117
18 151
96 103
162 128
185 59
68 31
47 147
126 119
7 13
153 50
46 107
62 145
55 139
143 103
42 99
10 71
83 94
154 193
185 146
66 92
100 128
140 2
182 160
143 82
165 80
66 151
109 58
43 4
122 114
33 184
171 144
167 92
174 77
43 63
98 79
95 183
191 79
136 106
72 99
171 156
32 8
138 103
29 175
89 163
108 161
48 113
182 128
10 90
109 118
14 156
194 84
162 166
19 157
5 135
70 173
78 155
5 188
26 39
16 44
116 157
185 80
64 34
3 79
187 69
70 77
19 156
33 133
16 124
176 157
98 170
32 110
149 195
111 31
95 84
21 4
45 160
83 82
181 198
61 105
54 104
165 144
70 106
196 11
46 160
121 58
16 63
70 99
182 65
185 93
56 117
165 53
45 80
98 156
181 99
150 84
26 177
46 76
109 79
126 59
168 84
32 79
64 155
33 147
81 60
96 59
100 188
129 193
52 20
48 60
108 59
111 92
178 157
21 85
25 44
176 11
181 17
21 23
10 188
62 93
83 139
26 58
116 104
21 197
45 58
190 107
174 92
51 90
181 76
52 160
122 58
167 195
12 57
109 53
176 75
29 76
54 90
185 82
68 119
153 76
10 113
26 195
126 200
12 145
64 183
45 31
162 106
74 200
138 152
190 2
47 128
7 24
29 189
97 85
81 110
10 57
40 120
61 71
101 119
89 76
165 145
168 146
112 90
153 88
78 94
162 60
131 90
132 147
131 87
18 77
42 77
179 120
51 200
109 44
108 127
16 114
196 166
3 195
171 197
48 161
142 157
165 139
143 39
16 113
9 200
164 69
47 53
74 105
86 57
66 31
38 148
21 22
46 53
98 175
51 77
26 2
138 36
81 71
131 4
32 189
10 99
9 120
121 94
109 146
73 106
129 118
25 87
121 67
190 193
136 60
149 80
81 80
154 36
12 158
150 135
73 103
54 110
74 157
29 105
55 80
41 156
142 144
165 103
14 105
55 184
62 2
121 50
61 186
37 57
199 172
64 105
54 59
89 58
12 180
28 117
48 67
132 60
29 192
131 2
153 146
86 184
38 22
143 120
142 84
10 103
138 82
52 67
86 158
149 30
9 183
5 90
68 110
38 119
46 20
143 137
136 186
74 161
96 75
176 183
123 163
136 71
55 145
21 110
61 177
46 58
185 69
121 22
164 133
187 30
108 137
132 104
125 34
41 128
68 195
41 198
153 79
78 34
68 90
66 113
72 27
190 4
46 59
12 65
64 22
108 17
81 157
171 103
116 158
45 139
125 82
56 103
190 57
123 107
56 173
45 145
78 188
47 93
168 59
142 102
18 193
101 11
178 102
168 4
153 148
45 53
112 151
98 92
1 163
64 67
185 105
61 128
37 69
121 186
49 124
46 141
96 99
171 107
55 31
49 158
78 77
15 71
154 76
129 69
62 161
196 184
122 155
121 183
62 102
123 23
199 79
1 117
83 76
187 183
153 34
38 102
108 82
159 119
111 192
169 84
19 8
7 59
97 156
108 157
116 146
37 155
49 156
101 94
83 75
191 84
83 63
52 128
91 75
109 13
129 141
140 93
121 130
96 77
149 6
174 148
42 80
78 24
179 135
49 117
171 57
129 59
132 130
40 184
70 102
196 17
28 144
142 34
171 110
179 139
150 118
52 155
196 13
14 22
108 104
56 58
89 35
49 175
176 145
199 87
136 102
138 60
68 105
47 161
95 87
196 107
46 137
126 93
48 65
21 172
25 2
134 180
70 161
15 141
129 130
179 141
168 104
196 87
83 158
143 163
83 80
28 192
40 31
21 31
191 177
83 177
97 103
179 69
149 94
134 80
168 139
21 180
123 172
5 24
149 141
3 85
5 34
199 193
73 146
131 59
96 90
194 141
7 195
52 24
169 141
66 144
64 24
91 104
73 35
51 85
96 11
97 93
129 160
48 156
109 23
19 105
168 67
26 120
149 93
121 4
56 197
100 22
83 133
143 57
48 195
49 67
29 24
51 102
41 175
25 141
116 67
176 127
56 148
89 110
167 57
142 130
136 88
96 87
29 63
171 189
132 58
179 157
165 35
10 127
132 99
29 8
73 24
14 77
154 115
64 27
178 118
182 117
187 82
171 31
61 34
131 137
98 127
51 57
3 197
32 57
96 124
52 30
199 92
108 88
100 75
154 88
123 192
142 20
1 92
150 67
25 103
134 44
42 119
49 127
132 6
165 166
121 104
98 57
142 2
142 92
191 183
86 22
1 59
191 147
150 24
49 128
185 76
42 118
15 92
51 147
171 76
185 133
167 99
3 102
101 170
78 161
83 148
169 124
48 88
162 163
154 180
74 76
125 90
21 144
38 127
5 127
143 34
89 13
89 84
98 90
95 31
10 4
26 85
187 85
196 80
18 4
143 107
159 63
16 119
7 152
70 85
37 156
54 94
159 94
55 118
15 31
18 198
125 53
61 139
5 58
196 198
9 197
78 53
64 82
169 192
181 172
165 173
162 75
18 135
19 144
116 135
97 193
125 115
136 93
66 22
19 172
78 22
10 35
19 106
187 71
16 110
74 113
164 84
123 184
38 79
143 128
143 92
140 35
187 124
165 105
181 157
61 155
97 133
45 6
191 197
143 58
167 198
142 137
109 192
83 137
111 36
62 27
38 141
149 106
86 163
169 44
45 141
162 152
194 173
108 133
181 166
41 166
190 141
122 103
174 189
28 94
138 180
18 188
168 110
194 192
21 106
19 75
150 180
143 27
191 119
10 177
72 94
56 4
136 200
10 175
61 50
136 156
16 133
40 90
5 71
29 17
25 11
121 146
97 135
95 117
46 80
66 67
169 152
111 2
26 20
43 110
7 88
12 36
98 124
121 31
134 117
81 119
52 27
101 173
38 166
142 63
174 44
38 44
95 198
51 117
43 133
169 200
16 36
73 20
96 180
9 118
32 93
136 195
66 69
52 175
101 71
19 20
98 118
126 198
81 6
56 195
111 11
37 77
55 13
51 137
187 77
174 27
49 57
74 139
101 158
138 67
52 189
112 173
47 183
95 53
165 88
109 2
174 163
32 20
159 34
101 24
74 197
129 105
129 6
1 135
74 17
43 147
64 36
194 163
51 156
41 6
72 107
25 173
126 156
68 57
15 35
131 53
169 13
111 106
3 13
169 82
38 152
9 11
162 85
29 198
42 35
15 20
122 35
42 67
70 6
26 135
125 104
136 69
1 124
176 110
178 80
45 161
142 39
131 11
86 106
194 20
40 127
174 4
171 130
190 30
165 13
29 152
54 114
159 71
143 170
56 80
12 53
164 188
33 172
51 35
142 11
176 77
86 104
42 156
40 183
95 135
33 59
138 65
10 36
45 103
51 79
109 127
42 110
116 120
108 76
109 172
61 175
164 67
45 147
136 147
108 94
100 193
97 50
111 30
109 104
169 2
108 102
41 94
7 4
159 124
68 8
174 166
95 11
100 151
181 170
178 124
101 2
100 166
153 8
81 141
96 105
178 90
125 92
100 6
15 110
38 92
40 137
14 166
191 30
162 77
86 198
162 88
136 57
129 188
174 114
168 148
72 200
12 161
19 6
194 145
143 145
159 82
182 17
83 114
126 157
43 198
68 77
86 102
51 158
55 144
134 99
96 39
191 193
159 50
29 173
16 120
142 31
89 87
111 130
51 195
109 50
100 30
95 58
47 60
86 152
48 36
66 79
21 76
126 148
81 166
116 44
167 20
154 130
83 8
162 104
185 183
150 2
26 59
73 117
40 22
143 161
70 119
19 107
45 157
101 184
72 103
62 146
9 8
150 36
109 107
9 145
26 30
49 170
32 34
153 135
21 2
185 90
70 27
134 93
131 114
5 161
74 180
43 31
112 30
43 53
121 8
190 102
125 156
15 80
43 17
131 186
111 57
12 105
136 27
171 158
33 63
167 127
169 63
45 82
95 30
7 75
89 160
169 172
196 84
181 193
199 77
136 8
126 88
72 157
37 67
21 120
81 13
12 148
42 85
185 195
142 35
100 106
190 103
73 6
159 102
26 192
64 172
37 71
83 117
10 34
95 67
131 13
83 173
38 156
191 180
12 120
194 71
194 114
95 195
29 177
162 135
86 192
125 77
89 63
179 20
16 148
196 139
12 59
96 79
196 65
121 135
129 163
196 160
68 128
132 146
171 75
10 11
15 135
112 172
83 85
78 44
182 82
66 173
171 105
181 75
89 172
131 22
182 4
194 8
47 114
68 75
48 99
132 124
134 130
48 79
26 137
14 24
97 177
181 195
7 22
33 130
64 6
81 31
29 11
143 13
126 170
14 113
97 82
38 36
185 145
45 117
74 147
143 84
100 157
126 11
56 36
51 50
61 124
187 57
181 50
46 152
14 88
122 118
164 158
62 79
25 119
18 82
14 44
62 90
74 133
164 63
100 198
132 139
15 58
169 102
153 157
159 148
112 117
16 50
185 71
194 50
66 152
122 183
168 163
196 94
140 180
181 119
121 44
178 50
28 99
125 65
95 88
16 6
142 197
9 198
101 50
153 67
132 59
123 84
196 114
55 160
196 69
49 103
10 80
48 53
134 35
122 133
64 161
19 50
178 34
40 193
41 84
40 117
68 34
194 85
178 183
132 184
162 118
14 11
199 175
134 105
14 110
121 106
25 152
45 104
32 128
43 24
179 119
73 107
129 24
176 79
191 104
122 197
12 200
178 146
122 160
33 161
51 172
70 71
125 69
29 93
140 117
1 71
98 198
187 88
3 92
134 34
109 117
91 158
33 102
38 200
121 90
112 110
196 63
47 135
136 13
167 105
181 147
116 193
191 57
122 127
181 130
154 82
182 77
15 11
47 82
95 184
136 197
190 36
56 30
132 103
72 192
64 141
121 157
174 90
47 59
171 151
164 27
73 13
181 106
178 189
25 93
68 161
51 170
122 92
122 146
96 50
73 71
159 39
81 195
140 115
72 53
56 65
178 120
126 118
21 88
81 4
73 144
126 110
61 67
89 6
89 120
51 76
37 141
91 119
98 87
28 183
194 27
142 93
55 148
199 119
7 148
10 172
121 158
83 71
25 120
3 24
97 200
108 60
171 155
5 137
95 107
191 172
134 148
187 35
91 6
182 195
134 137
37 65
3 69
181 117
47 120
109 175
70 166
42 192
66 107
95 39
167 192
159 58
14 183
33 145
40 200
196 155
168 77
74 79
179 180
47 23
73 4
126 99
116 94
33 175
83 115
191 139
159 158
54 84
181 102
3 110
62 135
174 94
142 90
55 39
68 157
179 2
122 87
9 2
68 117
55 4
1 60
181 63
169 120
116 115
122 186
14 117
40 65
9 80
125 135
32 114
181 22
185 44
95 105
47 30
140 23
9 93
26 180
142 158
74 65
100 50
81 107
54 39
165 197
138 117
12 117
182 156
14 53
185 163
9 113
178 180
176 87
191 76
112 118
112 184
150 184
21 151
96 130
164 130
167 60
3 87
47 139
179 177
14 90
9 173
174 127
129 172
91 163
98 88
134 36
62 87
131 193
42 113
52 110
49 130
29 193
49 180
72 31
48 34
96 85
14 6
122 172
29 183
47 58
74 173
96 127
32 195
25 128
168 58
125 160
10 30
72 63
73 160
176 69
125 152
132 180
174 8
26 198
46 57
123 67
66 147
62 157
196 192
131 23
178 82
26 156
18 152
171 104
68 87
171 65
37 50
142 113
49 13
81 172
28 158
187 127
97 128
167 36
129 57
97 166
47 57
26 193
164 198
116 119
46 99
89 158
187 24
181 183
169 155
9 147
100 148
182 30
150 189
83 11
72 170
125 177
194 115
55 147
126 166
51 94
45 17
45 20
86 156
162 65
74 84
131 157
167 76
5 59
165 82
45 84
174 105
121 80
43 35
162 71
38 59
132 117
123 158
171 180
167 120
72 69
165 141
46 82
41 39
28 155
101 115
179 59
1 177
129 71
191 158
116 148
10 200
101 130
95 57
190 163
174 193
174 117
182 35
143 60
15 148
89 128
29 188
51 166
48 39
55 107
182 106
97 188
41 147
165 79
131 102
86 4
37 24
194 133
56 144
33 170
178 145
49 104
98 104
56 82
109 188
70 2
55 115
164 35
134 133
165 184
95 157
111 141
33 60
25 105
168 133
43 158
18 120
33 157
178 63
62 20
51 4
136 115
91 118
47 156
169 113
132 75
194 11
97 90
178 195
25 186
132 172
196 60
96 172
101 117
179 6
14 188
164 99
66 35
171 152
138 79
194 24
154 39
126 103
129 4
29 69
97 157
153 184
185 161
97 17
138 24
37 158
154 53
122 67
5 75
15 67
78 69
70 175
123 166
62 173
74 44
162 31
66 84
162 119
51 99
138 94
48 180
164 36
132 102
109 183
5 82
51 188
49 84
15 145
140 184
138 53
56 6
55 58
143 90
5 177
21 113
7 20
167 119
109 35
66 39
179 30
181 146
81 77
125 148
182 92
21 75
199 99
126 137
98 67
162 39
28 2
149 90
5 20
15 173
62 13
179 198
191 175
165 36
125 124
86 59
174 155
68 27
171 69
74 6
28 67
61 102
181 57
168 124
78 58
95 119
54 177
142 163
15 85
32 106
97 69
168 189
132 110
68 193
178 71
46 170
25 99
56 106
194 135
168 200
116 151
101 82
179 106
54 102
187 63
26 117
116 90
132 107
89 192
132 71
98 130
129 113
3 31
176 106
55 200
162 144
32 84
16 195
10 27
1 173
3 137
47 69
52 79
196 163
150 90
100 11
14 13
68 145
134 175
21 65
171 2
150 113
179 99
154 2
56 146
12 183
70 36
109 110
129 197
100 195
41 31
154 133
123 11
37 120
10 198
153 177
66 6
138 161
55 117
140 145
89 69
45 85
28 189
149 133
187 4
42 82
138 133
179 155
40 133
37 31
68 198
149 79
7 6
181 145
64 188
14 139
140 99
168 23
18 27
150 141
125 183
129 184
38 120
153 11
25 148
43 151
26 115
26 24
194 93
47 157
51 155
98 133
73 137
73 69
56 75
81 8
40 71
12 11
56 99
40 106
112 35
168 118
9 94
32 4
91 147
3 57
138 107
116 124
72 184
111 59
33 79
150 157
7 135
165 31
149 92
51 44
196 2
165 76
164 147
131 175
131 188
123 110
140 50
165 75
72 6
116 8
40 27
28 103
41 110
81 35
149 20
62 104
165 99
86 105
191 170
112 76
37 63
100 144
131 34
49 99
131 92
29 130
7 53
131 107
116 99
134 103
18 197
129 151
1 34
138 186
164 65
42 186
47 160
3 6
159 65
100 192
176 113
45 88
199 44
46 87
14 103
15 192
18 189
154 141
126 53
86 75
29 35
143 127
3 65
15 99
83 113
15 114
185 103
52 106
164 11
62 200
129 94
97 110
191 65
64 124
95 36
111 155
15 69
74 156
12 31
140 172
41 184
25 90
98 107
164 4
165 90
81 200
181 177
150 155
140 200
178 113
12 198
37 175
38 71
38 11
116 92
167 17
196 170
19 11
46 146
5 87
19 188
97 36
176 133
70 24
28 8
111 53
134 141
72 161
32 94
111 103
42 155
16 2
5 17
64 79
62 65
25 188
46 148
29 119
26 107
26 147
12 58
162 141
109 114
168 173
37 198
167 163
41 158
56 13
61 92
25 137
9 87
182 120
138 31
167 69
52 85
83 124
167 133
7 27
48 58
185 160
142 80
52 156
26 158
48 105
150 20
194 103
162 22
91 135
51 8
78 11
95 76
109 186
142 4
131 27
116 85
78 84
86 119
176 146
169 144
190 35
56 53
182 13
131 93
37 135
125 63
169 188
81 177
43 184
43 69
14 58
111 113
167 27
191 24
1 53
164 23
45 113
138 163
187 27
168 17
19 180
48 110
52 198
54 152
46 192
138 58
66 183
190 8
125 13
178 128
111 63
56 139
42 59
3 104
185 88
16 145
74 13
49 113
81 88
153 137
95 180
108 118
28 31
55 6
45 34
150 133
96 155
7 105
174 156
112 163
89 80
64 99
143 44
179 67
138 151
21 82
61 31
97 161
168 183
182 53
171 175
132 177
199 11
19 113
40 92
116 139
9 90
18 67
154 188
5 44
56 71
112 77
26 102
3 4
49 92
48 141
169 105
179 13
45 197
196 71
194 106
187 130
91 82
25 4
122 63
15 166
10 192
54 6
167 155
33 152
149 146
162 180
52 6
54 146
194 75
101 144
129 115
48 75
9 79
153 114
169 151
182 76
122 151
46 120
9 175
140 13
64 130
54 160
97 77
73 188
12 115
125 193
181 160
154 50
165 104
46 17
16 39
25 39
33 137
37 166
116 163
16 183
10 63
165 127
10 130
171 85
153 163
78 147
55 141
66 85
1 127
159 147
116 87
81 106
40 84
78 103
9 184
181 103
61 188
162 186
153 69
32 198
100 135
41 35
131 177
149 34
112 65
40 135
181 127
91 103
72 13
70 163
176 160
70 88
72 188
122 148
125 2
164 44
48 13
42 94
61 36
10 173
68 114
74 120
190 158
16 20
199 161
46 67
40 63
98 53
126 151
15 107
70 124
45 130
49 63
132 163
138 192
29 106
32 127
125 128
45 92
191 50
190 50
136 189
86 195
25 158
96 119
33 31
122 13
140 87
194 183
61 195
73 23
68 92
25 6
26 35
150 8
10 147
54 193
12 93
41 79
199 4
181 30
38 20
1 30
78 79
132 65
7 85
78 20
25 170
154 183
187 156
122 27
194 200
9 67
19 87
46 189
138 63
32 161
101 79
169 79
78 170
61 2
9 135
41 104
37 99
21 163
140 17
168 53
19 39
178 106
9 117
89 124
187 172
28 173
41 180
190 195
134 31
112 124
134 163
159 139
19 186
140 144
194 17
18 6
5 200
116 183
150 193
149 22
68 93
41 30
159 59
83 88
176 180
129 30
61 193
150 188
178 87
126 60
56 193
111 44
70 84
86 2
136 85
26 186
129 8
131 8
74 137
16 104
91 180
81 84
111 151
10 110
49 133
38 107
62 85
169 198
138 2
179 36
171 137
97 186
49 152
43 76
196 197
131 124
68 183
168 65
74 110
159 197
51 36
83 2
167 8
78 57
121 193
40 93
111 24
10 23
140 84
196 44
142 161
25 104
140 160
181 139
149 76
164 200
196 130
41 2
176 50
19 59
149 135
136 119
121 114
64 184
101 92
12 76
83 127
10 102
150 147
81 118
26 22
168 155
1 120
25 193
125 170
162 145
56 110
91 189
167 170
174 172
55 133
1 17
52 157
56 102
89 102
98 152
40 189
12 13
159 85
190 80
143 139
32 17
41 183
142 119
121 107
168 137
171 161
72 30
162 157
43 156
9 170
21 80
159 133
112 135
10 88
174 69
171 79
123 76
168 102
123 139
47 117
55 60
68 104
169 60
55 119
162 146
43 161
185 85
21 135
48 158
194 102
168 22
129 17
14 193
19 195
116 166
96 197
132 94
40 44
62 197
142 148
54 79
68 88
25 146
91 144
54 118
62 177
49 200
168 87
5 170
49 27
149 161
3 192
174 84
191 59
168 75
101 31
3 77
68 155
109 67
54 128
149 183
41 117
165 160
70 120
185 175
19 58
1 189
149 69
134 193
108 115
89 155
164 189
89 104
125 79
89 161
18 172
21 57
191 93
140 156
182 6
29 160
81 180
150 186
28 17
131 63
100 20
136 184
134 151
95 34
33 30
150 102
21 90
25 17
74 58
150 170
19 36
112 197
16 90
49 106
70 158
64 85
116 186
74 27
52 35
165 156
3 67
42 24
86 67
185 198
26 53
131 110
190 175
98 166
89 157
153 193
167 30
21 175
187 170
122 161
112 105
182 20
55 87
51 152
199 177
1 90
171 92
86 155
18 141
185 67
37 80
122 115
1 157
48 137
171 127
138 144
131 160
181 124
125 20
28 127
150 79
97 79
91 114
10 8
66 188
178 58
97 84
43 175
47 87
9 59
81 198
111 88
174 175
73 161
19 77
38 27
83 166
18 115
15 127
108 75
167 23
122 198
123 115
159 146
191 87
122 57
66 175
3 128
10 69
181 35
143 189
164 139
164 82
37 146
54 69
159 151
18 107
7 183
32 63
185 84
190 192
112 4
167 22
199 183
134 120
5 119
149 114
136 151
149 31
15 177
181 94
25 195
40 160
153 115
111 197
134 17
134 13
168 198
196 92
194 184
121 105
176 20
21 71
86 99
142 13
176 99
42 124
52 177
165 115
3 184
18 156
15 172
73 59
191 200
29 75
182 90
134 67
168 128
42 11
191 92
40 175
70 128
70 195
96 58
9 148
56 186
123 118
42 148
116 117
116 53
162 170
168 180
5 152
54 87
73 67
54 135
190 13
142 195
109 166
51 189
159 128
61 6
131 71
32 186
66 34
129 186
61 85
21 39
121 88
3 34
154 69
134 195
45 24
176 188
86 76
41 22
14 197
164 160
28 20
37 127
176 130
174 145
1 105
132 173
96 94
7 63
52 11
62 17
125 107
194 67
55 53
111 173
167 94
140 127
138 27
52 200
74 106
190 144
19 200
131 173
196 127
91 195
112 71
16 77
73 127
123 114
70 94
194 77
138 99
18 158
7 58
129 93
43 186
52 90
14 102
159 92
3 35
55 163
96 60
83 200
153 144
14 60
129 22
1 88
109 90
112 146
91 13
159 145
16 163
100 85
28 30
174 113
32 76
18 75
138 87
194 22
154 31
16 35
187 145
81 69
150 80
5 186
167 141
37 124
46 200
40 79
109 20
136 11
62 192
9 84
42 4
91 192
40 151
54 34
182 57
40 59
12 110
131 127
187 175
74 104
46 11
61 192
25 67
140 90
138 130
7 160
125 4
78 93
95 17
174 173
125 6
100 197
14 141
153 103
100 34
10 166
55 146
7 84
41 189
168 88
43 79
49 151
123 145
12 107
122 104
52 135
86 177
1 36
16 157
37 192
154 151
16 141
89 135
178 163
97 152
165 151
116 106
12 188
37 36
101 77
168 60
42 57
167 200
38 189
26 90
3 155
32 155
132 82
171 59
56 145
126 193
26 163
194 99
116 192
83 60
108 184
191 4
3 20
45 133
187 99
81 144
28 34
111 85
18 24
38 34
165 163
149 197
38 146
179 117
143 141
98 75
16 103
150 197
15 133
29 141
109 57
9 188
32 133
101 120
187 102
97 139
136 79
3 144
125 60
72 146
5 145
101 198
12 173
167 35
116 113
150 60
134 198
72 88
164 170
95 110
125 155
12 92
26 104
72 133
26 76
48 85
96 193
154 128
9 34
132 50
182 110
83 145
162 13
178 158
101 20
7 200
42 180
83 197
54 31
1 63
167 75
5 36
185 137
194 177
33 93
91 193
176 147
38 172
181 79
9 27
176 148
48 87
68 197
70 30
40 36
162 124
176 107
49 186
28 65
12 139
43 93
64 4
21 104
142 188
16 27
199 60
97 57
162 57
112 158
150 39
28 60
47 137
64 175
45 87
121 53
15 65
116 127
61 22
136 50
165 71
125 58
143 93
138 34
9 104
143 113
112 139
187 92
126 31
86 161
171 186
21 152
66 88
98 2
46 173
108 198
3 84
47 173
1 23
194 172
100 107
164 88
140 44
55 69
126 133
28 145
153 24
129 85
109 105
164 157
7 189
25 156
29 102
21 158
81 133
138 124
70 144
199 135
179 35
176 24
190 170
194 146
176 17
97 44
112 170
109 102
40 34
182 23
47 184
78 133
81 188
121 71
129 128
70 59
78 158
70 82
48 197
7 147
101 200
48 198
149 118
190 93
86 82
45 93
48 4
149 17
16 85
56 27
112 22
196 195
52 120
153 152
97 92
72 186
187 93
108 175
98 80
5 53
5 13
1 152
101 152
199 133
196 145
25 57
68 139
199 67
81 93
143 110
1 155
126 6
9 39
73 110
108 4
5 114
122 124
28 147
66 2
29 53
162 173
66 119
142 155
178 11
42 188
72 104
51 87
1 106
164 155
182 158
95 75
91 87
70 180
111 157
112 20
98 120
3 58
46 39
33 36
194 188
41 59
169 157
5 197
28 88
68 76
109 128
149 75
108 105
55 99
131 77
97 172
111 177
68 192
56 115
81 65
181 65
16 115
38 31
46 147
97 87
66 59
41 76
181 114
45 75
178 44
42 93
138 39
15 103
74 20
185 148
37 23
21 63
98 135
121 69
15 175
129 35
26 170
28 119
61 84
43 11
38 163
5 118
52 195
73 39
86 79
21 69
86 8
123 146
89 44
169 148
64 106
52 2
136 63
109 119
101 156
199 50
165 17
176 44
108 144
70 184
47 80
73 99
41 92
131 60
121 24
78 119
181 107
194 107
167 71
33 173
108 24
18 92
150 11
42 105
55 130
54 24
108 130
179 104
10 84
25 163
26 160
125 173
70 8
72 193
12 151
178 197
125 24
51 124
116 11
187 173
194 69
3 175
40 82
25 58
187 186
33 2
51 93
37 152
61 63
10 115
97 127
29 58
100 146
109 31
15 87
62 166
100 63
68 35
171 13
150 127
91 2
149 115
123 22
45 146
153 80
176 102
199 118
176 57
121 152
182 183
49 145
37 20
174 186
32 87
174 80
19 76
33 192
112 103
66 124
43 6
37 76
10 44
5 39
111 183
61 161
190 130
97 24
199 31
190 161
47 103
136 158
176 152
72 60
62 141
55 2
122 65
142 67
10 184
86 23
49 189
140 94
98 113
15 139
45 79
95 133
176 115
122 39
81 102
164 8
123 50
40 20
142 75
108 166
140 20
121 163
45 8
153 107
149 65
181 133
56 119
181 152
165 110
5 92
169 8
142 30
136 192
37 92
154 24
138 84
112 157
73 75
96 184
61 137
45 115
123 183
54 17
83 120
179 166
43 106
61 157
38 183
38 105
171 114
41 152
66 155
41 133
179 146
187 114
185 130
121 188
142 118
194 151
165 24
150 137
123 177
72 114
49 139
46 118
43 139
70 107
111 146
52 193
46 144
78 163
196 115
32 82
112 200
174 198
16 23
176 155
176 84
169 197
33 128
164 104
165 155
164 180
134 20
169 118
149 175
16 161
179 103
134 4
78 144
51 133
154 113
16 87
122 128
134 157
154 198
48 103
46 103
190 85
134 147
140 119
12 118
54 30
150 76
96 173
142 141
125 130
33 106
42 76
143 193
109 77
28 118
9 77
91 80
190 39
14 147
10 31
181 175
42 13
78 35
73 53
116 156
5 115
168 90
96 133
136 120
7 57
132 157
37 17
101 127
15 13
109 145
12 106
73 119
14 192
52 144
98 200
40 8
182 113
28 6
43 2
29 151
7 8
10 60
129 144
14 151
1 22
56 113
91 124
194 180
142 58
37 44
73 82
9 128
83 23
26 105
54 27
178 141
182 163
28 157
111 105
131 184
7 65
81 24
37 151
150 104
62 113
153 75
55 124
190 17
140 27
38 82
14 65
153 186
178 39
42 160
174 152
134 113
150 177
116 71
191 198
43 117
66 180
196 67
179 147
19 137
64 59
91 4
29 147
174 184
89 151
62 128
143 88
150 23
179 77
7 34
14 130
142 94
38 137
126 128
131 84
47 39
64 137
154 99
132 188
83 24
41 13
83 152
81 152
38 118
28 63
28 27
134 156
108 53
86 13
42 36
32 39
66 128
37 161
16 58
97 99
38 113
72 90
56 107
89 92
64 177
91 11
123 160
165 195
199 17
95 92
15 137
185 65
54 148
91 166
70 193
9 106
18 175
21 141
64 57
40 4
96 115
83 192
64 139
164 24
62 172
74 57
162 2
167 152
95 177
55 157
29 59
32 147
19 104
46 156
149 13
108 177
122 117
187 20
96 36
125 39
40 147
178 105
97 65
121 189
122 84
122 166
14 35
15 30
95 69
140 76
100 76
101 188
131 20
32 135
131 200
199 82
190 106
9 24
51 63
179 85
72 76
47 146
68 163
159 113
95 2
191 53
46 94
129 102
54 156
150 151
73 124
81 137
138 195
196 118
10 85
178 186
153 197
14 31
28 135
14 114
89 133
101 13
5 80
51 161
134 110
167 135
10 58
52 184
190 63
100 118
21 27
162 175
1 58
179 94
185 144
126 144
33 65
176 60
149 137
132 84
123 58
32 75
62 151
70 127
78 50
19 117
47 27
123 130
196 193
41 151
153 156
64 135
33 104
70 57
26 69
16 57
47 144
185 156
199 189
162 36
187 65
168 50
140 63
143 50
176 166
131 82
98 94
5 173
7 118
123 79
16 107
25 183
52 99
178 148
190 186
1 87
21 156
66 120
28 114
5 156
72 124
74 127
100 53
138 59
95 120
164 127
12 94
7 119
45 135
112 180
46 124
122 8
43 152
171 157
96 177
7 198
100 67
91 151
126 8
47 24
122 69
190 147
61 151
123 148
7 114
32 177
191 106
95 161
138 30
169 127
43 200
81 115
72 120
46 133
54 163
48 145
100 103
51 146
86 200
132 77
125 85
96 118
74 130
91 27
100 110
73 36
123 137
74 34
37 137
19 192
3 88
108 200
142 8
37 172
169 107
9 65
182 175
182 114
179 53
51 113
111 184
136 6
149 189
61 80
83 53
108 63
178 93
153 147
55 44
149 27
10 77
153 128
32 60
74 88
185 30
174 23
168 36
49 141
182 36
89 189
49 120
51 173
159 69
159 24
171 87
28 163
154 90
18 166
191 102
70 115
48 31
97 22
73 58
191 36
55 90
191 156
19 160
143 71
132 128
159 60
165 198
150 107
48 76
123 94
16 200
45 118
89 188
181 84
54 170
32 50
143 4
66 94
16 93
52 94
33 50
46 102
100 189
47 175
134 107
134 82
129 20
38 188
126 90
132 148
12 152
194 4
171 170
40 139
18 80
167 184
159 67
14 158
96 145
64 93
159 53
10 186
178 104
47 99
182 141
62 139
138 4
182 146
196 85
174 57
185 139
32 141
174 99
169 77
181 23
48 157
29 34
101 118
153 6
165 124
98 20
61 87
91 44
78 195
154 35
95 128
68 24
96 148
37 144
40 114
109 63
15 36
162 160
125 59
55 151
70 147
28 188
40 163
153 200
181 115
168 192
140 57
83 160
194 13
78 60
159 6
18 39
1 113
40 197
29 117
14 172
95 158
33 120
9 13
168 105
66 71
52 152
98 99
96 151
56 22
66 103
149 50
100 17
47 151
109 76
159 75
95 137
64 23
91 35
89 147
153 106
9 146
132 156
108 117
116 160
49 177
15 104
167 161
101 160
78 183
62 44
52 180
89 106
171 23
78 186
89 75
167 53
51 82
70 110
121 177
190 77
73 170
91 183
9 177
187 59
62 155
62 189
47 198
174 141
136 23
55 155
61 17
72 58
162 44
42 65
116 130
55 22
164 193
9 102
116 180
26 75
126 35
78 102
168 145
81 189
131 31
109 141
52 36
43 155
125 36
174 115
21 170
74 117
18 157
3 50
162 53
74 184
47 35
14 76
14 34
165 50
191 163
46 166
185 31
33 13
72 39
159 117
176 80
28 4
132 133
21 124
12 87
132 113
26 92
41 67
91 50
21 8
132 195
187 155
100 130
16 84
28 166
101 141
100 8
176 139
187 192
46 13
154 135
7 188
46 197
47 186
123 44
37 11
45 163
74 23
38 23
169 184
199 34
26 197
101 175
1 79
129 27
111 189
125 93
5 158
66 192
45 23
185 170
179 160
9 23
33 180
159 195
138 8
66 23
25 130
47 105
167 147
3 36
153 22
45 60
12 135
21 17
37 13
15 77
12 30
48 166
171 106
41 71
49 90
196 4
46 88
190 135
45 172
162 161
123 175
116 197
162 133
143 31
18 71
167 85
74 135
140 133
86 197
116 188
150 183
95 118
78 177
140 155
176 120
38 17
18 60
169 94
176 82
55 104
74 183
32 103
48 77
48 44
199 104
190 20
112 119
1 104
18 161
62 92
89 180
10 145
40 124
178 161
56 135
182 59
15 128
98 173
126 30
178 135
150 119
142 57
38 186
101 90
61 82
40 23
178 192
162 102
32 160
89 34
21 24
174 13
109 195
61 79
38 145
5 31
101 110
33 186
112 160
134 102
21 188
97 94
66 53
15 117
142 139
111 115
178 88
7 39
165 118
86 139
129 173
190 128
73 139
61 180
47 88
199 39
26 114
3 53
56 11
126 145
134 87
66 82
52 34
171 198
51 115
95 63
98 44
191 6
154 148
185 115
54 151
56 141
96 114
111 145
164 146
122 144
134 146
52 172
116 69
64 146
136 31
29 158
49 184
167 118
125 147
167 128
111 94
178 172
5 120
121 6
41 82
101 193
68 103
41 23
142 110
111 163
3 148
73 175
7 17
123 87
100 124
3 80
18 139
140 151
154 172
187 188
98 17
154 155
112 128
91 59
136 137
191 71
153 30
19 155
25 59
33 195
62 118
33 39
121 60
40 67
78 114
1 50
48 6
41 161
125 114
19 170
143 30
91 198
54 77
16 76
100 36
199 20
52 71
96 120
179 75
100 65
12 60
18 170
111 180
61 197
149 103
12 20
162 158
112 85
72 113
38 85
112 195
10 75
28 195
74 172
29 30
64 63
21 145
126 175
73 84
62 77
3 161
42 22
3 8
78 118
185 22
66 172
61 65
140 31
108 92
5 2
168 69
56 180
51 157
191 133
38 114
26 67
138 188
5 30
86 145
14 146
187 189
190 183
181 88
89 193
55 76
162 113
126 50
178 119
16 193
98 60
140 105
61 183
171 35
81 147
83 163
126 24
19 177
136 155
159 114
129 58
199 85
47 155
19 53
179 145
72 175
54 117
42 152
199 105
61 27
38 60
185 53
109 184
185 189
96 104
56 118
86 93
95 144
129 156
142 198
153 65
86 11
68 102
33 107
185 184
179 93
43 114
171 11
167 160
143 114
49 69
33 113
41 114
199 8
1 160
18 160
72 148
78 4
78 39
111 20
176 173
116 4
122 152
54 197
56 39
28 156
142 105
159 177
28 161
194 127
187 106
68 53
86 50
129 60
171 160
83 106
174 151
125 120
101 22
10 151
165 183
61 130
86 172
40 69
182 192
134 192
73 94
56 59
83 119
51 110
108 119
29 115
78 180
176 93
167 77
179 148
167 65
111 170
28 57
18 144
40 80
49 137
121 92
56 63
1 24
182 139
97 11
129 67
150 88
66 36
121 30
191 115
129 44
1 75
55 11
19 94
54 188
196 34
134 92
164 103
98 180
165 188
64 195
7 110
72 145
49 161
140 197
109 27
112 177
153 161
64 192
1 170
199 30
25 139
159 175
29 155
134 11
140 135
70 105
136 163
72 87
97 155
26 127
56 35
112 69
109 65
41 144
83 104
61 114
81 170
81 117
149 200
194 105
108 158
86 92
126 2
171 93
49 76
167 172
73 128
9 99
165 189
51 17
191 22
169 23
32 11
19 22
32 156
136 172
28 24
131 57
15 188
142 88
14 135
73 44
43 141
171 113
3 145
142 82
51 34
45 166
112 189
43 102
54 186
51 193
54 144
126 94
116 31
18 2
19 197
83 135
126 197
32 22
181 2
18 113
143 119
68 94
185 8
123 106
66 189
123 90
64 11
73 177
169 35
9 189
86 60
14 170
143 23
1 114
5 27
154 200
187 184
140 36
111 179
121 123
109 68
185 1
125 5
176 38
91 143
43 149
153 132
138 190
55 45
73 25
101 138
182 78
95 109
150 70
40 25
7 165
174 97
194 9
171 89
51 64
164 55
43 54
97 190
111 181
47 28
95 25
19 176
178 45
112 134
191 66
134 149
123 29
89 9
169 41
159 181
9 138
66 100
171 55
14 125
101 149
97 61
78 174
131 167
154 54
111 56
178 126
14 86
45 51
38 165
109 168
101 9
142 55
18 196
121 140
143 159
45 98
112 154
12 40
32 72
61 64
29 56
41 61
199 109
95 167
12 29
40 101
125 100
25 109
9 176
98 123
70 199
174 81
136 122
142 168
48 138
176 91
52 25
45 62
56 64
33 5
56 26
10 136
89 46
55 9
169 121
47 191
41 182
46 142
45 46
29 179
54 185
12 62
129 47
25 159
167 191
28 73
187 190
1 174
121 129
162 78
181 21
194 101
111 164
28 40
131 9
49 5
41 96
101 16
171 132
96 165
142 112
55 72
15 196
52 49
15 72
97 7
5 150
18 7
3 153
25 97
112 28
43 125
129 169
51 83
10 182
185 134
9 62
125 168
72 164
25 68
16 182
101 64
129 164
125 165
167 33
159 140
52 182
111 174
167 51
122 45
194 86
29 52
89 26
162 52
97 86
18 171
78 38
32 167
95 32
14 45
42 66
169 101
169 95
108 21
150 181
165 111
196 1
55 66
109 187
122 19
56 72
164 54
179 33
182 129
73 181
95 10
98 112
83 38
98 121
26 171
96 81
187 153
68 14
81 176
171 91
109 3
55 73
72 54
150 32
70 122
47 187
116 142
178 142
100 194
108 125
129 19
132 16
129 194
191 153
54 165
162 191
61 190
178 62
89 37
168 37
26 73
62 153
89 72
21 154
194 28
187 165
26 176
43 66
38 55
112 129
14 191
181 12
108 83
66 181
7 10
149 199
33 26
73 10
21 194
132 100
28 1
182 101
42 12
131 25
132 164
196 16
182 64
178 7
66 126
37 154
10 108
116 159
131 48
49 25
12 150
98 185
116 169
196 138
97 54
29 15
174 108
168 68
16 168
21 112
165 153
143 150
81 162
43 178
89 32
116 43
7 55
40 56
176 89
109 37
196 43
7 190
149 165
168 66
68 45
112 132
171 129
187 199
25 61
191 101
78 42
112 143
64 125
38 61
122 16
66 86
116 112
122 112
41 46
122 167
126 7
32 70
89 83
149 167
68 134
54 162
140 78
26 12
29 185
81 181
41 121
9 190
25 5
98 190
140 112
45 112
74 37
43 111
14 95
159 18
123 10
51 112
125 37
190 111
56 28
91 29
167 154
46 19
142 109
19 51
12 96
61 140
15 181
153 194
14 62
125 121
142 61
86 61
98 140
176 54
48 86
32 21
178 164
136 83
143 140
96 32
125 73
100 97
140 15
185 132
62 150
37 40
64 196
178 134
100 116
109 47
48 78
176 12
97 181
64 98
96 164
140 32
54 91
49 100
64 7
70 185
100 42
21 48
21 116
132 29
100 1
165 37
51 187
89 5
29 122
181 38
182 95
136 55
185 81
70 134
154 129
142 70
66 123
32 15
15 5
78 56
108 51
174 112
45 171
164 74
32 98
1 74
47 81
138 91
109 182
140 136
18 138
51 1
176 86
12 19
81 132
38 42
101 56
74 95
196 62
187 73
126 140
83 129
190 109
121 48
19 15
121 29
168 9
25 47
32 109
136 12
138 149
38 164
21 96
56 162
140 9
153 89
25 70
109 38
40 91
14 174
179 19
191 56
149 168
47 165
142 78
40 3
112 178
125 129
38 108
64 108
154 196
14 10
46 111
66 176
174 98
9 15
111 122
43 15
81 171
98 164
116 41
123 136
95 100
98 42
78 108
164 150
126 190
61 199
15 108
62 51
70 167
38 168
9 73
47 21
51 66
165 199
179 5
122 66
125 95
52 167
54 55
123 116
66 46
37 72
41 165
72 123
74 9
143 132
25 108
196 101
149 91
196 48
91 136
12 187
178 136
21 1
125 112
91 46
42 116
101 181
68 66
171 62
38 150
126 174
78 33
43 78
55 18
19 153
5 18
95 143
111 138
3 73
176 45
16 131
95 83
174 131
108 97
153 16
3 194
167 78
15 12
29 178
112 162
134 7
121 159
96 187
136 97
142 19
7 153
21 66
191 9
26 43
153 32
143 33
61 16
97 96
41 49
100 153
185 68
125 68
96 52
100 96
179 97
176 187
153 111
162 150
98 55
91 15
162 101
48 149
126 168
96 73
89 81
187 179
91 16
97 168
16 169
185 3
25 187
179 74
25 142
154 100
169 126
14 78
129 185
187 16
37 28
132 165
165 26
123 54
48 45
66 72
122 150
164 123
169 5
19 108
33 194
169 168
54 98
68 101
179 12
46 153
131 46
48 171
89 164
136 150
100 190
46 182
41 33
81 25
56 187
191 32
125 9
74 73
51 81
96 28
33 7
64 10
122 182
132 95
101 5
149 14
116 86
187 1
199 66
182 123
47 12
1 129
5 51
86 52
140 68
54 168
125 56
111 14
42 81
86 41
167 72
132 150
48 7
72 1
159 142
78 131
101 46
165 168
54 199
159 15
49 86
95 97
122 125
47 185
176 25
40 191
126 162
51 47
131 7
91 194
49 131
91 47
142 164
25 174
29 46
45 74
78 116
196 129
164 37
41 55
25 64
150 182
47 95
43 162
142 49
199 153
42 56
121 7
18 95
194 74
10 38
140 45
179 190
43 28
29 47
41 111
18 185
51 41
129 123
78 112
126 47
125 32
32 149
97 122
14 56
37 182
74 43
16 70
12 78
49 129
9 122
196 123
187 15
83 142
61 48
129 95
26 174
171 108
49 14
18 25
185 191
194 38
42 123
168 14
28 134
10 48
32 3
196 98
25 162
196 68
185 32
194 19
47 100
190 47
81 101
194 111
171 78
5 72
5 98
171 123
55 96
54 181
7 187
116 91
43 96
153 42
123 3
62 16
181 56
10 165
32 174
194 42
125 51
52 159
70 14
138 19
72 121
12 10
83 40
32 81
153 98
164 9
16 194
26 42
33 89
98 78
190 132
169 196
73 41
10 19
179 62
43 142
199 134
32 40
49 154
167 55
37 49
121 9
56 143
140 169
14 42
153 78
33 122
96 33
190 83
56 121
174 10
33 138
55 100
169 194
196 26
142 194
52 134
179 89
123 154
129 38
46 178
66 41
122 143
154 176
5 48
37 29
18 81
12 164
116 182
19 89
98 68
21 165
150 47
185 179
191 168
112 168
38 48
72 179
109 48
176 167
32 179
182 81
125 111
143 108
131 136
191 190
54 140
26 9
38 100
19 83
131 83
95 153
185 10
73 111
89 109
199 185
74 15
191 178
169 48
91 140
178 116
190 185
5 108
42 168
29 41
111 81
42 199
12 5
64 164
5 178
9 28
138 142
41 52
46 123
5 164
61 5
97 154
100 64
62 149
26 98
112 89
126 165
62 38
5 129
109 196
126 142
61 187
26 143
185 153
162 176
149 9
159 19
153 83
68 38
64 123
54 132
167 15
165 190
140 168
10 129
5 136
178 123
47 72
12 14
28 54
126 55
14 116
28 121
15 95
132 154
33 126
162 32
43 49
142 5
108 178
78 97
42 121
74 190
125 191
12 159
29 109
52 5
26 48
199 179
42 190
116 121
1 109
19 42
153 70
68 55
62 181
169 37
74 196
78 62
18 54
16 47
159 51
181 64
64 5
154 61
167 43
74 51
68 56
126 42
126 3
143 89
199 73
109 169
140 28
191 68
73 140
121 78
174 51
191 182
169 9
196 86
167 199
190 64
1 16
187 95
143 14
194 96
169 28
165 182
33 51
162 181
190 19
165 185
129 81
143 194
140 165
15 112
191 109
89 190
46 199
140 95
159 46
108 89
9 25
68 37
168 143
108 199
18 45
191 64
56 7
16 33
56 159
49 62
122 68
19 168
187 132
164 43
16 51
176 46
185 49
3 51
52 42
123 49
100 12
142 74
38 51
134 126
167 159
111 171
181 194
18 140
9 116
54 142
72 40
15 10
46 96
100 3
48 111
21 98
48 43
111 37
174 55
62 7
10 78
29 176
168 178
32 122
97 28
89 25
54 26
12 142
78 7
165 48
185 150
101 83
168 194
47 167
5 78
81 191
116 111
64 194
134 3
150 134
171 131
1 108
48 125
86 138
169 89
38 131
15 41
14 83
140 66
169 108
52 43
191 61
134 12
47 46
83 159
95 45
136 143
111 21
185 25
136 101
3 45
162 123
91 96
68 73
83 61
178 143
83 132
25 154
194 176
64 169
64 143
43 138
73 134
182 86
176 181
98 73
154 86
10 178
171 9
1 37
47 122
134 89
37 178
181 91
10 72
101 171
10 167
169 162
28 126
7 95
29 38
196 81
42 149
129 56
48 153
28 162
9 68
81 5
140 83
149 26
187 143
54 136
109 121
21 182
28 3
96 74
70 101
46 15
25 3
169 61
38 33
73 109
168 162
136 116
131 95
45 1
154 98
28 159
162 89
132 42
182 96
10 150
134 121
165 86
68 112
28 136
10 134
131 15
140 196
12 43
171 121
70 52
74 149
187 68
33 49
32 26
70 191
72 132
122 46
97 49
49 3
125 18
26 66
64 49
73 108
132 169
167 136
116 98
64 109
3 5
126 43
129 91
5 97
37 96
190 176
48 140
61 1
194 55
112 171
32 129
51 164
5 181
140 174
73 61
46 174
15 7
29 159
134 131
86 153
153 134
134 16
96 132
199 196
126 100
112 12
38 19
121 132
126 138
64 136
25 101
72 194
116 38
33 3
149 7
51 191
12 123
7 14
15 98
7 169
74 125
187 125
100 150
109 129
140 134
42 41
70 15
54 68
81 131
109 138
112 181
116 28
7 83
74 116
96 47
116 83
165 28
199 111
66 134
51 98
97 171
100 70
38 32
181 179
16 185
32 199
18 74
108 12
61 51
154 73
138 1
185 12
199 89
41 45
5 95
162 62
83 72
56 83
112 54
153 29
150 21
149 185
68 48
64 154
98 111
43 5
91 154
125 97
40 150
21 78
154 140
121 149
46 14
182 178
51 153
97 176
66 143
174 150
143 129
165 25
178 55
3 169
176 199
181 125
28 86
126 10
164 171
81 55
174 52
51 149
150 179
126 62
138 72
122 154
16 86
1 55
125 138
43 70
25 7
131 91
21 83
138 26
159 196
167 74
179 96
86 42
109 154
37 98
199 142
97 101
149 116
181 134
122 26
108 126
154 3
9 43
19 64
5 37
167 45
150 37
14 126
73 47
97 14
5 109
19 52
134 49
55 52
49 89
153 125
38 16
167 26
190 95
101 86
131 100
179 48
51 48
16 174
185 74
78 55
70 121
194 150
187 3
159 3
143 109
66 121
112 121
68 7
41 194
81 83
131 190
100 129
164 125
74 42
38 70
112 185
182 164
81 126
14 18
199 64
136 41
112 1
89 140
26 185
40 62
126 143
74 21
21 56
95 29
116 132
187 169
32 159
47 68
89 62
176 28
129 191
194 14
132 86
78 168
100 178
181 40
89 41
101 95
143 174
142 176
55 10
116 194
61 37
38 162
126 111
149 78
74 109
51 116
72 46
131 70
45 154
49 1
182 136
18 187
169 164
149 96
26 21
83 112
167 40
111 74
154 168
121 153
142 125
191 12
97 70
168 132
191 116
176 16
32 74
3 37
196 100
96 121
52 150
48 12
159 129
190 55
187 140
70 72
142 72
46 140
108 140
1 126
142 101
176 32
143 62
185 131
41 26
28 131
123 89
187 191
19 182
109 162
68 123
68 154
191 111
143 40
178 41
1 176
5 29
171 41
143 10
97 165
70 40
122 190
138 182
1 33
98 176
154 169
37 95
73 45
116 162
138 112
15 38
81 125
29 54
179 52
74 68
29 111
159 125
40 149
52 123
101 179
48 19
154 29
181 78
122 21
111 47
149 72
46 54
10 179
64 159
70 21
3 61
72 33
74 52
68 179
96 62
101 108
150 15
178 73
14 171
153 52
174 149
78 54
33 98
37 129
28 49
1 164
45 169
3 91
70 47
136 45
14 52
134 129
191 33
74 10
97 164
41 38
154 159
66 91
86 98
38 46
134 100
28 62
51 168
72 168
1 182
159 81
3 47
56 169
132 64
10 97
122 126
131 138
52 48
91 72
123 122
89 142
81 12
73 52
164 138
86 122
199 95
159 54
19 74
95 159
15 149
21 178
190 136
37 83
73 7
153 167
47 32
171 12
112 38
55 196
19 55
108 121
52 38
179 37
19 140
37 21
140 182
101 98
41 48
43 16
167 138
136 42
97 73
181 143
1 162
181 108
179 14
143 51
66 182
28 108
142 38
194 126
86 15
122 153
29 49
138 74
174 199
19 187
5 174
164 165
159 199
18 176
73 122
18 96
64 171
14 26
149 47
165 159
109 176
70 125
190 37
10 96
7 29
61 138
51 97
100 109
43 100
108 81
136 46
176 123
16 21
61 167
73 42
142 153
70 91
47 98
123 41
123 55
86 125
52 51
16 81
29 10
45 49
108 194
70 129
159 100
164 149
165 154
100 122
134 19
199 29
1 111
121 101
81 194
109 46
56 174
167 100
1 136
62 129
29 51
116 55
168 33
182 26
10 46
52 45
51 12
18 154
123 25
74 40
196 165
91 132
121 174
182 18
98 46
142 190
81 40
19 56
96 29
54 66
167 28
83 55
176 125
45 37
98 199
3 56
19 45
15 54
126 37
123 28
86 171
185 100
61 40
142 3
169 171
150 51
52 129
171 61
15 78
165 179
121 12
14 187
86 190
125 21
32 61
109 33
43 97
167 81
185 15
43 112
10 153
100 174
153 154
45 10
191 96
66 178
171 46
81 140
95 40
72 68
86 134
112 196
70 112
190 12
150 169
86 199
164 86
179 1
48 164
5 56
89 96
78 73
18 72
78 109
187 181
45 89
33 42
164 18
95 49
159 97
136 52
171 74
194 95
176 122
162 159
5 83
9 10
131 196
52 101
86 64
140 116
19 5
134 91
49 136
162 3
138 132
15 3
45 56
48 56
40 46
132 176
41 190
187 42
48 1
100 86
164 179
28 185
134 46
3 18
29 150
150 81
190 43
126 83
12 54
19 125
55 140
43 95
181 154
33 47
162 190
28 16
111 168
162 40
46 3
181 136
47 138
16 42
149 171
134 143
26 72
9 97
142 81
136 108
25 178
86 7
97 40
49 126
169 176
153 129
164 101
45 162
55 40
138 37
164 7
132 66
179 126
181 196
14 21
1 46
89 14
15 194
129 40
194 25
153 97
194 123
73 162
33 70
101 62
21 143
174 171
91 56
41 100
7 154
38 21
182 142
48 73
1 18
174 49
142 16
52 21
48 18
153 91
121 45
19 131
132 122
171 42
89 149
25 168
42 165
32 165
29 190
123 37
116 16
43 1
55 97
136 98
32 19
181 18
43 143
140 49
179 196
187 116
83 66
12 122
194 61
14 132
112 37
181 178
108 95
14 9
45 149
42 61
21 28
131 199
48 159
199 68
86 32
95 62
95 136
66 150
116 68
26 91
33 64
122 83
168 73
169 43
150 112
28 181
9 132
162 165
154 185
37 56
51 182
176 159
9 100
176 33
42 91
179 134
47 64
74 56
138 29
168 70
169 1
40 196
121 61
123 150
56 46
29 181
129 122
1 15
48 97
154 10
1 54
138 143
25 196
40 73
46 150
131 176
1 168
66 19
81 169
83 111
37 7
61 12
16 126
143 191
33 91
121 43
109 171
111 64
136 149
33 123
1 68
10 40
179 121
18 179
37 64
21 140
111 12
122 42
56 10
12 25
96 98
41 25
134 37
167 143
7 162
153 112
70 26
111 61
149 98
171 182
9 167
109 14
55 26
143 32
61 70
72 73
112 40
55 169
167 3
168 185
48 174
123 15
29 191
142 45
54 89
1 86
96 174
15 45
171 126
74 181
89 29
187 159
49 91
68 15
51 14
154 48
45 12
81 178
96 49
167 62
86 3
61 49
62 1
1 178
18 47
162 167
97 89
91 108
49 18
97 194
70 7
42 95
28 101
129 178
108 185
109 150
72 111
171 66
191 126
109 174
73 112
86 111
169 136
72 159
168 28
112 64
62 97
134 9
165 112
73 138
14 150
21 169
41 132
25 15
162 15
56 1
51 101
3 164
162 96
126 74
37 196
125 83
61 108
66 7
32 52
101 116
199 19
178 95
199 41
196 132
165 83
131 109
108 123
81 98
5 116
187 21
14 55
21 7
143 169
164 25
37 199
167 187
52 3
10 83
165 16
167 168
72 185
19 178
66 18
132 109
122 43
66 179
143 38
28 150
98 187
61 162
70 98
73 18
101 109
18 190
162 64
108 168
111 185
116 40
162 26
38 49
12 86
149 37
33 196
149 49
174 40
126 29
176 112
54 101
191 41
68 96
167 16
29 14
91 125
100 62
142 73
16 136
132 89
51 15
129 97
125 25
171 21
9 1
9 111
62 138
162 70
123 56
49 16
48 182
18 174
101 190
28 190
10 91
25 74
81 199
199 74
16 66
10 101
47 171
33 181
86 33
78 196
72 100
178 40
176 41
9 112
37 153
89 66
136 111
138 181
66 196
134 182
62 73
116 1
40 136
138 121
3 72
83 26
55 185
136 138
32 136
165 72
191 138
179 132
123 185
134 54
199 178
96 150
169 68
5 154
68 83
131 42
162 29
167 38
111 16
3 21
7 108
26 5
64 48
81 52
32 111
68 26
129 12
182 91
86 149
16 32
72 109
96 1
40 51
165 46
190 10
46 168
62 61
109 179
1 91
179 25
121 54
116 62
52 171
138 97
176 64
165 56
190 54
125 26
95 16
138 185
64 46
129 72
122 91
70 190
191 46
41 97
73 121
83 3
122 149
109 42
116 48
162 129
132 73
47 41
182 3
41 167
37 52
45 25
66 29
187 40
19 196
178 194
129 33
33 199
187 196
29 174
136 154
123 191
66 142
7 54
154 32
41 3
178 83
45 42
131 21
47 136
73 153
51 55
150 45
142 121
142 21
150 7
196 191
42 138
29 100
14 140
3 111
10 51
47 174
15 18
111 108
98 16
149 5
78 125
62 121
49 171
108 72
138 171
49 182
70 56
167 132
178 97
5 122
81 165
167 121
187 174
182 125
45 100
109 28
174 72
61 66
123 179
169 29
16 159
74 54
9 47
43 123
196 149
123 7
40 194
140 70
134 194
191 42
95 91
185 176
168 174
169 131
178 32
45 190
136 187
126 154
182 154
28 52
5 131
122 78
41 5
72 16
196 83
72 122
68 61
18 199
52 7
181 98
167 48
194 43
78 9
116 33
7 122
129 126
81 37
26 37
48 14
165 45
162 185
61 131
182 83
1 78
54 150
3 150
150 159
47 14
78 129
136 194
46 164
199 136
122 18
100 10
46 162
56 16
129 101
41 43
168 47
89 159
25 191
56 49
40 168
181 131
74 62
100 98
125 134
81 74
182 108
126 149
179 45
18 134
41 78
91 97
70 187
179 131
68 121
143 54
28 89
41 159
64 78
15 136
38 18
7 142
33 83
56 100
38 149
112 131
101 55
185 89
174 70
140 52
62 122
176 78
126 95
73 179
3 26
150 56
194 171
95 134
56 108
37 54
18 70
43 14
41 109
121 91
26 64
132 126
97 47
62 140
48 42
52 176
138 28
12 149
165 66
194 121
25 181
5 159
179 86
126 26
9 33
185 33
162 174
168 91
108 49
121 187
62 134
33 108
96 131
132 43
47 66
179 61
37 18
164 191
15 178
56 33
21 64
7 9
62 168
122 179
66 9
86 91
165 12
40 126
19 7
108 45
52 194
51 123
174 28
178 54
32 28
95 123
49 178
43 83
125 131
179 51
111 196
12 196
78 101
96 15
153 116
108 86
153 33
199 21
143 199
191 199
122 61
32 164
174 86
33 154
72 21
73 159
91 111
49 74
43 10
49 187
38 66
134 40
176 178
9 18
19 49
81 123
64 167
86 140
129 181
149 100
169 54
123 32
169 74
150 153
179 47
196 162
143 142
136 109
131 14
48 98
62 70
52 91
132 55
149 191
40 16
178 187
56 131
3 171
89 86
19 109
54 138
55 121
19 68
181 153
25 149
21 29
38 9
181 132
38 3
169 70
5 100
190 21
143 97
95 1
149 52
91 150
153 164
153 131
28 15
96 154
25 48
42 28
98 95
185 96
38 111
129 111
176 70
122 49
14 74
159 68
199 116
29 167
138 25
42 164
154 62
162 149
108 26
140 26
178 64
16 68
55 153
9 40
64 55
40 15
56 18
138 153
131 89
48 55
55 111
10 70
182 14
178 185
74 7
45 78
101 74
121 176
62 131
159 108
140 150
91 68
149 33
26 134
46 143
100 16
138 68
165 171
12 74
62 32
86 167
14 101
174 142
179 83
134 162
81 134
131 162
140 142
32 169
9 91
191 52
164 78
95 19
116 138
43 168
26 40
89 40
125 169
171 199
25 86
121 83
7 96
182 70
181 174
81 116
72 48
18 41
26 112
98 132
187 41
38 101
190 68
100 143
101 112
33 45
121 168
5 73
73 83
194 131
51 142
159 182
116 66
196 29
12 18
19 165
190 5
3 55
72 131
97 32
174 64
123 19
72 112
78 199
15 132
83 171
95 142
33 40
125 15
28 26
131 150
18 132
96 143
43 159
68 108
74 143
62 165
68 21
54 96
116 89
66 138
43 18
64 52
19 47
62 169
96 70
61 164
62 42
123 96
61 19
140 40
26 187
154 16
28 10
42 196
42 154
143 47
101 37
51 89
73 191
61 116
43 165
72 154
7 185
42 150
51 9
96 9
167 196
199 168
3 1
78 66
196 46
56 179
54 38
178 42
81 10
9 21
7 45
181 41
33 61
159 49
101 134
182 181
49 143
131 29
122 41
54 171
190 167
136 125
86 136
14 32
168 179
112 52
178 154
56 12
164 159
191 176
164 29
134 164
199 129
46 49
91 98
191 21
64 142
187 162
98 134
191 18
52 66
132 174
3 54
21 46
194 164
187 83
185 45
100 191
126 182
190 38
26 81
43 61
18 136
83 199
98 143
126 52
10 62
181 46
74 38
3 190
61 182
47 132
16 89
142 40
70 171
174 138
19 126
61 26
33 134
186 197
63 183
75 145
102 172
107 200
2 87
175 177
151 50
88 200
13 151
172 195
90 141
113 151
39 156
104 113
20 53
11 139
124 151
69 118
23 71
63 180
103 157
139 50
117 67
63 50
79 161
127 151
163 71
117 6
39 27
163 147
173 155
57 155
118 58
189 147
148 107
127 184
93 20
84 82
30 188
53 75
114 27
117 63
57 157
115 163
200 20
75 192
170 155
85 148
173 110
71 92
144 57
104 163
53 104
87 148
137 88
104 172
139 6
133 146
79 85
34 77
88 104
197 92
135 200
189 163
22 157
23 166
2 133
65 115
24 147
30 58
17 23
139 58
113 60
36 117
184 200
139 186
30 163
170 104
114 113
173 180
183 65
36 133
71 57
161 198
107 57
4 135
148 183
34 87
88 128
24 163
127 124
90 102
20 39
119 163
27 80
180 188
87 180
128 71
39 6
99 31
188 75
144 183
188 4
11 87
44 11
135 63
113 8
193 115
57 170
60 163
65 192
188 120
192 22
88 20
106 177
65 175
22 76
93 84
137 198
110 63
200 166
172 82
90 172
102 6
184 198
58 170
197 145
195 6
107 117
2 104
189 22
80 113
79 180
175 166
145 118
35 170
155 34
130 31
35 58
146 173
35 4
113 22
107 53
104 147
130 106
177 39
188 94
188 192
22 147
120 23
197 128
127 77
124 158
77 103
102 175
110 197
186 195
50 23
139 93
184 63
148 128
93 2
90 82
133 170
114 93
141 172
105 114
183 67
161 88
193 63
8 198
39 117
113 173
170 139
103 189
189 113
77 161
87 8
35 13
160 79
17 65
152 71
79 103
65 120
8 157
8 79
59 197
156 128
127 34
151 34
79 58
85 71
163 144
189 79
76 63
65 11
59 130
59 4
99 4
39 94
93 99
44 106
22 53
192 119
172 84
4 58
63 44
4 93
146 94
67 20
104 139
118 141
84 8
57 80
114 193
128 115
30 67
24 31
155 189
67 2
175 137
102 186
69 93
193 58
172 180
147 44
117 120
8 120
189 90
104 118
119 27
127 23
88 145
147 192
175 163
60 155
173 195
197 58
151 175
58 200
34 175
67 76
94 183
8 90
80 53
161 94
57 79
124 133
198 188
94 128
104 76
77 166
158 180
27 36
117 59
22 193
117 105
50 137
124 2
133 137
152 113
24 35
102 79
127 107
20 30
130 39
133 145
151 92
118 193
158 115
34 117
130 22
124 39
118 76
31 144
27 50
193 71
115 77
180 184
166 17
20 44
156 11
193 170
71 170
17 183
170 102
35 195
130 195
114 31
106 141
173 8
172 158
94 172
34 184
67 139
177 77
106 104
22 128
44 60
90 85
99 106
88 115
36 155
67 53
35 186
4 2
58 177
183 133
79 31
141 63
172 189
137 24
58 82
135 82
90 92
53 195
193 44
35 156
166 192
80 172
17 85
124 23
69 82
102 76
186 59
124 186
58 102
173 4
67 152
110 60
76 60
76 85
172 106
92 44
183 87
79 130
57 85
180 114
200 124
102 94
197 177
79 92
133 175
107 189
133 22
186 44
44 24
186 133
94 4
127 103
82 118
160 173
137 152
99 198
39 31
39 170
127 113
124 193
144 127
128 188
177 141
36 92
87 84
119 36
135 113
58 6
76 53
118 63
53 148
50 106
30 6
137 166
50 170
146 170
80 152
67 166
120 69
145 11
189 94
75 82
113 50
160 163
106 146
120 85
146 163
114 127
127 147
27 155
161 24
82 161
35 200
119 137
161 84
93 193
175 104
63 99
195 57
141 84
69 58
8 23
4 17
75 175
110 198
197 141
151 58
105 85
161 172
192 115
173 84
35 60
113 177
23 161
145 17
117 189
110 36
133 110
2 144
148 2
63 107
183 58
193 79
20 79
79 177
110 157
137 67
84 59
69 88
114 34
17 110
115 144
110 13
35 103
161 31
69 105
119 133
39 193
166 104
163 148
35 106
177 87
172 2
13 63
156 50
59 195
36 22
146 22
133 180
75 13
156 163
57 94
170 31
4 34
35 88
53 30
173 94
75 113
77 139
141 102
157 67
118 39
67 186
60 94
157 146
147 82
50 39
92 115
192 173
6 186
104 141
88 34
105 24
157 141
23 102
84 58
133 39
80 156
137 44
65 133
145 57
141 79
102 11
192 198
119 148
85 77
192 156
173 11
200 170
35 76
92 180
35 114
180 197
4 105
76 82
17 127
157 139
156 145
87 152
110 146
31 195
113 76
13 30
80 145
146 39
155 69
120 130
114 200
69 24
151 180
34 69
166 110
189 50
147 67
22 186
137 87
189 156
193 172
145 20
57 99
137 94
59 160
88 113
195 50
71 69
144 114
99 146
180 117
23 80
82 94
188 110
22 170
151 119
87 71
175 128
84 69
77 105
107 160
92 2
192 39
105 23
115 195
128 120
157 166
92 20
128 63
35 77
119 24
120 110
57 2
193 152
180 107
151 147
90 35
44 27
4 82
90 67
110 23
27 57
76 130
34 173
114 120
141 144
135 117
163 84
139 166
102 135
50 34
183 69
102 110
80 44
173 67
30 117
84 157
139 135
11 6
69 103
118 161
135 80
152 88
107 75
63 2
147 183
177 156
35 177
144 34
63 8
36 180
173 77
110 67
198 69
177 173
65 172
195 77
115 94
127 57
106 160
93 77
160 118
180 141
127 20
157 200
158 135
186 145
77 84
152 23
65 118
119 6
180 59
94 110
177 76
80 88
39 99
30 192
152 99
161 193
127 65
92 172
39 22
23 175
157 161
157 137
88 31
110 156
53 166
69 146
186 118
11 13
75 27
90 146
92 133
85 141
120 67
173 137
102 84
198 172
27 145
186 163
107 172
87 192
60 30
2 76
192 80
69 114
197 163
94 135
141 189
170 137
36 128
195 103
192 137
65 107
158 186
183 103
23 177
180 160
137 76
8 200
2 102
151 114
118 114
160 30
130 69
87 44
148 27
119 198
53 147
94 36
133 177
145 147
63 119
60 144
6 80
99 44
113 156
27 144
104 71
166 193
88 130
151 103
4 161
147 92
170 157
146 93
110 20
180 137
11 166
161 102
198 93
20 120
77 44
80 11
163 93
144 102
80 63
188 11
106 133
65 99
113 4
195 139
172 145
90 22
105 184
31 11
31 120
172 58
24 6
24 106
84 145
133 156
192 27
17 8
82 157
170 67
34 198
85 8
200 69
75 166
200 146
193 184
63 133
175 82
186 92
71 44
57 118
145 69
30 145
151 200
188 195
147 146
24 192
71 105
6 85
77 170
36 156
197 87
35 115
103 114
11 90
124 27
11 146
92 148
180 175
6 175
60 175
155 92
82 180
4 77
170 82
135 13
71 94
20 173
119 115
200 11
85 155
197 144
90 127
8 163
103 99
44 104
148 152
84 57
24 198
80 30
76 192
13 107
145 13
24 8
198 13
158 166
71 77
141 184
107 118
20 105
39 13
137 155
13 173
71 184
85 157
30 157
130 197
87 145
183 80
152 2
65 53
137 59
77 82
31 106
4 130
183 60
84 152
6 20
147 133
120 127
99 188
184 161
188 135
2 130
34 200
102 119
156 4
170 99
151 183
135 103
75 94
87 59
13 139
151 158
192 106
8 170
152 57
115 110
200 77
20 65
200 2
4 193
13 166
160 92
148 198
113 34
22 84
93 79
84 13
36 65
104 92
53 69
188 130
195 76
155 158
148 59
200 59
90 36
8 119
27 120
35 128
172 110
175 124
60 71
36 34
27 197
67 34
35 94
115 157
152 157
128 157
195 177
104 35
141 173
197 23
44 2
195 2
93 23
173 27
166 102
118 11
75 99
94 58
139 173
102 146
145 117
69 180
84 147
88 44
200 87
102 120
156 71
8 188
127 180
106 30
173 17
67 118
93 80
20 152
17 6
193 30
24 63
184 4
11 99
151 195
144 79
160 156
114 104
127 156
77 36
85 177
177 69
30 27
180 120
104 87
197 75
157 60
175 119
44 197
69 170
39 183
198 88
22 82
13 133
130 198
184 20
50 128
36 63
53 6
120 139
34 139
189 104
124 157
173 24
11 88
87 160
115 24
130 58
22 151
69 141
65 34
88 158
133 135
118 130
163 200
158 157
24 148
13 193
193 105
82 160
75 127
192 184
11 114
193 144
127 106
139 141
175 44
50 133
92 130
193 76
189 186
77 198
17 200
107 50
180 53
4 8
75 130
155 177
85 99
88 92
151 105
113 141
163 183
36 170
195 183
175 8
155 102
139 144
58 13
184 44
94 175
88 177
198 120
146 117
79 120
183 117
107 173
35 85
158 127
23 117
200 104
80 105
197 166
22 118
71 50
115 20
84 188
85 87
103 118
87 189
170 195
120 53
92 184
148 71
69 94
130 147
133 152
92 77
189 170
186 184
2 141
170 188
27 8
175 130
2 146
155 59
161 144
198 163
198 75
88 17
11 163
114 82
59 57
155 13
34 104
155 17
158 57
85 53
36 163
195 124
6 82
193 60
189 34
161 158
161 124
65 186
160 2
113 198
158 113
160 139
2 71
172 23
141 71
124 192
156 148
36 67
13 22
75 23
120 172
157 148
144 137
30 155
195 8
183 113
79 184
106 184
93 6
77 30
133 99
177 145
17 118
158 82
65 67
172 184
90 27
115 183
146 53
192 4
148 161
163 44
35 71
17 20
128 180
13 23
103 92
160 135
4 166
67 151
200 188
186 113
59 17
128 27
30 166
11 39
135 2
50 130
160 145
94 193
188 193
106 39
186 39
20 35
27 175
67 39
175 161
2 36
188 144
17 156
17 177
110 144
103 115
65 71
188 13
79 2
76 71
79 106
146 139
85 75
6 133
107 88
135 30
148 114
177 24
127 155
198 104
90 117
77 120
148 175
75 30
119 180
8 180
105 177
151 23
193 155
13 27
6 158
200 93
53 17
90 148
117 24
106 92
93 13
200 183
151 155
39 158
160 53
2 166
198 27
158 110
161 35
183 156
93 30
84 177
65 147
88 193
141 166
2 103
113 107
103 139
27 17
130 180
200 128
58 53
137 63
146 152
84 115
115 102
39 175
151 173
4 50
107 4
30 92
102 4
39 79
113 31
161 188
39 84
124 188
36 118
35 124
22 188
160 127
124 76
193 87
57 110
63 195
135 144
87 141
119 90
158 198
36 172
85 63
22 160
103 50
183 141
120 4
192 59
6 137
188 166
105 119
82 30
144 103
130 80
30 103
84 117
189 60
85 128
17 147
141 31
87 105
188 118
158 114
60 156
197 76
102 183
2 186
79 158
120 147
120 106
67 177
148 4
198 87
92 183
87 118
44 113
147 90
117 110
115 135
130 148
80 13
84 88
173 163
75 22
133 105
193 192
172 200
114 117
173 130
124 141
30 105
39 200
69 144
147 2
82 127
90 192
151 11
102 152
58 148
160 137
141 17
63 71
152 8
44 144
24 11
67 75
135 92
24 36
92 192
105 160
128 76
157 189
30 31
60 118
99 115
148 76
87 161
145 94
31 60
155 113
84 124
27 53
175 146
183 30
44 53
44 35
186 130
80 114
197 160
99 13
17 124
155 119
147 20
114 184
110 6
177 102
13 59
127 99
183 198
77 67
71 130
152 17
65 6
195 180
59 71
106 195
94 184
200 53
20 90
20 137
172 20
104 31
183 120
184 17
59 102
57 44
103 147
77 99
200 92
152 130
105 200
23 58
197 80
172 103
50 197
110 106
71 188
77 135
145 4
53 11
99 71
113 160
137 163
128 189
31 82
184 104
148 77
84 50
85 117
105 88
145 85
58 157
20 192
184 119
87 93
120 152
120 105
170 92
158 17
11 84
6 148
105 172
137 146
110 39
170 145
184 77
57 36
22 69
197 155
103 124
6 151
151 99
189 110
117 193
188 63
163 118
133 114
84 67
160 36
161 186
124 90
173 152
200 186
170 197
93 94
93 39
130 145
146 172
92 127
63 160
193 198
99 148
20 80
155 44
189 118
94 170
107 195
195 24
104 20
31 157
144 90
120 36
157 198
87 186
23 198
113 36
183 31
27 188
107 24
105 63
152 192
88 163
71 113
13 6
71 119
79 94
175 114
137 17
128 161
35 93
104 17
75 115
57 166
158 99
17 90
79 127
118 85
80 151
39 58
58 119
151 144
60 180
137 80
113 63
133 57
31 197
157 183
65 106
110 139
145 110
11 17
106 157
79 65
80 67
34 84
145 53
99 197
60 115
4 155
195 58
36 177
127 22
63 53
11 193
124 65
30 146
141 50
20 84
105 197
76 87
155 118
163 4
13 8
186 11
53 198
67 200
57 22
120 93
57 130
88 170
13 186
137 57
147 114
148 155
117 147
197 200
92 53
193 146
31 135
110 8
11 195
13 144
24 175
139 148
161 197
177 127
31 115
156 151
22 172
195 184
2 50
99 180
128 17
189 192
27 106
148 65
155 87
57 93
94 76
155 58
99 119
8 53
84 63
94 85
130 13
104 57
139 192
87 173
180 34
58 93
23 65
77 197
151 35
144 80
65 50
146 24
105 11
85 151
130 27
139 156
84 113
11 75
36 23
84 170
57 4
31 22
117 200
99 60
106 60
44 22
188 85
175 117
8 135
117 177
151 188
160 71
107 175
85 119
119 135
189 114
4 172
119 67
88 75
23 128
107 137
59 50
180 124
119 156
75 105
152 94
50 186
161 63
34 79
60 120
71 144
31 166
127 58
189 63
186 20
144 17
133 67
69 173
103 94
71 197
75 147
186 79
144 85
105 57
192 128
75 6
92 60
85 114
4 197
151 117
137 99
39 127
93 119
30 189
148 146
92 193
57 151
104 60
31 133
103 117
103 152
6 107
144 39
84 6
69 157
184 60
71 27
172 71
175 50
71 161
4 23
110 124
23 22
118 146
166 180
58 36
4 30
65 160
60 135
80 195
175 106
75 77
6 146
144 117
128 57
113 128
82 59
105 170
79 173
57 76
155 145
200 158
148 102
71 31
166 99
92 39
31 80
36 166
50 67
88 27
147 173
160 104
155 75
166 8
75 44
58 141
145 82
195 88
69 85
163 13
189 200
110 44
198 107
59 118
92 75
119 158
137 8
130 87
59 189
160 186
198 59
103 102
106 183
144 200
192 113
161 180
90 160
99 110
57 156
180 71
39 8
94 92
141 60
82 24
144 104
53 118
151 90
94 198
17 192
59 139
127 50
76 156
44 166
139 147
177 161
63 17
2 183
104 157
135 57
184 57
160 69
139 23
146 155
186 27
114 4
163 155
82 71
93 186
82 2
110 104
144 35
152 156
157 117
36 148
20 155
166 124
103 120
34 6
157 113
84 166
161 170
8 50
155 99
141 114
192 133
128 118
59 157
22 35
107 23
90 58
152 114
75 151
82 195
184 93
58 166
6 90
160 77
127 88
177 189
170 23
103 39
189 84
161 135
128 11
79 166
6 183
76 31
75 133
53 106
77 58
35 30
198 79
27 160
117 104
80 75
193 102
31 90
124 115
188 93
172 27
105 82
44 13
173 36
31 6
24 152
175 188
161 36
144 118
105 135
147 99
106 90
158 58
137 103
160 50
155 184
20 195
65 157
117 115
173 59
119 57
141 57
34 58
90 114
157 90
58 24
189 146
87 69
152 35
124 87
34 161
71 158
137 92
2 184
163 22
99 145
76 186
58 146
195 192
77 180
146 17
118 30
24 130
53 192
192 23
163 6
79 17
183 77
107 59
118 106
6 180
110 84
145 188
77 65
184 148
4 53
152 31
195 175
147 80
27 180
60 77
31 200
36 69
50 11
193 145
90 93
186 69
6 99
44 76
11 106
120 99
180 156
135 35
197 151
193 107
105 65
102 87
84 156
92 102
146 161
173 156
93 60
69 27
107 67
151 88
161 192
60 34
60 151
144 184
175 30
124 137
114 197
50 200
188 76
156 65
172 115
127 148
104 103
84 107
59 65
50 76
193 65
110 59
157 92
94 107
161 6
139 151
106 8
177 110
20 128
84 192
36 79
192 44
6 156
163 67
35 148
22 60
27 193
30 34
184 80
79 88
163 158
39 198
107 115
184 189
103 188
155 195
119 189
172 76
173 161
23 173
76 145
106 128
36 114
189 65
160 76
88 82
53 189
183 172
160 128
184 88
152 44
99 114
105 118
135 163
192 6
189 77
44 36
60 87
120 82
23 20
124 44
57 82
157 75
27 84
94 114
113 57
85 184
13 119
152 155
88 147
124 102
87 88
119 69
23 84
110 161
156 197
130 114
24 59
58 113
65 180
160 39
4 158
2 80
24 197
8 93
24 85
76 77
107 145
63 27
192 157
147 170
22 117
82 141
93 158
75 76
103 65
160 192
53 113
39 152
92 188
163 82
2 151
94 160
117 75
69 79
22 11
69 2
11 113
156 118
31 188
200 85
166 65
2 90
34 193
177 158
23 180
120 195
170 30
82 186
146 35
79 105
127 35
22 184
35 53
71 88
24 102
128 146
31 27
117 172
118 173
158 59
36 152
197 106
148 172
103 113
119 124
8 193
119 172
120 88
85 130
11 93
85 166
147 156
197 67
80 8
119 50
102 105
44 107
145 104
155 11
180 13
156 20
141 107
60 166
31 50
22 114
152 160
63 172
50 93
130 166
133 4
180 139
155 65
35 75
59 152
198 76
2 197
23 195
11 115
105 189
147 195
20 75
65 139
75 90
170 127
184 67
118 119
59 27
172 135
130 8
155 156
76 173
103 90
139 57
87 114
44 198
152 200
135 22
82 103
103 106
99 59
156 117
114 183
59 34
130 141
65 158
59 188
160 8
31 4
4 195
200 63
145 79
139 128
177 103
155 120
148 75
183 85
158 84
146 114
119 88
151 71
135 59
60 58
22 17
24 87
67 198
157 105
141 76
84 79
80 133
53 60
160 80
115 161
76 24
60 84
157 186
146 65
145 152
161 27
175 155
141 92
106 85
158 104
24 104
120 124
152 50
189 24
175 57
53 161
155 186
30 107
115 13
71 146
24 88
183 139
147 177
63 31
127 135
198 160
76 92
34 152
67 103
152 175
120 57
82 130
30 124
161 85
163 166
104 102
8 156
90 4
120 6
35 172
173 53
184 103
53 175
188 177
195 189
13 79
13 17
200 30
93 127
67 158
50 20
197 85
102 139
30 119
57 103
104 119
144 198
175 105
127 80
36 4
34 57
137 104
99 30
135 146
110 82
137 184
152 128
197 8
67 144
146 79
158 85
160 67
156 198
114 44
124 198
146 124
135 189
2 105
114 8
152 184
130 183
67 127
107 133
103 119
102 160
197 115
60 147
80 85
87 133
79 82
120 94
110 118
144 106
20 82
24 93
107 147
103 27
173 158
6 135
34 71
85 104
60 102
163 139
156 94
76 183
161 145
173 133
188 139
115 166
137 22
79 119
189 35
184 133
166 92
147 118
22 59
141 20
50 24
102 198
88 53
94 11
186 88
6 144
63 65
103 130
156 135
163 80
106 155
148 93
193 148
180 163
13 152
107 184
160 17
156 144
166 82
184 175
124 34
69 60
17 105
30 186
24 53
50 135
104 50
189 17
53 151
192 130
53 102
76 170
135 183
177 90
135 71
99 144
77 128
80 90
17 67
117 93
53 105
8 11
17 113
161 163
117 31
75 137
135 141
197 117
106 119
30 69
93 92
177 2
148 60
156 146
87 31
57 88
177 151
146 107
13 88
141 175
77 163
110 77
147 106
175 193
79 135
8 59
23 94
198 105
128 124
102 117
157 193
139 117
60 75
105 22
39 76
17 117
75 65
148 115
80 146
107 103
133 127
80 128
115 186
93 161
172 124
17 24
170 44
107 128
4 124
36 105
158 35
106 59
114 128
186 177
93 128
2 99
105 144
188 23
157 11
87 184
195 60
117 158
31 34
177 115
44 135
82 137
4 22
115 200
31 186
2 188
90 120
8 58
118 31
13 36
166 24
113 110
23 104
13 102
130 137
11 92
58 147
23 146
135 36
27 2
152 4
183 107
85 175
170 141
58 106
166 90
152 144
177 59
20 163
63 60
128 30
189 197
65 141
119 147
63 120
139 69
44 39
6 130
50 157
31 44
27 104
115 6
175 87
158 75
106 124
63 145
82 36
4 6
183 20
177 63
69 192
148 118
80 115
53 127
94 141
99 23
183 34
24 94
63 90
133 115
79 22
59 92
107 22
133 193
128 127
155 6
197 113
75 163
69 172
173 31
60 160
114 65
151 192
87 156
20 133
58 27
106 113
139 145
195 104
124 145
166 76
8 65
85 137
80 170
67 31
155 128
124 67
128 34
107 79
117 184
137 13
144 87
113 144
128 186
8 145
8 76
69 166
6 113
53 197
24 170
197 139
11 177
34 105
145 102
24 84
147 59
158 193
34 148
88 135
184 35
147 69
175 120
189 75
34 22
27 107
93 76
172 166
90 69
163 127
189 139
59 120
157 2
92 198
141 8
130 170
2 34
110 195
63 115
170 85
107 139
158 77
35 31
106 117
163 23
139 115
151 69
67 193
90 94
106 180
137 65
151 20
87 128
77 102
106 114
186 63
124 36
156 195
107 158
99 90
79 30
75 50
118 6
183 35
156 141
118 124
177 144
188 147
77 151
124 170
69 133
120 189
133 172
180 193
192 58
94 192
27 99
192 2
59 93
135 173
139 80
146 85
103 173
186 34
107 11
35 180
114 13
157 13
11 30
141 188
145 173
50 173
31 57
84 103
30 24
113 130
82 152
82 133
44 93
198 11
59 36
147 160
184 183
156 137
186 36
24 158
59 79
158 20
195 39
93 170
103 76
11 58
119 23
27 118
158 139
34 90
163 157
177 60
110 58
115 82
137 148
183 93
35 147
188 155
67 35
39 104
137 172
36 127
79 99
88 67
113 137
63 94
90 77
128 59
139 20
117 127
175 36
145 34
148 177
118 50
50 120
30 120
133 85
104 188
105 110
200 127
188 119
200 13
4 87
102 75
44 119
39 71
23 145
105 130
17 133
141 105
197 13
115 160
39 139
198 22
50 161
71 93
92 23
158 152
65 87
110 119
60 117
94 20
77 2
17 115
69 39
189 183
60 23
35 175
20 22
157 34
148 80
102 195
135 20
8 151
77 39
23 2
135 110
13 148
39 88
90 44
115 145
119 80
147 198
186 90
115 114
170 158
99 124
124 63
80 34
197 127
161 166
99 17
177 128
188 173
103 141
