200 10000
4 19
183 93
138 36
64 158
106 93
11 10
115 120
102 101
149 83
146 188
166 182
122 83
57 79
144 46
122 186
146 78
67 98
47 66
23 175
173 101
94 103
27 192
123 21
159 54
100 83
87 177
196 46
30 118
191 103
73 93
142 141
134 48
133 186
149 9
24 13
50 10
68 110
91 70
24 70
106 136
134 40
152 181
151 147
67 79
144 126
172 37
169 117
15 29
68 58
68 131
68 59
39 154
170 154
194 42
127 120
96 136
142 103
129 128
20 118
173 132
134 186
145 140
5 110
11 59
108 54
189 165
11 176
139 103
112 171
72 45
87 58
96 163
88 59
106 29
34 181
107 76
89 63
99 37
138 2
145 148
85 75
143 19
50 9
24 40
94 176
50 37
17 84
106 168
5 40
166 150
55 9
191 42
135 22
56 75
87 128
102 32
94 158
28 92
24 155
99 92
107 141
106 97
194 190
109 53
151 62
146 51
39 61
99 140
152 136
17 171
153 29
139 79
162 63
160 8
73 140
104 32
139 182
23 147
139 92
17 177
162 148
64 42
90 58
160 49
170 69
94 105
122 185
130 1
11 114
4 124
91 41
72 86
135 37
82 155
60 63
142 70
99 6
47 157
44 19
108 69
96 198
123 32
159 171
109 8
3 83
184 53
17 45
17 117
85 8
109 74
162 118
129 155
199 51
91 113
73 53
127 51
89 7
77 53
56 200
151 163
152 75
80 51
160 114
96 86
99 177
4 126
160 165
111 51
33 86
100 92
28 118
56 49
137 53
144 171
183 147
196 154
87 2
167 156
57 61
28 131
134 78
170 180
166 156
161 51
123 175
57 126
88 51
199 158
123 36
122 74
95 38
149 74
72 156
143 31
108 120
104 118
127 110
189 59
100 21
102 136
129 41
12 70
112 114
67 58
112 74
90 128
143 53
71 157
159 83
39 178
142 114
174 175
162 61
56 158
56 140
111 14
196 165
109 10
137 178
133 103
5 186
35 75
151 171
159 7
115 110
72 37
179 66
27 37
115 2
30 97
199 116
166 105
55 155
89 185
122 163
161 46
5 42
34 121
137 120
106 147
80 48
100 117
28 7
35 38
111 65
122 81
191 36
187 84
73 78
26 19
129 185
35 58
100 61
169 62
94 164
95 154
139 150
134 63
28 13
193 37
12 188
184 120
34 84
57 116
109 63
77 52
195 46
44 16
127 29
33 128
87 81
4 8
130 9
67 188
4 62
159 16
122 190
129 110
193 51
55 125
34 9
144 180
133 81
167 52
57 29
43 31
191 21
91 168
169 69
68 61
172 119
194 29
77 93
199 69
91 38
174 101
183 182
127 38
160 136
139 78
123 120
169 31
20 21
35 92
199 21
47 97
134 103
112 150
39 168
28 182
55 98
5 140
64 38
193 180
50 148
170 113
5 188
11 97
44 98
11 84
60 1
160 54
71 124
160 182
146 32
146 79
73 59
34 86
68 163
26 49
149 125
99 49
60 103
47 141
39 70
106 121
161 86
89 154
174 124
104 163
167 154
67 69
87 125
55 31
159 105
106 185
89 62
191 9
107 42
15 185
109 78
17 75
43 120
130 121
129 65
135 101
138 54
173 124
161 36
152 98
134 117
30 52
77 74
161 154
100 158
135 117
96 114
68 128
4 70
138 49
25 1
27 121
123 61
130 76
95 148
191 121
179 97
26 1
60 141
43 182
87 22
108 116
172 125
50 70
144 200
95 86
23 76
197 31
184 83
95 40
57 156
184 69
72 19
107 158
15 120
55 2
189 69
26 131
146 155
35 114
172 132
77 118
87 9
108 97
112 124
80 32
15 75
30 114
187 177
160 58
60 74
139 52
24 63
25 59
127 62
44 86
134 31
127 46
166 103
50 185
179 78
43 136
56 79
194 131
102 21
89 126
122 46
72 110
88 150
5 59
11 175
106 46
71 92
197 52
39 136
77 51
172 188
88 69
67 8
194 116
183 38
160 62
187 116
91 117
174 74
134 13
30 62
196 181
27 83
123 101
12 140
162 7
99 163
152 132
160 38
73 58
4 66
82 132
167 132
172 32
20 176
99 58
67 141
64 41
35 81
89 200
91 175
193 182
130 176
39 101
94 37
174 103
44 136
139 32
138 8
80 165
197 190
50 155
85 78
56 65
144 52
96 31
189 154
167 84
90 41
195 48
199 157
88 58
167 62
152 190
87 78
169 41
199 65
135 125
23 192
88 141
196 117
27 86
95 182
173 126
90 131
191 29
194 200
71 79
172 8
88 70
130 131
160 42
144 198
5 165
71 200
12 10
112 128
90 155
167 103
95 131
167 181
68 155
33 36
139 13
68 54
173 176
77 157
152 21
145 49
60 164
193 168
199 140
134 62
55 65
196 8
107 168
26 165
39 150
55 59
130 29
90 190
90 125
159 114
108 110
26 124
15 182
149 180
134 181
43 185
80 6
60 6
85 93
24 140
68 185
129 74
33 37
55 163
99 131
71 48
187 46
137 200
90 13
100 31
73 180
179 164
30 178
89 46
172 190
27 10
135 178
94 132
160 150
47 31
20 180
107 74
162 164
60 8
50 66
138 79
167 66
55 175
23 92
152 52
189 81
127 74
11 40
82 125
123 124
28 119
85 36
142 131
15 53
166 69
82 32
143 10
100 176
56 98
123 118
3 86
153 165
90 14
35 42
152 83
196 105
197 19
100 2
15 54
44 125
173 19
68 38
169 148
108 75
162 175
112 32
169 21
80 52
172 117
153 190
30 119
170 76
5 136
162 92
127 2
194 84
166 40
122 61
82 21
144 79
30 48
191 150
96 65
138 186
4 147
95 46
91 86
106 125
68 171
184 121
64 16
39 86
170 37
194 59
11 186
94 148
170 188
137 103
187 124
44 150
44 46
153 38
17 8
153 113
15 13
193 190
169 93
85 105
20 31
151 75
173 93
12 97
161 188
145 61
143 155
33 59
60 2
162 178
170 21
173 75
173 178
194 164
172 97
12 21
68 136
135 165
35 98
199 118
197 83
87 190
160 105
197 14
24 86
77 61
25 177
82 181
96 38
135 58
138 181
159 164
146 14
20 7
94 120
85 97
90 66
122 13
26 63
39 105
170 158
166 121
47 101
27 16
122 110
133 63
33 92
153 92
139 158
50 75
33 185
174 150
104 182
5 84
35 121
127 86
174 192
18 45
85 76
184 51
25 156
43 132
170 42
183 168
18 110
35 51
106 9
183 51
161 22
89 93
106 48
104 54
139 176
57 51
183 1
193 163
95 81
96 51
26 42
133 29
153 86
23 46
3 70
68 164
100 14
189 92
144 8
183 119
80 182
73 185
33 63
179 10
173 118
25 93
71 164
149 155
122 49
167 198
143 120
12 40
87 83
80 13
153 126
87 37
195 131
44 175
50 36
195 75
3 36
109 113
30 200
30 147
82 13
57 13
139 9
18 74
139 126
127 45
139 136
18 178
100 9
193 140
43 93
172 165
20 14
135 198
67 32
3 154
28 164
135 65
39 156
35 53
179 163
191 7
25 200
170 8
174 198
159 36
162 101
26 198
161 6
88 110
102 181
169 154
194 176
111 61
85 128
134 14
184 22
34 45
193 10
15 198
159 29
18 121
152 41
153 40
25 76
137 75
166 119
173 117
73 113
3 117
153 2
90 21
73 117
144 105
18 65
72 6
43 192
191 49
57 19
28 156
111 140
160 113
195 181
174 22
91 37
34 164
28 188
107 62
91 147
166 118
107 49
20 124
95 36
183 45
191 78
88 81
179 154
187 136
130 148
104 150
30 1
112 132
145 53
195 120
25 178
56 58
15 180
56 22
3 75
28 93
5 168
137 54
11 14
142 29
193 84
153 7
39 10
133 157
109 182
25 62
80 78
196 22
64 132
137 81
197 13
184 62
135 98
91 59
184 7
104 51
77 48
44 200
72 76
43 198
27 176
27 97
166 114
162 97
151 32
123 150
102 63
137 38
24 46
3 74
135 53
106 81
80 140
17 63
166 31
80 31
26 140
33 163
77 121
89 16
166 125
184 93
99 14
159 120
4 79
122 114
25 21
153 186
95 53
71 59
142 192
142 41
144 163
169 65
91 181
60 125
145 150
3 119
102 8
34 79
17 198
104 171
64 36
89 10
102 198
122 101
115 41
149 190
26 69
100 200
90 16
15 14
77 38
183 141
67 74
72 132
50 58
138 7
55 69
56 136
4 6
151 150
23 19
15 155
73 125
170 84
50 117
134 178
112 116
25 6
112 176
197 48
94 8
199 31
133 118
77 128
77 7
172 13
184 118
194 185
43 81
129 198
77 124
146 177
4 128
18 58
17 49
139 119
24 185
133 83
44 51
85 121
134 124
47 21
50 168
71 176
43 181
104 110
15 119
134 38
68 113
12 93
167 124
3 16
73 37
191 164
72 97
183 192
151 156
173 120
68 101
130 52
33 177
134 177
135 76
24 117
72 53
5 150
173 168
167 8
144 154
18 6
68 175
127 84
77 186
3 31
11 37
111 29
34 185
111 76
88 83
72 2
199 120
94 10
195 103
195 158
18 37
80 58
18 40
142 65
162 188
129 168
130 48
108 121
134 46
94 78
39 2
73 54
44 52
95 78
27 42
107 63
96 8
174 131
85 46
169 190
3 141
26 31
15 2
127 8
152 185
50 141
23 86
71 46
56 147
111 1
143 14
50 136
107 175
130 54
39 185
5 1
44 155
153 49
195 136
17 2
107 2
73 13
143 66
193 41
166 61
151 124
195 62
33 113
145 59
55 164
169 61
64 79
151 19
133 165
12 185
34 147
77 16
33 81
102 13
89 1
25 176
191 19
55 128
191 131
149 32
161 117
145 10
137 29
90 114
71 45
68 36
174 168
90 119
5 75
145 97
199 156
85 10
88 41
35 105
102 36
27 58
91 125
111 132
24 120
162 165
99 165
15 42
109 14
152 140
60 52
12 125
3 1
195 70
123 154
20 51
95 180
130 156
104 147
80 136
90 83
90 200
142 113
15 176
189 147
143 156
27 21
174 66
24 59
199 131
100 65
123 148
115 63
135 32
27 62
191 65
34 154
71 38
11 70
122 19
35 61
183 16
67 83
73 178
60 66
104 128
100 8
135 8
197 140
26 70
170 22
12 8
127 132
189 62
11 7
143 154
18 190
94 42
170 31
172 74
115 128
152 42
47 7
146 6
104 22
12 19
68 86
173 141
17 74
106 75
102 124
82 116
170 61
35 63
184 154
109 93
191 126
25 46
195 53
166 84
39 180
179 42
161 180
71 78
100 93
187 8
24 1
55 105
88 93
24 198
100 188
95 175
173 116
161 58
80 83
159 76
20 186
27 92
91 81
91 53
129 186
106 148
169 13
56 41
139 101
95 105
142 45
60 148
133 180
56 155
30 163
64 2
151 180
135 140
111 155
137 62
27 150
71 70
194 41
28 32
149 84
193 101
151 42
159 21
145 63
30 141
23 14
44 13
174 54
159 46
90 48
134 140
169 198
90 177
87 124
160 125
72 98
55 93
169 103
112 125
143 116
149 118
130 46
87 178
152 81
56 7
161 9
139 2
135 200
28 150
88 48
96 141
174 19
138 69
139 14
152 148
85 69
199 188
102 165
33 78
80 8
25 31
161 76
64 124
3 125
91 92
169 101
85 163
139 81
194 65
5 181
170 45
106 155
91 8
94 140
34 116
43 155
24 154
108 52
191 74
30 10
43 59
80 157
187 158
91 9
152 54
129 182
34 32
35 180
82 7
112 42
133 98
12 103
11 76
4 157
5 171
189 180
35 31
146 101
23 49
152 126
44 2
139 192
159 41
50 119
15 200
106 156
56 168
127 103
193 69
82 110
23 16
88 86
187 154
196 65
73 45
25 110
152 182
146 10
122 157
82 154
95 110
111 36
169 150
151 198
99 105
195 98
189 117
55 136
123 177
90 61
64 126
27 200
111 158
133 114
89 58
187 59
34 178
71 40
24 19
107 136
169 163
138 157
55 40
4 13
25 16
108 31
133 148
104 65
145 21
160 10
26 178
173 97
187 164
64 19
96 92
88 118
33 101
80 29
187 113
39 171
143 181
17 10
43 38
174 163
18 200
129 16
77 155
73 29
122 38
11 178
144 120
82 8
55 117
112 6
89 54
184 178
111 38
183 181
152 180
104 121
57 8
82 168
47 62
82 31
194 120
152 200
139 140
146 113
170 59
137 40
197 8
71 16
95 157
82 147
115 116
82 51
127 113
91 182
166 21
159 93
72 125
111 141
11 128
162 45
196 158
193 38
162 132
94 175
73 32
34 117
115 114
47 164
144 136
39 158
170 51
179 75
35 155
149 1
159 2
173 165
39 198
108 124
183 114
129 84
138 192
89 31
27 125
184 132
127 79
112 147
20 185
82 156
35 181
133 79
174 58
44 9
146 48
25 22
122 9
137 76
11 9
169 46
104 148
138 168
3 19
87 158
4 2
199 16
107 58
44 61
15 141
20 154
34 110
197 54
184 180
12 164
152 37
161 156
60 110
183 171
153 141
87 180
167 110
137 126
174 118
28 165
151 176
57 46
173 74
18 75
174 171
130 178
17 103
43 21
138 200
143 78
159 40
34 165
95 84
174 164
187 141
193 121
115 78
183 49
130 190
153 14
106 42
88 38
183 97
137 105
96 158
170 10
115 49
27 103
111 114
67 36
35 52
191 83
90 164
50 16
44 128
47 51
149 164
135 188
11 140
130 128
199 40
111 9
194 6
100 116
28 101
144 21
173 40
112 158
109 171
184 74
162 176
143 140
145 1
102 79
60 117
17 186
100 120
26 45
68 31
143 200
82 118
138 126
100 63
17 16
173 14
64 105
149 103
143 177
193 120
88 45
193 66
23 32
102 121
107 110
129 178
115 165
5 29
104 188
106 49
179 113
183 79
34 42
145 54
12 176
24 62
139 58
27 70
127 36
82 62
133 84
194 48
72 177
28 141
25 113
194 147
20 98
11 74
174 48
4 125
15 156
57 70
90 1
25 158
144 53
82 150
167 46
20 164
25 78
138 177
56 54
99 110
35 49
179 93
145 58
149 78
50 121
145 198
172 53
80 110
33 65
24 21
197 97
187 150
99 76
173 66
43 118
193 154
44 66
5 156
189 157
26 168
143 51
39 1
107 116
106 69
11 16
169 59
172 69
82 9
17 192
30 37
179 83
109 42
35 74
67 92
134 118
127 81
160 119
28 181
108 148
24 116
170 63
199 105
11 13
85 13
184 78
102 86
39 103
109 65
184 141
135 141
138 154
18 119
161 177
67 37
26 75
123 114
184 63
73 114
64 171
166 198
34 46
194 92
4 98
174 83
129 200
196 49
96 147
56 40
106 62
35 65
108 171
169 182
77 9
57 10
195 128
122 181
57 2
80 46
193 188
174 61
196 84
160 168
191 53
161 32
94 177
34 1
194 83
109 19
166 117
96 1
60 154
44 120
73 158
39 46
115 53
85 164
57 105
146 83
55 116
5 119
34 176
123 59
173 163
89 51
174 70
23 58
35 54
30 136
174 31
169 121
28 75
68 22
90 192
196 176
55 177
183 29
57 180
123 38
143 48
167 74
194 16
64 97
195 165
108 168
151 8
39 131
195 1
99 83
166 54
73 42
159 48
27 126
145 22
173 83
17 14
3 190
193 98
82 98
64 9
112 188
130 114
142 182
89 176
108 198
39 63
149 101
161 168
27 120
18 124
160 154
167 101
25 147
102 76
189 84
23 41
142 49
27 7
166 110
195 32
133 52
184 66
138 52
160 40
50 165
127 40
28 76
123 192
17 9
39 141
152 164
26 84
95 147
44 49
194 75
191 182
18 22
127 131
56 83
73 14
30 40
47 37
18 84
172 178
145 154
162 185
28 177
43 10
47 126
11 177
87 51
145 31
151 6
89 86
71 58
34 158
90 121
28 158
57 14
149 121
25 45
57 45
127 119
91 185
161 113
159 168
109 126
167 136
187 181
159 51
159 9
174 7
95 48
30 198
24 98
145 168
106 19
195 13
12 101
107 41
183 59
18 36
100 54
104 117
67 190
137 125
138 16
197 6
189 141
44 114
12 36
104 185
60 175
130 83
159 185
67 121
12 110
94 32
12 119
111 103
68 126
18 114
173 98
173 1
127 9
88 103
195 119
139 175
94 116
174 148
82 70
138 45
55 97
143 114
153 192
153 58
28 110
96 21
137 119
135 46
135 21
94 76
68 141
153 147
26 65
60 118
123 200
24 84
189 98
170 116
55 38
115 40
199 113
197 156
145 125
143 110
20 61
107 157
149 148
91 97
102 110
134 154
96 132
174 182
50 46
67 22
85 59
170 32
24 157
73 83
189 188
30 131
167 117
161 74
108 113
3 147
60 157
151 70
33 175
146 81
64 141
100 190
199 92
44 7
50 6
47 86
170 168
138 141
106 188
106 63
112 45
122 119
134 120
3 178
151 79
112 93
152 171
44 37
115 79
135 13
127 16
39 98
137 22
151 185
24 178
122 116
196 42
187 198
96 59
145 29
72 31
196 7
170 93
102 6
23 45
47 116
11 21
33 16
18 157
109 114
43 16
143 105
142 14
43 141
94 22
56 113
191 171
173 65
11 125
183 36
12 175
20 114
142 186
17 110
44 14
111 93
123 13
30 165
80 155
35 70
4 53
68 16
161 148
26 8
193 52
173 70
170 190
60 31
166 113
191 93
137 154
187 40
145 119
191 41
44 59
129 113
166 76
133 155
167 51
142 32
144 78
43 116
73 182
134 41
88 175
109 164
179 132
153 48
99 190
166 51
184 192
73 81
102 16
89 125
27 6
142 180
72 128
35 131
197 181
129 147
197 86
88 9
25 124
129 70
195 42
11 86
159 150
5 49
88 190
60 42
72 75
64 78
33 69
160 14
196 157
143 165
96 42
196 36
187 155
196 116
33 53
72 65
134 7
77 110
20 97
109 178
123 126
64 103
77 182
109 165
39 69
100 22
139 66
127 48
152 198
127 114
85 2
129 92
57 190
107 36
17 21
43 1
169 200
196 155
144 75
100 126
123 69
106 54
3 22
44 117
55 13
169 98
4 168
145 114
35 76
27 147
146 21
67 70
3 164
108 13
197 118
43 76
199 32
138 113
144 185
20 58
99 157
197 81
71 158
145 66
99 141
162 125
143 126
159 148
142 125
33 132
34 101
57 63
28 190
142 61
67 181
94 70
4 136
130 163
123 10
161 101
5 52
99 65
196 40
96 124
115 124
199 186
55 176
18 156
73 186
179 114
167 131
193 22
172 42
133 10
73 119
87 168
170 29
108 22
96 105
56 45
144 182
24 119
99 52
55 45
4 92
137 6
102 14
89 75
24 97
67 125
18 2
50 120
85 98
193 128
183 6
112 16
27 128
149 16
90 37
28 65
96 188
135 103
39 36
111 54
5 113
47 49
187 114
77 150
44 62
189 75
194 46
142 150
137 41
87 120
184 155
96 176
26 16
194 2
142 147
24 128
26 117
25 8
71 186
191 163
24 66
149 126
15 132
130 81
191 185
4 48
196 113
191 2
3 6
68 180
146 13
73 132
179 200
112 154
196 10
71 182
44 21
77 116
112 78
85 186
88 1
85 74
149 97
17 168
34 69
130 42
15 37
18 62
195 124
167 114
25 53
197 84
104 140
64 29
145 182
28 38
68 21
17 98
57 200
68 200
17 156
153 156
112 53
5 185
25 98
115 171
172 105
161 83
173 188
143 9
12 128
87 165
88 36
160 76
142 8
12 45
96 6
26 93
71 36
134 59
111 41
137 51
67 131
129 132
179 84
25 117
107 103
4 78
3 114
162 49
106 198
139 38
55 19
28 125
30 98
130 10
111 105
133 16
17 81
28 113
23 114
23 22
56 61
193 70
94 182
100 16
80 120
87 19
43 42
68 6
88 154
27 110
50 79
133 92
35 154
112 178
184 163
169 51
88 192
108 117
189 186
89 59
179 74
138 180
57 6
91 150
109 188
99 171
55 126
112 190
71 29
24 92
160 79
189 46
64 31
96 75
39 6
123 136
196 86
179 41
127 147
142 37
129 119
33 76
33 61
72 200
134 51
172 158
145 158
72 171
127 186
33 54
111 113
133 101
73 192
64 175
43 92
144 81
43 114
77 29
107 97
111 2
183 37
160 171
18 175
184 61
146 65
99 41
197 164
96 126
89 165
102 22
179 186
26 81
152 69
104 42
28 62
173 180
142 2
144 121
166 83
88 121
77 22
33 126
199 190
25 84
24 45
77 66
145 157
104 40
130 157
91 136
106 52
179 61
24 131
167 192
115 13
109 118
144 116
94 181
173 51
159 75
137 177
194 54
134 61
55 165
196 190
137 185
12 81
20 178
100 69
89 117
187 48
166 140
169 6
47 69
33 97
135 61
99 40
89 13
67 84
39 117
184 45
27 65
77 10
57 78
196 147
23 38
191 181
24 110
115 9
90 31
25 103
4 45
172 116
149 36
87 6
11 126
44 41
169 176
15 69
72 41
151 86
162 155
99 10
27 158
127 31
144 93
67 140
179 185
167 48
71 126
88 156
90 116
172 7
89 105
162 41
127 171
91 62
179 32
115 200
135 52
194 45
191 92
27 66
189 2
160 156
169 136
189 125
195 66
115 86
184 79
89 113
67 48
80 176
82 53
108 180
134 21
90 38
144 97
129 120
196 182
15 61
143 97
193 40
43 164
72 131
109 119
151 76
127 66
80 113
44 70
183 156
195 14
123 131
33 200
99 114
95 177
88 29
94 150
73 155
189 140
169 45
15 101
162 181
134 74
57 176
82 52
3 7
90 154
44 83
90 181
194 69
28 58
122 31
108 128
80 171
55 200
91 1
166 7
94 136
55 8
194 110
17 93
44 148
25 168
102 118
130 113
24 124
123 190
15 165
179 37
90 103
102 49
183 48
60 105
88 62
88 84
199 121
144 113
135 66
57 16
107 61
195 114
27 52
151 140
162 14
160 65
94 45
144 178
94 192
23 178
149 119
146 185
162 38
115 192
25 185
129 69
115 19
5 148
23 83
104 8
174 1
95 198
82 75
3 163
194 132
88 10
133 19
135 62
67 164
152 158
135 84
153 76
133 7
130 31
99 79
162 6
112 198
20 136
4 110
151 190
82 141
138 198
104 81
95 120
149 156
30 181
123 181
162 31
64 13
33 2
94 40
87 42
5 147
55 113
12 118
193 119
184 177
122 121
112 7
130 198
173 182
151 38
17 120
106 178
55 154
34 200
172 52
35 156
187 42
145 9
33 7
183 178
100 181
20 45
56 148
104 92
194 40
5 155
60 180
106 16
169 79
151 164
18 177
146 76
72 121
102 66
44 54
91 186
112 75
68 46
67 116
44 22
88 132
47 40
94 178
152 31
18 180
196 98
50 84
5 116
183 185
100 98
71 54
12 31
68 1
89 136
30 31
94 62
108 86
115 168
167 40
50 14
144 119
172 93
18 116
197 103
15 70
18 105
57 132
89 148
24 53
23 119
108 70
72 66
89 65
5 190
44 84
135 14
80 98
111 165
196 51
82 22
43 49
129 171
183 190
94 101
199 175
184 48
100 175
91 79
34 157
152 62
151 188
111 124
151 66
174 140
173 148
149 171
115 45
139 70
104 192
3 98
12 86
96 69
34 140
161 19
50 150
130 175
169 2
137 70
167 188
153 164
107 192
191 176
104 45
142 48
3 171
199 147
183 63
130 188
107 132
35 97
183 65
160 117
173 9
20 140
167 53
199 10
153 63
85 136
134 79
187 61
138 19
153 54
102 97
102 185
193 126
80 178
15 63
4 181
71 148
71 105
3 175
15 49
172 1
24 147
60 168
166 158
82 178
20 156
161 192
47 168
115 198
195 22
96 148
123 78
133 61
5 177
15 113
193 32
3 126
43 6
167 150
99 51
149 192
91 22
153 188
196 121
127 59
106 92
112 36
23 148
187 148
160 9
127 118
50 132
25 52
123 165
68 83
107 155
35 22
68 49
199 1
146 180
137 181
17 154
109 198
161 181
137 136
26 192
80 74
50 74
88 37
91 198
89 171
95 61
127 7
82 165
199 45
115 76
20 93
20 198
30 54
189 200
122 48
85 54
3 42
34 54
139 157
111 121
134 165
107 113
115 29
108 175
71 31
107 66
146 41
34 126
43 148
55 157
35 16
152 8
47 63
82 1
149 41
82 128
159 58
85 22
138 81
197 70
35 93
20 132
17 155
17 185
100 97
133 164
20 147
109 79
145 62
57 157
100 53
77 117
146 98
161 92
85 119
39 92
11 158
28 14
104 29
94 1
193 158
142 175
60 136
153 163
160 131
122 200
195 178
88 113
123 117
170 148
26 48
95 155
153 200
179 155
174 36
151 118
149 14
64 7
194 175
60 49
122 37
4 177
56 124
89 19
43 176
30 49
4 132
152 141
3 105
112 63
25 114
85 58
82 59
166 63
33 10
160 178
194 165
160 46
102 186
33 19
12 148
5 36
27 78
159 19
142 7
146 131
138 171
17 157
139 1
43 117
115 182
80 121
133 9
179 21
167 98
55 51
123 198
17 41
123 156
115 180
3 62
173 140
26 121
189 61
153 41
26 105
72 38
139 141
179 29
47 13
111 58
183 21
183 83
111 185
189 86
144 141
130 192
99 78
26 79
122 171
109 158
87 157
72 150
161 1
50 41
95 92
94 48
109 6
129 59
23 78
20 113
91 52
11 200
111 7
159 66
195 113
34 51
80 118
138 62
57 117
57 186
27 140
193 29
197 66
20 131
47 9
108 83
133 78
43 75
73 6
56 63
104 58
87 79
197 37
44 48
130 78
169 78
72 32
47 38
122 54
170 164
153 8
194 52
12 38
82 41
68 40
68 158
111 116
166 92
139 165
18 97
4 49
143 182
172 48
15 186
143 188
111 148
23 6
167 92
134 132
108 9
3 121
64 65
161 69
133 131
166 131
11 41
57 21
197 114
191 59
111 175
194 182
82 42
72 49
25 65
111 74
172 22
123 93
189 156
139 49
56 185
34 31
191 105
170 118
108 2
27 136
107 84
60 181
30 81
77 81
87 103
90 101
149 46
112 97
34 155
187 66
143 103
3 48
189 31
102 98
151 58
77 63
104 105
30 76
56 180
67 40
184 40
184 2
95 163
100 110
94 14
162 158
179 101
27 98
56 36
24 200
88 147
174 13
18 168
199 163
85 168
71 42
183 40
169 70
138 21
18 181
197 120
5 66
160 177
184 59
20 157
108 32
12 2
107 198
80 79
43 53
25 165
108 192
57 75
159 22
197 113
183 101
112 131
151 192
24 190
47 188
94 83
109 40
107 114
146 49
72 147
102 40
39 116
24 164
162 65
160 48
152 48
184 52
20 54
170 62
85 157
85 131
179 124
80 126
146 70
109 58
77 84
143 176
196 92
189 83
90 46
189 66
108 21
195 105
71 65
129 136
80 61
193 75
191 157
18 141
133 62
142 86
73 124
33 75
56 101
179 45
170 58
187 19
88 2
159 103
5 117
23 51
47 120
160 37
146 58
26 76
106 22
94 188
4 32
43 29
82 164
72 182
108 7
193 7
135 49
138 9
199 78
112 59
195 198
11 185
33 114
12 124
161 186
197 188
187 29
102 41
64 54
27 178
149 66
145 36
106 124
26 59
115 164
30 126
193 46
144 147
27 175
91 157
89 175
64 1
146 110
145 163
25 121
149 59
55 110
44 53
142 168
4 38
122 75
27 181
195 125
68 10
127 63
102 117
44 42
18 61
135 185
179 182
89 186
151 131
64 118
88 140
87 76
142 178
82 84
89 121
88 158
91 76
90 79
170 16
11 157
44 69
39 21
107 51
85 32
143 190
55 32
169 63
35 13
5 93
95 176
94 59
56 175
143 37
144 98
199 198
187 182
5 48
142 188
194 177
137 180
184 32
102 46
80 156
108 132
127 154
146 2
196 38
30 8
107 125
95 52
193 155
187 118
60 188
87 121
179 65
47 113
20 84
130 165
122 147
3 79
30 93
44 1
187 176
169 19
162 81
129 81
133 2
179 157
87 61
196 119
166 45
106 61
44 158
4 69
95 119
3 182
134 10
166 19
100 121
87 92
127 168
23 113
108 157
35 186
11 1
91 58
73 120
153 114
134 2
26 177
104 116
193 61
87 188
95 168
100 131
71 49
107 81
3 69
184 128
104 84
166 98
33 157
135 75
152 79
73 69
4 163
127 185
15 188
173 157
80 114
115 97
91 200
33 158
194 155
169 75
4 155
108 186
123 29
28 120
161 53
143 124
5 131
139 6
143 81
80 131
123 1
167 163
43 97
100 103
159 121
23 156
24 41
43 113
135 192
129 75
94 93
34 6
50 48
170 185
23 65
88 186
77 41
39 29
15 116
68 154
18 192
146 171
135 110
115 175
18 9
104 19
106 58
152 93
108 155
47 93
133 46
194 121
20 2
109 54
122 36
25 14
135 186
139 114
183 150
90 51
71 81
191 186
34 148
134 136
161 10
96 171
187 78
149 7
172 31
77 113
133 38
60 78
187 63
39 120
72 93
109 110
102 188
99 181
184 98
11 42
133 125
102 147
67 158
149 86
23 8
153 32
139 19
112 186
134 163
4 76
56 31
153 84
172 136
169 114
35 185
109 141
90 63
142 36
85 165
12 48
100 58
26 78
90 175
127 10
167 158
95 13
17 182
195 61
170 110
87 98
167 14
73 22
106 70
107 6
57 118
90 84
170 121
145 69
144 128
55 188
130 19
71 116
189 19
28 9
34 192
151 125
115 81
23 121
87 119
108 165
43 171
134 131
72 40
20 10
100 101
179 22
138 66
160 2
85 1
72 54
199 61
39 192
130 7
34 171
56 119
15 136
183 157
26 7
109 124
161 141
60 51
24 101
43 41
195 74
111 16
123 163
11 22
144 84
187 165
187 101
193 114
12 76
50 83
143 131
5 62
30 16
94 86
143 132
60 147
57 171
166 120
109 21
12 116
34 120
195 81
199 124
130 126
189 175
170 7
4 188
104 74
167 83
146 66
145 200
17 118
60 84
111 178
3 192
91 178
89 141
123 65
20 81
137 113
174 154
199 76
193 175
106 101
17 37
123 128
160 41
50 81
130 13
50 59
167 38
179 148
47 154
82 76
24 14
96 63
64 114
127 150
135 29
67 62
111 52
90 182
172 16
77 178
189 178
189 103
145 117
139 185
30 128
20 32
43 124
73 51
77 147
99 150
159 126
50 97
107 7
174 141
107 188
161 150
104 119
197 116
30 78
96 156
166 93
28 21
160 59
196 177
90 19
122 182
71 120
142 51
167 49
95 6
23 163
4 97
39 22
102 177
172 70
4 192
152 157
167 140
145 121
67 120
96 93
80 117
161 175
151 155
183 76
138 156
107 1
3 92
90 156
139 76
189 74
99 120
172 76
144 36
88 52
71 132
127 126
122 6
144 49
55 74
173 181
162 2
191 48
184 140
199 114
44 154
25 126
179 119
183 53
153 31
102 65
142 198
5 121
95 150
107 177
145 84
122 154
134 36
91 51
50 154
191 200
35 110
162 124
99 124
82 38
108 8
199 119
60 192
144 164
197 7
23 165
187 132
60 126
167 148
27 171
172 6
159 10
34 190
90 126
68 117
144 103
187 157
100 147
44 93
73 36
123 92
64 185
99 1
153 10
82 54
77 103
184 200
122 40
39 175
88 54
64 53
28 154
145 186
146 175
67 157
122 69
82 36
162 156
90 168
143 1
30 176
85 110
56 21
167 126
160 132
33 190
145 185
108 185
123 74
152 45
20 78
104 97
162 48
88 46
71 98
142 83
152 6
173 16
33 14
11 180
151 2
151 41
161 155
89 84
139 36
183 140
87 150
96 121
146 105
142 76
18 76
161 63
144 69
24 78
197 101
30 38
179 59
122 51
129 116
112 62
129 175
104 93
149 120
47 132
191 116
195 63
137 10
43 168
96 14
100 148
162 180
153 6
146 125
27 1
85 118
27 59
68 157
17 52
60 182
72 164
179 40
99 7
115 51
60 150
166 49
170 79
108 125
25 128
50 52
90 117
39 32
107 75
160 198
94 69
82 97
122 176
139 42
15 110
20 117
144 22
50 182
25 148
122 165
167 120
172 9
162 16
68 92
30 92
173 45
68 119
33 168
80 54
167 97
184 37
55 92
173 128
129 125
43 190
145 155
47 103
123 84
104 70
15 171
115 150
3 66
133 190
12 178
112 181
96 113
87 140
60 132
17 69
95 132
91 171
11 92
4 178
15 51
111 163
5 92
122 177
99 53
139 116
130 177
161 16
133 14
130 124
172 118
91 132
159 98
159 177
47 2
25 186
26 14
191 69
80 84
27 31
172 192
189 150
50 29
111 21
145 181
64 178
129 164
43 46
108 29
18 69
56 186
183 128
71 156
28 54
4 140
72 113
197 79
80 42
130 150
109 156
47 118
149 62
193 65
187 186
129 10
197 178
195 21
162 200
47 198
133 163
197 32
138 131
189 168
43 84
96 76
100 150
95 128
187 45
56 19
151 148
153 150
115 190
199 182
144 158
28 45
196 126
15 86
197 200
23 141
88 32
143 13
104 124
166 8
35 117
161 132
137 171
71 177
193 125
56 188
195 188
151 21
96 46
191 51
191 76
170 120
104 62
194 97
179 19
137 148
161 48
71 188
17 70
47 65
109 175
100 136
77 45
56 16
112 48
26 157
4 14
153 75
4 114
27 141
179 190
138 175
197 16
139 53
189 79
88 53
33 164
28 126
34 74
161 21
50 140
85 42
73 9
71 69
15 103
197 63
187 119
112 168
146 86
138 61
67 105
39 188
129 190
122 178
169 92
143 180
77 105
174 176
115 22
60 76
195 83
68 148
189 70
67 186
77 177
199 192
17 150
146 63
43 40
174 9
91 83
179 69
85 188
149 79
35 32
95 58
149 140
57 119
94 171
87 101
60 119
73 116
161 59
109 45
28 124
43 147
20 190
129 8
184 182
143 186
139 147
23 105
133 45
23 176
104 78
80 10
143 171
107 29
89 9
199 46
112 41
159 49
170 181
30 32
143 6
30 105
127 163
160 70
67 148
89 119
151 116
15 58
18 52
99 148
77 190
39 78
94 74
20 13
30 168
109 186
23 48
161 119
152 125
64 66
194 105
18 176
94 16
91 61
30 117
170 2
134 54
167 93
89 132
122 168
4 101
85 61
199 180
123 83
26 114
169 10
193 186
95 42
34 98
197 53
196 52
183 177
17 54
144 7
68 9
18 86
12 92
196 69
87 49
167 185
109 154
28 49
191 52
137 16
170 54
194 22
57 81
67 180
138 70
145 37
67 168
108 1
189 136
85 66
104 79
191 58
91 84
95 103
85 185
77 156
24 7
172 155
102 93
162 177
196 186
68 198
153 131
80 163
133 124
3 8
104 75
109 128
106 116
109 176
20 42
129 83
167 175
173 22
133 121
71 63
50 61
196 124
174 97
17 188
60 32
149 188
133 117
111 171
145 83
99 198
95 62
33 8
161 38
34 118
89 45
87 110
64 163
107 78
108 200
159 79
112 110
169 52
64 117
138 74
138 92
166 37
134 98
56 14
102 200
153 66
193 54
138 29
60 198
33 105
194 186
28 178
56 105
87 10
152 188
28 46
115 131
104 6
195 52
26 97
89 2
72 29
67 13
20 182
96 7
27 63
77 136
191 37
152 10
73 147
27 36
115 65
172 110
50 101
162 126
18 19
196 62
73 31
184 81
111 37
35 124
102 192
138 40
5 51
99 117
162 83
71 37
173 37
170 74
127 180
135 181
111 13
104 156
4 103
159 155
149 75
111 186
137 66
73 131
34 7
187 131
111 63
134 105
64 150
193 164
123 70
152 124
18 126
138 176
174 8
187 13
102 45
88 40
87 126
166 141
26 136
135 176
35 59
67 171
197 185
196 74
87 164
57 40
3 78
99 180
71 171
68 66
95 200
193 53
187 103
18 46
172 66
142 98
137 147
151 168
89 66
106 126
149 2
39 176
187 98
47 32
191 165
33 1
170 165
34 103
169 29
194 79
161 52
39 121
123 121
123 53
112 79
17 76
95 192
5 9
25 70
174 76
99 61
90 86
43 9
26 29
80 19
166 48
197 175
173 136
57 59
179 147
67 61
68 121
145 16
64 155
162 52
30 36
100 192
191 178
129 141
89 40
112 81
27 186
166 9
138 101
152 147
11 63
166 116
183 136
34 61
47 119
115 132
64 45
47 105
60 156
3 128
47 70
146 182
11 163
77 188
179 81
129 86
96 168
99 101
18 186
11 110
166 38
159 140
123 75
133 171
57 198
159 200
12 59
15 93
91 158
23 182
137 176
25 140
85 37
115 185
55 121
100 79
12 74
17 158
102 7
67 81
195 37
80 124
137 9
193 171
56 177
143 63
199 155
142 40
134 155
184 41
172 171
30 53
28 19
85 103
162 157
99 16
91 164
142 66
67 113
159 31
11 150
169 165
100 41
90 92
183 120
196 175
133 176
95 51
143 16
151 59
195 49
170 70
80 92
112 52
191 117
145 8
146 69
152 59
149 128
197 29
55 156
87 54
142 74
123 46
137 192
95 126
47 16
196 136
33 147
189 97
94 165
47 192
122 66
107 13
127 19
179 178
170 128
153 105
179 128
5 198
189 53
100 180
43 13
159 131
33 103
109 103
23 36
137 164
56 141
23 29
56 6
151 31
193 58
12 49
135 136
30 58
55 48
34 10
135 116
115 125
99 128
35 132
56 154
130 181
100 113
87 21
55 158
15 46
28 168
137 158
152 66
60 69
12 136
15 121
195 156
109 121
183 180
72 8
173 164
3 177
161 118
43 54
82 180
134 158
138 105
152 177
108 141
138 190
196 164
137 131
106 157
60 38
30 155
108 177
39 14
11 46
91 63
138 165
55 78
26 118
43 74
189 78
17 180
123 98
24 118
50 19
146 114
90 36
106 171
47 48
115 157
57 114
139 154
20 128
50 110
167 6
169 58
3 110
57 131
68 97
23 198
15 117
55 198
172 103
135 40
20 150
25 69
106 140
106 186
162 113
43 78
194 36
166 148
72 42
137 79
89 156
174 69
135 155
88 22
71 62
172 120
197 45
23 42
195 65
107 124
47 41
143 8
28 51
72 84
60 163
149 65
199 181
27 101
130 58
137 65
82 140
129 150
107 165
146 158
127 125
18 29
47 54
55 61
137 132
35 200
138 163
88 128
146 190
130 53
60 116
96 103
5 13
26 119
39 182
23 98
144 125
80 168
130 74
127 76
82 37
196 6
129 154
11 120
107 150
169 38
88 16
189 126
100 74
82 66
111 97
151 92
102 164
197 36
130 63
197 177
30 154
162 119
47 176
146 148
12 132
20 52
72 126
12 78
64 181
152 70
109 101
162 22
35 14
50 54
130 22
174 181
191 158
184 75
135 180
191 190
189 192
28 132
195 8
153 9
57 41
57 98
106 14
134 180
199 13
112 83
85 86
106 2
96 118
17 119
33 41
91 29
129 19
143 92
30 175
77 32
174 105
77 54
30 79
90 198
80 132
112 14
104 175
55 180
23 59
162 46
173 78
169 192
39 53
143 150
89 79
130 61
139 181
135 177
24 29
143 157
94 117
170 19
85 177
11 81
94 49
18 21
197 40
106 79
77 97
111 176
55 86
145 141
26 2
129 22
27 132
153 19
183 75
28 70
183 103
112 9
189 42
57 66
115 98
26 103
85 52
15 157
108 176
151 10
130 41
122 131
146 157
4 158
170 163
64 6
18 32
115 148
137 93
151 7
104 21
133 200
68 105
99 22
167 9
60 124
122 52
160 36
85 62
73 175
64 14
127 190
122 124
104 164
144 157
11 32
153 128
173 31
12 75
80 116
123 140
73 40
172 2
15 52
24 175
99 125
73 171
20 22
151 126
11 141
47 140
172 62
145 156
23 132
160 97
172 198
18 101
5 83
85 79
183 13
122 22
4 36
102 81
106 98
96 48
138 118
88 180
174 42
23 97
25 51
95 1
71 118
96 32
169 97
102 113
153 180
4 176
35 192
115 83
139 156
3 97
11 168
142 78
57 93
189 36
172 121
149 141
57 84
169 81
152 128
199 81
133 70
196 70
108 93
142 171
24 156
33 165
144 156
4 180
195 132
33 74
104 10
87 113
137 37
33 181
166 1
24 58
172 148
26 164
122 32
107 128
151 49
90 54
149 6
179 63
172 168
135 158
96 29
167 125
170 200
184 42
5 54
94 41
145 41
191 141
55 132
149 40
18 13
160 45
134 116
102 75
3 37
44 74
174 62
159 178
134 49
170 171
12 62
71 2
195 101
94 81
67 192
34 198
153 177
187 51
67 155
174 41
57 155
149 186
149 63
197 158
195 45
184 21
159 147
109 84
133 141
123 86
129 148
187 81
187 70
142 119
194 198
5 176
25 105
17 147
64 37
187 188
149 182
95 165
100 52
73 1
142 118
159 81
72 118
89 118
109 192
60 36
194 63
173 105
129 126
94 147
87 45
71 163
28 180
12 83
196 53
130 49
73 118
50 76
152 14
146 31
87 131
146 140
47 117
142 128
184 190
64 120
197 65
160 1
106 86
57 148
15 140
72 192
194 10
133 31
145 136
24 79
64 198
88 92
137 163
15 65
173 92
130 141
102 155
15 163
57 37
67 19
47 178
134 6
109 66
166 168
96 9
90 120
145 147
172 147
139 8
199 84
95 29
57 125
195 141
90 93
27 53
174 93
85 200
106 163
77 36
130 136
135 86
179 38
153 175
184 181
134 75
5 79
17 48
143 101
172 101
15 83
123 76
15 98
11 154
3 118
195 154
11 19
35 116
167 45
112 119
72 48
95 76
80 59
159 74
107 156
179 176
27 113
50 157
4 83
80 177
57 185
47 171
173 29
144 6
17 7
133 41
26 156
67 38
23 125
64 8
162 105
112 182
12 131
26 180
166 10
82 190
122 118
44 177
39 9
187 9
107 53
160 78
174 132
107 163
153 154
33 178
99 188
134 128
3 84
127 70
95 37
134 19
82 45
144 92
23 7
146 118
112 10
189 13
195 163
12 41
173 103
143 49
169 32
127 198
138 14
100 10
99 86
111 40
89 188
162 58
73 190
12 42
129 62
109 13
184 103
122 7
166 14
35 190
144 117
199 19
99 32
91 16
25 38
5 65
139 29
107 101
108 190
111 131
189 32
196 131
161 13
108 37
184 148
115 36
133 54
82 120
39 7
135 128
11 38
137 86
67 175
72 176
35 113
89 53
129 105
34 125
87 147
127 192
152 176
20 163
24 168
23 126
104 86
194 140
102 74
77 69
196 163
167 182
95 69
44 101
64 10
89 116
166 164
64 110
44 186
25 2
20 37
91 66
27 163
149 52
112 1
72 181
199 136
151 83
5 45
108 164
191 46
139 41
99 192
12 126
160 103
153 22
143 98
142 148
133 136
199 22
193 177
199 52
39 190
111 150
44 6
111 180
144 101
35 66
56 165
64 49
26 101
94 53
102 119
100 42
89 74
187 38
23 150
106 36
137 165
44 79
30 21
151 200
146 40
12 182
50 86
151 117
161 110
17 105
183 84
91 21
56 37
24 48
64 61
111 128
170 92
193 1
85 180
138 188
179 177
34 63
87 46
91 116
33 176
193 147
159 110
183 58
173 8
87 53
142 52
139 65
85 176
161 120
194 81
73 86
20 65
102 154
56 52
152 7
30 157
96 13
160 158
187 140
137 58
68 65
73 79
130 32
199 128
47 131
142 16
18 63
191 62
68 7
115 14
133 158
39 114
160 53
30 156
109 150
179 136
56 181
17 125
159 141
161 164
135 38
67 59
189 119
159 181
64 62
77 65
169 124
174 165
197 62
11 119
139 186
167 186
189 101
23 1
67 86
144 38
109 185
161 163
28 37
146 52
99 69
162 141
172 38
194 86
174 6
35 1
34 2
183 42
67 182
96 78
91 98
33 186
144 150
35 158
160 175
56 9
115 177
68 124
50 114
149 13
146 128
106 53
72 79
87 93
25 118
174 2
39 163
153 178
72 59
34 38
160 86
85 140
102 31
129 1
67 46
20 120
96 125
146 59
60 21
151 81
184 29
100 140
5 8
129 13
196 48
50 128
71 61
28 192
152 168
162 42
5 70
112 49
104 31
77 14
71 155
96 49
184 124
169 105
12 61
96 128
50 124
28 98
82 46
71 75
56 118
107 65
4 116
3 157
138 76
108 42
197 110
26 74
55 120
187 32
109 22
3 59
80 66
162 75
129 93
56 125
71 21
77 86
194 156
4 75
135 190
166 181
25 29
194 163
197 58
129 38
115 84
142 185
72 69
142 101
174 188
139 74
153 121
193 200
26 62
134 53
167 76
195 97
135 131
67 14
149 58
189 164
47 75
193 105
145 6
72 148
179 192
196 125
60 155
151 170
68 195
100 44
189 56
173 12
96 64
106 56
152 35
24 33
142 169
127 107
71 88
184 189
133 27
96 109
135 55
47 197
187 87
85 55
138 55
139 111
179 106
184 5
34 24
166 60
44 4
47 35
170 47
95 28
173 99
189 183
144 104
166 123
39 17
139 109
23 24
151 3
64 47
15 169
138 169
172 195
112 187
102 23
166 109
30 173
90 73
107 91
4 144
91 35
90 34
166 170
100 20
23 82
137 162
90 64
23 50
73 152
159 139
18 87
167 149
77 199
112 87
12 99
173 153
43 197
68 39
142 102
43 82
112 111
87 146
55 193
91 15
27 167
77 194
138 23
194 145
44 24
196 108
34 133
144 26
60 27
137 102
96 28
57 17
179 127
111 15
89 187
5 68
159 183
149 189
137 4
170 3
122 135
104 80
149 123
34 106
194 85
33 95
189 109
104 161
187 90
162 55
85 166
71 133
151 17
183 160
108 130
195 159
4 196
44 104
122 169
172 122
104 179
35 106
17 3
85 64
50 60
112 96
189 91
152 34
56 72
161 108
146 34
152 39
99 95
127 135
195 123
195 87
44 151
100 111
194 20
47 104
35 56
183 137
72 104
151 166
134 112
20 184
149 172
25 183
144 91
174 100
153 174
11 67
184 146
80 183
82 191
33 47
39 67
57 56
167 28
109 99
60 4
122 5
68 50
194 18
191 12
77 96
162 104
5 142
187 55
28 24
169 11
191 55
138 130
87 130
162 33
130 151
91 4
99 170
149 153
196 189
64 55
138 20
50 123
28 199
149 100
138 179
17 174
161 80
82 87
89 130
187 23
130 25
99 43
30 145
179 135
135 87
193 57
169 94
174 107
24 30
143 99
89 149
95 161
64 56
130 127
197 194
4 161
24 35
47 43
91 11
195 88
39 102
50 71
47 91
26 3
166 17
108 193
39 55
60 15
57 143
193 122
89 100
77 71
130 160
193 196
172 187
130 67
85 72
174 44
87 189
153 88
104 122
56 161
169 82
123 106
30 138
138 162
161 146
57 134
33 100
44 94
137 179
167 137
160 30
4 173
172 60
197 152
89 43
71 89
169 73
4 135
196 85
199 68
24 127
144 44
104 23
35 90
174 90
55 57
20 169
43 130
173 55
160 142
159 115
90 12
179 33
5 26
102 43
90 4
11 153
137 115
142 149
143 130
143 199
183 95
109 12
166 5
33 71
33 85
149 159
170 25
89 161
170 44
166 112
166 149
159 44
115 170
64 196
173 179
146 5
39 108
134 30
28 23
3 173
47 23
151 159
135 100
90 144
107 144
174 39
87 134
115 3
73 162
5 95
82 115
77 123
104 3
139 199
106 160
151 167
142 4
57 95
85 107
91 82
143 194
57 73
88 160
115 94
102 3
50 153
20 33
26 27
143 187
33 184
162 15
161 25
24 108
102 167
39 100
88 12
39 129
174 196
28 111
90 143
85 139
90 166
187 64
23 44
56 25
166 72
12 127
77 4
108 104
20 145
43 39
64 107
56 111
197 187
144 162
133 142
172 142
26 4
135 107
96 94
80 153
64 18
111 137
87 108
142 145
88 172
11 123
127 193
143 152
35 122
159 12
139 187
27 17
187 50
94 174
27 191
39 166
159 167
96 33
3 111
108 11
82 199
161 73
189 159
71 34
99 197
85 108
109 18
12 169
145 17
57 47
160 122
191 195
152 108
87 139
96 60
153 96
99 82
88 134
179 82
162 135
142 179
88 26
127 73
108 60
193 33
112 153
96 184
39 122
23 88
3 27
151 50
39 172
39 146
153 194
189 161
67 115
115 11
173 146
67 87
112 44
138 115
142 44
20 133
67 143
55 56
88 3
106 3
146 60
122 56
99 47
146 179
146 133
72 88
88 90
18 122
159 111
151 187
122 127
64 88
104 71
142 166
50 127
189 28
43 160
197 196
5 153
173 129
95 100
15 130
183 35
197 135
183 72
146 25
43 18
85 129
73 34
87 149
115 144
35 111
35 95
96 15
106 162
162 34
11 146
184 160
73 91
137 33
191 153
151 123
44 137
196 11
143 4
151 25
149 194
112 191
30 67
90 94
72 100
4 112
173 127
134 179
112 68
102 169
174 135
99 80
151 90
47 159
87 43
169 189
145 183
99 179
68 159
197 96
64 162
67 166
24 111
199 67
15 35
159 162
56 82
172 179
183 99
146 18
104 194
195 43
174 143
67 123
99 73
60 95
107 67
170 102
153 34
111 102
27 5
18 89
35 87
57 50
64 3
162 127
139 96
199 109
149 196
87 143
169 127
30 170
123 5
72 173
100 35
28 144
17 67
99 89
11 12
143 149
99 106
160 169
50 170
152 82
183 109
56 43
135 172
135 111
60 145
179 80
189 194
123 3
199 88
174 68
138 161
179 194
43 129
24 170
30 146
18 91
23 139
90 160
139 90
134 191
82 167
137 71
144 172
195 109
56 170
34 3
197 34
20 90
149 34
109 108
197 122
85 167
99 189
108 172
195 129
191 43
129 107
129 35
172 145
5 138
35 199
77 24
144 25
193 25
102 189
134 94
149 144
30 184
73 151
146 24
87 194
153 133
99 167
159 72
82 149
89 134
193 39
18 39
55 109
68 193
194 15
73 56
187 179
47 195
107 39
80 149
80 24
4 95
153 115
166 159
108 122
149 111
194 55
195 170
11 122
104 149
80 47
134 33
50 109
30 47
24 104
191 73
4 82
144 179
104 115
123 173
193 35
18 50
174 11
144 195
35 151
100 160
64 194
134 172
88 183
44 60
94 104
33 159
64 102
134 3
18 72
90 57
82 143
161 183
146 170
109 151
85 195
179 139
25 108
138 24
26 89
107 189
102 80
5 23
94 95
89 4
34 137
20 102
179 25
12 142
44 196
71 23
149 56
43 174
26 57
88 77
20 146
115 15
174 146
100 183
179 153
138 71
39 142
127 99
82 20
34 174
23 91
160 137
129 112
134 161
127 184
102 187
197 133
151 146
196 80
193 18
3 28
28 20
153 85
33 199
94 85
33 187
24 56
68 133
183 68
199 197
195 196
151 33
25 169
3 166
26 184
17 71
85 77
191 172
107 99
77 111
67 60
197 5
11 39
71 55
146 130
33 115
127 43
123 90
55 169
173 169
191 196
179 4
102 56
112 146
102 12
27 151
151 196
90 106
142 107
15 55
82 122
12 151
134 199
174 149
167 90
152 145
80 199
189 197
107 130
144 85
73 102
135 25
30 3
133 24
55 142
88 28
20 191
89 108
145 144
169 152
57 88
143 151
30 33
174 95
130 106
17 179
191 199
111 27
172 12
30 130
17 167
107 55
35 43
172 127
199 173
161 144
160 94
115 12
196 68
11 138
82 106
27 187
127 160
174 172
143 197
90 133
82 18
129 18
143 43
102 106
173 91
26 127
3 184
71 144
77 60
104 30
161 72
85 133
50 189
94 151
80 3
18 130
152 123
87 72
183 91
85 91
18 12
170 134
130 149
162 153
11 135
134 26
28 127
72 123
134 195
72 24
25 112
159 50
143 102
107 90
20 135
166 43
34 26
169 68
123 111
187 18
146 159
142 68
183 129
80 145
108 56
199 189
143 96
30 195
151 18
153 108
5 106
191 96
187 194
50 88
144 18
133 33
133 23
129 160
187 123
107 170
122 89
57 111
12 44
96 68
189 122
167 18
111 130
43 91
68 77
166 50
134 102
144 23
129 71
68 151
71 123
162 39
4 162
108 129
43 122
145 138
193 115
189 3
96 179
12 135
27 189
26 77
85 137
27 169
194 152
145 109
104 50
80 112
34 80
17 91
30 27
77 64
18 77
24 162
115 146
23 166
167 152
112 172
174 197
43 11
4 80
56 47
33 189
135 146
27 18
68 184
161 87
30 17
149 161
172 35
27 112
169 72
151 87
107 26
172 56
26 104
50 15
183 94
199 3
184 130
195 179
73 133
73 43
111 68
138 107
167 166
162 25
50 27
28 109
133 77
87 142
162 161
115 139
127 133
99 138
160 191
91 96
169 159
173 85
196 135
107 23
104 56
109 72
137 108
71 107
146 95
197 4
25 102
107 137
169 50
80 189
73 100
26 60
199 172
173 77
77 3
109 17
95 194
23 159
123 197
18 197
25 85
104 28
109 161
12 89
130 23
47 20
87 39
71 27
68 55
60 187
73 71
187 137
138 129
123 24
57 161
107 89
55 24
44 20
64 28
137 94
95 193
85 197
123 109
26 135
3 5
72 199
57 44
134 104
73 146
30 199
129 72
133 137
44 187
129 26
194 144
102 89
77 161
68 34
96 11
57 71
137 72
43 25
68 80
82 159
26 199
160 195
77 196
109 142
106 137
152 170
57 39
122 174
162 174
191 87
149 170
88 107
115 88
23 193
23 161
159 161
80 89
160 77
194 142
187 195
20 123
50 129
151 127
67 25
111 138
57 145
5 144
43 55
82 184
35 34
142 57
153 18
33 195
179 60
194 193
153 135
129 80
166 152
89 127
109 170
127 149
146 194
138 100
85 73
20 144
146 145
4 35
153 193
87 30
179 85
145 167
104 11
18 15
57 137
30 153
195 82
106 109
179 71
172 193
27 77
145 23
95 130
17 172
174 123
27 162
34 47
162 130
15 191
80 39
129 64
152 4
173 43
122 72
142 199
57 96
60 80
152 151
47 55
5 162
3 94
173 67
11 191
111 162
193 28
108 139
129 170
68 144
138 89
15 133
160 104
189 138
138 166
17 96
64 94
60 68
142 152
166 99
107 102
169 153
20 50
44 162
60 134
143 142
172 189
184 187
71 95
88 151
94 193
73 197
17 173
17 99
184 145
77 80
134 5
169 129
122 191
27 138
142 193
145 115
195 161
44 30
179 34
35 174
102 195
33 106
55 12
60 35
139 135
135 15
173 107
130 166
96 27
183 39
68 143
196 67
89 174
123 47
67 94
111 108
152 137
187 20
57 91
142 80
71 139
174 27
143 88
184 133
26 33
162 91
127 144
44 55
90 149
112 60
108 102
145 77
199 112
166 153
144 80
122 26
187 57
152 87
144 139
122 166
64 17
100 68
47 17
64 34
149 96
173 187
138 160
80 191
139 160
107 134
112 123
100 127
191 109
72 17
77 139
169 96
67 133
28 82
60 90
55 96
127 195
64 26
137 25
82 151
130 33
23 90
197 12
35 33
39 153
189 57
60 184
35 159
5 111
64 11
196 24
43 85
193 4
133 195
24 199
134 95
73 199
137 5
173 100
43 30
85 67
15 109
18 73
139 72
194 33
133 12
174 142
111 18
129 91
27 20
153 44
144 27
184 72
184 162
73 94
197 67
112 100
170 35
94 106
95 166
199 4
166 129
85 183
17 95
89 170
27 11
100 123
159 60
96 134
90 127
85 172
99 24
20 35
170 122
77 100
33 57
142 144
25 55
108 170
68 33
134 44
56 197
72 142
109 179
151 193
96 95
153 160
199 153
174 145
30 71
72 67
142 173
191 123
34 108
127 167
11 4
56 167
35 50
50 25
24 90
106 195
95 15
194 34
67 139
134 99
35 191
144 123
72 34
172 89
82 85
67 99
169 134
194 73
159 184
170 67
129 145
94 152
179 112
72 152
27 43
194 3
88 68
195 64
27 166
71 28
123 28
47 68
30 95
89 106
91 106
82 60
138 73
50 195
139 169
34 5
160 28
143 127
50 137
91 130
100 169
191 102
139 68
91 138
138 194
146 191
100 152
4 102
27 143
149 57
133 91
153 23
196 123
146 197
109 187
20 129
50 135
39 56
169 187
96 50
115 166
196 102
55 199
196 87
169 146
100 143
152 44
133 39
44 183
112 122
146 100
57 28
71 100
187 138
102 174
95 55
130 144
11 142
145 159
64 170
130 139
152 56
108 162
35 73
115 111
112 159
187 67
138 94
195 149
166 135
73 144
25 104
146 122
199 106
72 47
68 129
96 183
26 72
39 173
80 50
133 159
43 106
115 123
184 139
18 145
193 34
145 44
111 106
30 149
197 88
11 197
39 88
94 25
170 144
138 151
18 134
139 28
20 153
170 15
34 82
23 169
112 142
139 197
179 111
107 133
82 189
145 161
172 57
99 108
28 129
161 55
127 197
162 80
166 91
57 82
160 15
26 96
91 94
161 82
127 134
109 60
172 55
159 142
27 130
5 12
89 82
127 57
71 64
5 89
34 95
89 133
134 151
145 189
189 67
135 44
122 55
85 96
170 123
112 99
47 173
149 122
191 106
193 106
64 108
55 179
67 68
109 85
95 127
12 94
106 25
145 173
87 20
161 94
149 47
64 133
106 112
104 196
153 143
137 112
100 104
129 73
71 191
87 170
130 50
172 151
162 115
153 3
127 27
189 151
80 159
95 139
26 197
99 25
73 23
87 123
100 184
64 24
144 11
35 137
100 162
191 34
24 137
15 20
50 160
44 111
111 146
144 133
44 28
68 90
197 195
172 153
94 80
195 67
139 183
197 91
71 135
50 102
172 143
44 25
91 25
44 89
99 100
107 87
50 134
57 160
15 44
179 88
64 139
33 15
47 112
122 153
169 106
122 96
199 89
129 47
4 111
30 187
167 197
127 3
115 102
25 24
73 142
94 195
11 106
17 43
100 30
170 160
184 85
26 189
85 80
88 159
191 99
107 12
172 71
145 160
145 33
11 26
102 133
179 193
94 77
172 162
183 123
34 143
56 100
99 169
77 152
72 68
73 111
166 174
28 135
172 196
144 57
87 173
144 82
60 71
133 80
4 17
153 167
122 130
55 160
194 88
11 159
72 96
100 57
169 179
26 94
122 107
133 3
187 159
3 44
39 179
43 146
55 50
20 139
85 90
189 108
89 193
123 34
108 197
33 99
95 26
57 146
18 106
26 130
107 104
50 106
30 60
166 199
67 167
193 67
12 23
44 166
60 195
95 129
5 149
44 85
161 151
161 135
146 99
94 133
17 135
95 64
25 133
99 137
30 77
80 12
94 34
139 88
160 112
67 57
27 115
30 85
197 111
123 129
107 111
39 15
91 72
89 85
50 11
39 195
25 96
57 34
82 68
60 11
88 187
17 26
33 102
47 28
56 162
11 189
166 82
23 18
91 77
193 56
196 95
133 196
167 183
127 71
17 108
5 20
11 109
25 167
87 3
173 193
123 91
18 71
26 159
17 199
187 199
64 142
134 15
106 138
72 107
143 94
129 152
160 109
187 160
138 12
104 102
96 115
35 12
100 94
18 138
26 115
161 166
187 72
187 146
85 104
152 127
47 161
18 17
68 43
138 57
170 60
199 167
60 161
3 99
160 102
3 193
143 167
95 88
56 173
135 104
30 106
107 152
26 139
67 174
130 99
77 112
23 115
123 64
5 73
169 108
18 35
33 170
122 47
24 172
102 35
56 191
166 89
183 169
90 137
87 68
82 12
112 194
106 159
26 145
184 28
25 28
137 174
55 152
197 95
77 82
115 142
173 71
72 89
109 167
172 194
64 43
153 196
183 152
172 80
11 167
149 11
94 167
170 28
142 196
143 28
195 25
39 194
144 43
12 87
112 33
153 137
30 18
142 129
151 174
184 95
149 162
194 89
5 108
43 28
184 34
133 88
169 145
43 167
4 106
189 5
134 24
184 99
30 174
187 127
138 108
197 161
129 90
196 39
146 12
64 104
194 99
139 193
166 183
35 99
89 90
72 82
167 47
35 146
89 96
134 189
149 55
127 142
135 27
17 129
130 5
33 72
27 160
199 170
195 167
34 56
39 24
173 109
68 130
145 135
12 67
12 73
15 26
184 55
89 47
109 115
191 4
152 133
179 143
149 27
5 88
44 139
3 174
77 34
173 44
99 57
43 152
152 11
20 43
161 174
33 87
34 112
195 15
71 4
167 20
67 23
145 187
184 44
142 26
166 106
183 27
4 5
115 4
196 179
159 89
166 160
184 134
80 82
82 187
184 112
56 107
149 169
30 172
67 95
34 85
67 109
183 108
47 191
72 64
107 194
106 23
184 109
91 68
159 25
145 56
67 134
195 174
123 199
197 80
47 169
4 73
15 184
23 179
73 115
194 5
17 194
28 15
4 25
195 44
106 133
44 129
72 23
95 151
3 196
162 129
67 191
77 129
87 73
187 80
95 169
179 167
167 142
196 12
135 64
60 43
80 87
160 134
99 102
80 100
82 104
67 183
20 143
143 60
44 39
111 90
159 172
174 167
127 123
4 134
95 11
27 122
170 96
91 109
194 174
88 149
149 17
104 187
71 90
133 170
169 137
167 12
24 167
60 142
96 195
64 112
145 108
100 24
77 130
12 26
20 73
94 89
196 60
15 179
43 12
60 57
34 43
173 122
15 27
28 138
183 20
127 138
169 3
166 88
162 28
129 94
195 162
100 167
23 149
64 151
199 11
166 33
34 33
82 15
87 160
133 145
20 26
11 24
130 199
17 68
50 4
73 33
39 184
159 104
77 195
72 144
111 67
161 100
115 189
18 26
111 122
57 174
115 112
184 143
130 183
30 56
39 99
4 170
17 11
17 134
123 130
146 71
18 24
95 91
85 87
12 91
90 138
135 47
170 111
67 3
82 172
30 15
39 23
18 173
47 183
4 94
72 15
143 138
199 169
17 85
184 27
102 173
179 115
18 34
15 64
33 152
87 17
5 18
34 151
166 137
90 5
95 108
109 88
160 193
5 28
64 100
104 143
144 183
23 162
139 129
135 95
146 162
55 123
24 160
111 72
191 23
145 193
23 11
112 85
88 35
39 4
129 100
166 94
24 15
23 64
107 106
143 15
143 129
137 143
89 17
43 183
146 88
109 20
77 170
137 80
80 152
197 183
68 179
67 100
194 30
196 28
39 20
174 5
4 153
109 35
138 149
161 68
127 47
88 11
194 12
88 18
73 104
67 159
193 199
28 77
133 56
88 25
151 139
134 47
27 73
5 72
149 133
50 115
30 127
15 90
107 108
138 77
127 4
191 183
167 106
151 28
173 50
134 35
129 57
28 152
64 146
102 172
27 152
184 88
138 173
27 56
100 137
160 167
112 67
85 23
143 85
162 47
57 152
94 20
122 28
95 115
50 107
187 25
130 189
3 68
179 107
193 102
122 17
139 11
77 135
108 167
12 25
183 104
183 133
3 72
199 144
145 28
146 96
193 43
137 142
184 71
30 5
160 17
196 25
193 152
77 33
161 137
90 30
174 152
5 15
195 184
139 57
71 130
15 108
111 145
91 60
135 194
60 115
91 184
25 191
193 44
90 55
5 47
137 60
170 27
25 139
24 60
30 179
71 149
187 95
100 18
20 55
71 85
18 104
152 160
94 99
196 184
47 73
153 68
115 108
89 152
153 134
194 133
4 108
196 187
26 25
35 71
20 196
184 111
34 104
127 18
28 159
15 12
187 189
184 173
30 129
91 5
99 96
134 20
191 173
89 115
95 160
11 80
35 96
193 77
5 145
55 104
87 25
3 149
12 153
135 123
135 187
174 144
44 146
112 138
191 30
33 144
25 199
15 127
197 39
3 91
152 161
91 87
30 144
57 197
193 112
142 130
183 115
12 85
90 27
138 197
35 169
80 56
77 106
122 3
47 189
56 91
102 162
82 39
56 134
107 95
138 47
139 55
107 18
89 77
109 27
12 152
89 143
179 72
71 109
109 89
170 173
189 71
100 172
88 33
191 166
64 39
94 139
130 170
169 17
142 30
25 57
149 151
39 112
90 50
96 88
167 26
133 28
17 25
189 24
197 20
199 47
196 56
96 44
73 189
112 91
34 135
130 94
194 71
4 160
100 122
134 194
107 160
193 27
199 162
96 73
193 80
161 5
145 71
137 89
179 145
96 173
12 20
28 191
107 143
122 44
94 196
134 23
161 122
173 161
60 149
159 24
197 77
160 33
129 151
90 153
194 43
35 133
152 50
115 167
183 34
133 104
170 55
139 172
173 15
82 35
111 183
167 135
137 27
112 30
129 87
77 174
30 35
57 11
43 161
106 196
60 12
196 50
20 151
196 96
127 139
112 195
194 162
123 193
194 23
67 145
109 73
102 149
170 139
183 102
199 56
47 88
5 127
151 80
95 106
107 183
17 102
77 57
91 115
169 4
24 184
167 162
160 172
174 60
174 173
96 104
44 18
20 89
72 90
67 162
72 194
87 167
172 104
26 28
196 111
167 23
159 138
90 173
94 122
80 73
107 47
162 122
35 160
189 193
87 64
90 109
73 77
139 47
4 123
162 85
199 149
137 191
99 4
142 139
134 90
115 64
144 191
33 191
11 107
193 197
145 24
153 33
123 137
26 106
104 5
11 194
162 11
111 17
104 39
169 111
91 191
106 129
88 169
130 172
135 24
161 143
60 111
127 199
159 71
108 151
191 115
91 194
89 56
179 64
24 122
106 68
24 26
33 82
91 134
130 88
23 189
95 112
189 179
15 112
159 129
57 104
39 111
137 91
15 68
151 15
82 27
170 138
94 43
195 115
82 26
12 50
67 104
183 17
170 172
17 33
11 111
112 24
23 137
191 152
146 94
15 47
71 72
143 80
55 5
135 96
100 199
169 197
111 47
95 3
159 90
173 135
159 55
143 144
189 55
187 170
167 172
123 99
167 5
15 159
25 20
139 153
96 56
23 3
35 166
89 112
195 108
23 68
11 34
99 77
73 172
94 68
72 191
184 106
67 161
5 193
94 24
134 28
152 195
135 142
189 60
123 73
139 39
107 5
189 152
56 159
123 35
109 138
47 44
161 102
17 133
167 3
196 122
27 161
196 145
152 85
102 130
24 174
145 34
174 170
138 50
80 146
193 82
12 166
80 44
12 27
85 193
55 73
162 68
50 143
35 135
130 4
144 56
64 145
43 196
64 130
55 195
102 151
108 160
130 145
199 184
109 24
139 174
56 23
3 135
25 60
94 30
25 184
112 183
195 34
20 161
15 153
153 184
56 135
26 174
77 122
196 91
108 91
30 189
153 111
109 82
115 71
102 28
173 57
197 87
143 183
67 20
134 106
123 142
142 90
146 143
146 50
153 55
15 129
106 28
197 142
26 99
28 87
161 64
197 115
135 191
108 191
88 108
60 87
18 67
109 26
129 3
20 96
50 17
137 144
60 139
95 122
184 137
71 3
68 26
56 18
183 11
34 115
20 108
145 107
133 173
193 166
102 144
137 196
153 72
56 88
3 100
109 39
89 87
143 122
151 43
99 50
90 100
17 100
97 63
182 147
79 48
131 105
14 13
132 128
110 81
93 113
40 148
74 8
175 51
182 40
98 150
2 42
66 46
84 45
128 154
164 121
13 69
62 22
124 117
79 29
66 154
13 70
69 116
86 125
103 46
70 119
8 2
141 45
190 69
154 63
41 175
32 110
200 49
157 177
38 128
132 164
155 186
117 54
61 98
188 6
118 176
10 119
83 31
76 119
78 51
66 75
6 177
114 188
16 165
168 2
120 148
124 141
66 117
175 13
32 74
37 158
78 66
84 148
2 79
200 65
118 147
76 168
110 70
62 51
118 101
7 21
150 8
13 168
97 155
198 124
98 69
74 41
16 9
6 119
118 185
124 120
1 36
29 121
114 103
36 63
182 128
48 78
48 92
7 128
128 158
181 113
70 19
121 157
114 178
125 92
83 66
128 116
81 2
158 140
103 79
48 126
180 83
180 114
92 118
119 38
41 37
8 22
41 86
182 2
78 81
118 86
125 136
103 148
92 1
105 103
118 45
177 58
32 154
14 198
188 45
114 93
65 118
116 105
163 41
41 97
198 31
168 164
70 188
154 19
171 103
181 120
86 9
182 121
37 101
125 116
186 13
69 81
124 126
188 125
118 188
192 198
198 119
93 62
132 22
62 136
147 164
53 113
22 182
63 163
48 180
165 62
31 105
75 48
119 120
1 105
14 31
38 75
58 185
74 31
10 192
59 48
19 165
118 69
83 58
75 46
148 131
150 70
148 150
74 9
6 148
182 114
188 156
8 131
117 14
147 93
84 83
59 101
178 38
53 185
84 186
103 75
16 177
125 22
86 126
37 97
105 75
1 45
158 8
29 1
154 186
63 119
81 178
52 79
200 185
79 59
86 14
13 141
6 38
76 182
171 69
105 192
79 158
101 168
180 66
70 141
116 157
10 147
98 7
163 171
92 61
105 81
74 58
62 59
117 176
110 177
128 79
190 132
83 54
148 79
136 84
51 81
79 8
22 190
101 32
120 93
49 114
98 42
157 118
97 98
113 178
19 180
61 155
178 59
182 19
126 198
156 21
164 185
74 2
36 125
31 178
148 177
124 150
154 40
49 190
140 22
69 165
176 49
198 53
98 148
141 125
51 86
154 97
37 177
136 74
114 13
155 81
116 147
116 190
154 58
125 53
93 141
10 52
38 180
49 52
118 9
2 147
171 176
51 157
110 66
81 117
150 54
117 165
121 76
156 46
40 171
200 157
86 8
121 14
69 84
147 185
38 147
1 120
79 9
113 10
16 175
188 52
81 119
168 84
156 110
76 120
81 103
150 126
81 22
125 155
29 192
83 97
52 186
131 51
140 110
48 45
185 9
165 110
93 86
101 171
119 92
59 126
168 14
29 69
22 31
65 192
75 136
63 13
158 22
84 52
136 31
164 140
140 132
45 32
125 1
48 198
150 83
182 103
75 182
113 1
124 48
14 69
180 98
98 181
65 52
103 93
75 125
126 116
154 185
83 81
46 176
61 131
29 46
124 103
14 75
75 168
7 200
41 76
51 1
180 79
10 74
86 70
2 63
190 113
178 148
51 125
66 97
136 63
101 147
63 65
128 188
120 21
110 76
105 181
131 62
114 1
158 165
175 198
46 65
69 113
79 154
188 14
92 136
198 148
101 150
154 156
14 148
19 103
8 118
126 38
78 176
22 136
185 132
21 168
2 48
81 141
128 74
65 66
128 181
190 148
116 7
66 6
29 182
51 14
2 1
177 163
98 126
182 1
120 110
190 48
186 75
200 105
103 175
66 31
124 97
157 74
200 147
192 66
131 171
63 38
171 86
156 62
92 21
76 2
59 66
7 78
2 84
62 76
40 155
79 121
165 22
10 8
62 52
52 97
176 6
180 181
40 38
198 19
8 19
38 74
37 40
141 158
65 53
168 78
181 46
32 119
141 78
37 186
7 105
200 126
75 163
53 19
188 117
46 97
46 148
81 171
178 119
124 101
65 124
9 69
62 79
2 14
148 168
83 186
190 98
63 19
48 86
83 41
120 156
6 78
128 52
76 59
70 81
154 98
131 49
66 155
58 9
78 177
54 65
75 150
156 10
70 200
74 75
48 40
150 48
52 36
74 93
79 157
140 147
13 46
175 165
84 188
63 113
14 54
40 105
148 83
114 181
65 58
156 164
171 164
198 69
54 98
32 29
58 48
36 156
126 74
177 200
165 63
38 42
97 61
163 52
120 157
16 86
168 192
171 59
103 74
81 63
1 180
42 79
8 52
48 175
180 36
140 59
9 155
188 175
58 124
45 78
62 101
78 105
103 181
37 46
86 79
19 147
114 9
140 121
124 178
147 132
163 36
157 75
16 124
49 116
51 200
136 86
98 45
79 13
163 114
198 76
156 192
154 158
192 164
164 158
148 113
7 83
41 45
38 163
132 32
198 45
29 200
177 116
2 61
10 101
178 19
53 180
103 29
21 8
118 81
40 117
105 163
6 9
171 158
38 116
37 182
62 54
81 131
165 141
53 154
76 78
178 58
37 98
63 92
157 76
113 157
81 86
46 19
61 51
150 119
8 180
22 53
158 192
54 74
29 188
81 154
150 78
117 185
10 51
148 62
10 83
40 150
84 9
52 119
155 131
2 136
74 198
165 49
126 49
180 105
32 7
147 1
10 9
97 31
37 63
7 49
192 22
158 21
114 98
124 22
76 113
41 62
131 13
49 125
19 131
48 200
65 101
81 192
163 200
41 181
113 147
75 2
45 69
148 7
192 120
132 93
113 9
113 59
92 121
132 148
192 116
198 51
157 9
176 37
86 165
168 42
147 32
163 124
42 36
16 45
132 8
36 21
1 13
120 118
93 116
176 93
125 48
63 148
119 125
119 147
176 51
7 156
147 178
22 175
46 114
181 2
13 51
157 42
81 121
36 141
116 186
53 1
132 182
63 1
9 52
54 140
29 19
92 186
117 78
29 40
81 61
58 36
61 53
16 58
103 178
9 150
150 118
176 168
168 8
51 41
83 131
186 29
79 186
40 168
51 9
32 40
198 140
131 158
140 42
141 128
119 19
41 61
148 110
118 31
181 65
182 83
148 116
163 156
53 126
156 83
200 66
131 97
36 32
22 180
200 165
49 128
49 81
31 188
154 140
118 29
78 125
31 131
118 171
40 164
147 105
62 97
48 53
51 32
165 132
2 186
177 114
2 154
36 178
75 156
178 125
198 103
21 110
38 45
53 119
113 105
155 165
182 118
147 51
200 1
182 52
117 53
8 176
165 128
37 21
175 171
103 132
31 92
78 38
148 185
176 110
58 40
185 36
141 98
40 2
120 31
164 62
79 181
8 192
45 62
157 180
147 84
42 63
66 141
101 192
121 1
83 6
42 126
119 46
54 132
117 65
125 2
192 86
14 118
180 147
10 59
70 93
117 156
69 177
175 182
81 41
165 74
158 76
176 119
157 6
164 150
31 37
113 163
36 45
182 31
1 176
51 188
41 171
132 58
132 61
156 177
40 121
190 83
158 190
114 19
42 200
6 165
41 110
125 70
124 7
40 128
182 141
52 132
75 121
180 46
29 185
13 136
13 157
13 185
8 32
7 2
165 10
76 164
186 76
180 84
1 116
49 83
36 37
154 148
69 101
119 114
200 98
141 156
116 92
110 180
75 132
14 1
22 40
78 154
157 141
1 52
180 178
150 97
54 126
81 58
38 132
45 14
31 128
118 154
1 165
140 136
86 120
53 81
119 37
156 131
141 118
154 180
93 163
188 78
6 192
192 54
120 182
121 21
168 190
59 42
65 185
86 36
114 117
83 36
36 48
92 113
136 158
105 176
119 69
110 31
177 84
2 92
113 177
86 76
154 8
136 51
2 54
136 141
178 16
156 2
75 180
83 141
45 46
185 177
185 51
10 58
7 13
7 190
6 180
38 36
58 125
75 98
58 31
41 13
119 177
84 98
65 62
185 178
13 198
185 75
165 150
121 168
113 125
182 21
118 32
83 93
175 66
78 118
171 58
164 117
74 22
74 51
131 188
132 97
168 180
36 168
83 70
182 53
155 192
93 7
16 29
155 118
53 79
69 59
175 110
76 116
186 181
175 37
10 48
182 150
84 58
61 128
53 14
62 29
93 42
198 70
6 46
190 61
157 101
36 84
49 6
38 46
119 101
171 52
65 105
16 185
140 200
150 1
136 76
181 84
158 1
198 37
126 93
54 19
14 163
165 198
53 70
32 120
186 65
36 13
117 121
42 171
6 175
181 54
70 37
58 45
103 49
101 13
126 63
65 97
37 48
98 125
51 2
70 48
54 21
14 165
19 116
21 126
119 121
61 154
155 105
165 101
176 164
105 41
7 140
175 19
181 125
32 92
42 125
121 7
58 165
154 126
61 140
141 48
132 49
75 51
181 37
31 6
113 48
6 114
37 188
190 32
113 98
41 116
81 156
97 48
176 9
190 45
192 53
31 157
6 98
1 69
21 61
180 185
41 114
101 66
119 59
157 46
105 148
120 7
164 97
42 113
117 200
150 13
63 164
10 117
29 97
158 176
158 48
113 16
140 192
58 98
1 177
31 185
140 66
22 61
7 1
48 140
198 7
177 182
181 51
141 164
79 78
155 188
131 182
156 190
131 78
36 59
136 126
6 117
200 103
58 164
79 192
38 92
190 200
83 118
59 13
19 140
78 59
14 76
164 52
125 41
126 78
188 36
164 190
6 40
66 185
119 182
156 49
45 126
92 53
38 16
168 175
22 98
53 52
52 54
21 119
141 168
31 36
41 164
78 200
45 65
78 157
103 38
118 128
53 140
59 141
31 41
93 101
192 175
140 36
14 46
165 131
171 180
42 124
16 141
98 168
186 128
8 126
176 198
45 175
156 86
9 93
79 101
46 32
22 131
52 200
86 177
171 93
93 6
141 1
22 32
8 141
165 180
75 177
86 163
177 10
198 92
86 58
83 178
74 63
22 117
147 155
124 186
140 150
6 14
69 175
97 188
31 51
41 78
1 110
110 155
9 62
70 178
63 52
156 175
62 117
84 118
61 113
113 75
14 126
192 45
48 182
7 136
126 163
38 49
185 62
19 92
131 9
163 40
164 188
70 2
84 110
9 76
54 7
185 128
6 42
150 190
49 177
65 180
38 9
74 97
113 8
45 2
190 136
8 49
98 120
59 185
119 54
37 61
181 83
29 147
198 49
168 140
178 176
103 84
10 132
110 65
81 13
69 8
78 46
110 192
188 157
150 113
84 175
8 37
192 16
10 141
147 198
61 177
32 105
16 36
178 49
140 75
124 32
147 54
29 2
128 124
118 10
198 178
192 70
65 36
46 92
200 176
66 182
101 53
150 37
125 54
62 198
124 114
46 54
164 175
155 175
66 84
62 7
180 76
59 188
113 86
21 180
175 141
121 188
110 163
42 148
177 53
147 98
186 38
22 171
176 140
141 53
41 54
52 92
97 51
9 22
79 132
171 65
36 176
200 182
121 176
114 48
113 192
53 83
131 69
188 126
54 105
164 16
188 2
49 16
13 103
65 103
31 21
13 118
42 74
32 140
36 8
78 16
69 61
2 171
120 92
92 66
40 181
128 140
155 158
70 120
65 178
40 97
114 186
116 119
140 181
136 188
177 120
98 65
185 41
155 10
121 156
70 16
177 65
70 131
158 150
29 178
74 98
114 52
182 190
200 120
116 52
117 92
164 42
42 70
76 131
141 171
63 175
190 141
117 83
148 164
198 105
9 126
98 52
150 110
165 54
31 158
200 41
54 86
93 180
86 190
84 121
97 168
22 6
126 125
131 54
164 155
117 101
45 37
14 48
121 9
171 84
140 74
148 192
116 6
188 140
29 78
52 165
150 84
101 42
78 190
16 69
31 164
9 140
124 105
158 105
52 154
120 62
154 113
36 10
103 8
49 140
132 114
156 14
114 42
185 92
86 124
1 22
198 131
128 125
140 177
8 155
185 46
154 182
126 92
190 176
125 154
38 22
32 16
181 29
65 126
93 178
110 13
75 54
29 140
6 118
113 41
132 136
132 156
121 98
79 176
75 81
192 136
32 113
61 74
103 83
132 163
10 98
46 177
168 118
103 21
114 110
32 37
163 176
46 79
19 192
65 51
32 59
45 171
16 40
70 45
126 140
14 119
58 41
105 19
61 147
21 181
158 36
1 32
2 32
177 92
150 178
66 42
59 83
188 105
188 132
81 38
147 158
36 70
140 101
42 176
164 65
164 51
125 121
66 158
48 1
98 186
192 186
148 186
76 92
110 141
21 140
65 61
41 16
78 83
21 16
48 63
181 155
180 155
92 45
7 165
154 29
10 70
101 186
147 58
124 79
36 110
29 105
168 156
158 53
81 16
178 186
9 98
59 84
48 118
38 154
171 178
163 116
1 9
2 38
6 131
185 124
48 54
65 141
177 154
7 40
45 128
97 113
128 36
163 141
155 75
178 116
40 9
9 29
37 157
113 165
70 97
70 175
125 79
38 10
40 119
63 168
51 16
78 93
54 168
62 200
175 1
36 148
124 188
52 178
148 175
128 103
69 51
117 93
81 113
75 58
86 101
171 29
185 86
2 41
14 62
136 29
165 171
168 147
19 31
70 6
54 180
78 2
192 190
49 93
49 75
125 32
45 148
182 63
31 200
21 10
110 45
59 8
32 177
125 180
66 150
185 61
93 37
7 66
93 98
157 8
78 124
121 141
22 114
180 86
186 185
37 6
131 168
158 62
103 54
158 178
98 66
9 41
59 163
188 62
69 150
66 168
158 116
51 118
38 52
54 154
125 7
84 126
69 93
21 101
190 14
147 41
155 38
42 40
69 181
198 54
69 103
19 74
116 101
54 121
86 128
7 180
124 154
101 36
105 13
32 168
46 158
98 40
156 59
150 41
31 53
92 29
154 41
176 120
86 155
188 185
105 128
105 114
32 186
59 49
121 8
155 126
21 46
8 140
29 114
61 178
59 86
61 76
178 200
163 128
113 19
48 171
83 176
54 84
78 74
51 46
59 164
9 83
181 36
177 41
51 177
155 53
181 61
52 175
117 190
120 150
74 101
93 165
103 165
175 93
136 103
101 61
114 118
45 185
46 168
37 163
136 10
69 125
168 182
13 155
128 42
114 75
65 76
92 128
21 148
37 120
63 21
136 42
83 65
75 13
86 53
164 98
110 178
101 175
117 163
185 70
8 163
155 74
158 38
119 75
105 49
93 38
164 120
42 75
116 188
76 45
14 128
154 62
83 120
125 19
42 119
116 58
51 52
140 185
36 14
70 124
128 176
171 61
78 119
79 49
131 38
49 157
103 163
136 116
32 76
200 83
101 31
16 114
165 32
19 78
131 32
118 181
42 84
98 118
150 86
13 6
22 16
83 16
29 65
13 121
155 31
2 59
6 140
76 40
48 157
141 116
165 181
31 192
121 163
21 200
61 103
155 103
132 101
58 70
93 121
116 97
190 62
198 128
147 136
59 124
168 45
105 177
21 79
117 63
165 186
32 19
121 22
140 10
200 36
117 177
190 157
76 63
198 118
131 92
126 190
128 41
132 141
190 165
175 190
141 97
120 84
70 186
37 155
192 163
105 51
156 92
42 97
181 93
97 186
126 192
14 61
185 38
74 40
41 136
182 192
83 37
59 121
157 29
110 78
124 157
164 180
40 75
103 168
42 158
22 52
38 105
157 41
126 22
181 49
200 148
92 16
158 163
190 198
84 154
86 147
22 176
136 178
156 171
14 150
155 136
132 113
14 157
176 69
63 7
175 117
84 40
75 124
66 128
49 31
36 69
62 121
192 103
119 29
69 46
65 70
177 63
158 157
113 52
19 66
192 180
182 163
154 37
58 150
181 97
14 136
46 178
46 136
97 9
124 1
38 7
69 157
40 14
16 8
175 75
13 65
101 19
63 84
186 86
9 7
6 16
148 59
198 9
136 198
59 45
117 198
45 131
45 158
74 180
148 125
101 155
110 74
9 37
93 79
8 117
21 177
58 176
120 54
97 81
155 176
41 119
113 46
21 19
101 121
155 59
190 79
74 6
186 42
168 117
49 10
178 156
121 120
188 65
79 110
14 19
182 156
175 136
164 181
21 13
98 157
86 141
113 120
114 66
41 131
176 156
118 52
186 140
93 52
158 61
126 182
1 62
63 6
97 119
59 54
6 53
105 119
40 200
97 59
21 49
16 93
9 164
186 182
147 69
136 185
117 31
37 136
163 10
16 116
9 192
141 113
155 63
9 21
37 192
126 70
176 185
75 41
78 185
59 181
148 157
37 59
93 81
22 46
74 177
38 110
171 38
48 98
52 76
84 6
93 131
136 156
155 58
29 126
81 157
40 53
75 86
97 103
83 48
98 92
154 74
61 49
79 36
92 140
148 74
49 163
14 9
158 181
6 65
110 8
38 79
148 10
148 78
83 2
1 84
69 200
29 63
182 116
22 49
150 121
186 188
10 19
192 40
70 38
46 120
163 185
32 81
126 148
53 74
105 132
63 178
128 114
32 62
1 49
105 6
198 97
75 10
2 101
126 158
59 200
13 164
180 52
148 66
2 66
8 92
156 48
156 58
53 105
114 61
113 14
178 76
76 36
114 76
31 175
7 41
126 31
128 156
7 186
13 93
157 63
93 154
52 158
128 1
49 62
38 65
49 110
198 16
21 186
63 66
165 9
118 125
69 117
113 45
75 79
81 29
36 136
118 70
156 13
175 79
19 132
65 42
84 48
116 117
40 175
171 97
49 155
136 32
165 164
86 63
61 120
200 116
140 117
116 110
59 150
92 164
70 63
84 7
38 69
2 31
40 156
70 132
141 154
141 178
103 9
8 147
124 200
76 58
155 76
150 198
54 171
32 52
61 58
53 10
46 7
61 119
113 37
198 81
120 19
177 176
31 16
51 103
52 66
74 114
156 157
155 42
124 98
176 29
171 177
81 48
48 31
132 62
46 126
13 31
7 157
79 126
119 51
190 124
182 81
180 176
156 97
66 32
116 62
54 22
124 176
168 181
126 19
21 45
181 6
164 131
156 79
177 40
84 190
121 70
171 119
200 53
58 180
120 22
45 10
76 163
117 49
157 114
136 177
131 66
157 54
69 10
52 147
154 155
186 36
171 147
52 120
120 49
103 186
105 61
128 83
49 84
148 51
116 51
84 10
70 29
185 22
41 40
10 79
178 21
74 46
110 61
116 132
190 75
21 86
175 119
70 74
46 2
188 42
29 93
180 14
119 192
36 114
66 163
113 58
84 156
198 114
53 75
31 81
1 86
76 51
125 163
46 53
175 131
81 52
69 65
9 2
192 63
126 16
181 200
42 132
19 42
40 65
29 66
163 16
157 164
132 200
118 178
114 121
13 32
180 148
42 131
65 37
42 7
165 76
132 6
40 158
21 114
7 110
128 171
46 10
200 186
52 16
14 101
97 53
78 62
198 58
81 177
98 101
150 7
131 117
46 63
198 163
19 48
154 165
165 188
40 116
150 93
97 110
10 116
116 42
62 147
120 14
16 117
188 69
29 86
32 41
31 79
10 13
58 92
78 171
16 74
132 157
175 186
158 119
63 188
10 1
62 178
14 105
97 180
51 8
150 155
158 19
97 114
8 182
7 58
21 62
124 132
66 119
125 38
188 147
45 177
105 120
8 93
37 125
16 66
93 190
37 13
22 2
37 84
178 192
7 74
116 98
110 164
190 54
9 48
76 105
54 61
181 75
6 128
61 118
86 157
45 66
188 76
185 110
76 54
131 186
128 75
97 147
79 140
121 10
66 116
83 121
70 98
163 120
117 147
132 155
105 175
42 1
190 38
158 59
148 22
10 32
21 188
83 185
154 168
97 16
136 181
164 78
155 54
114 59
10 22
150 32
101 177
19 181
186 66
32 158
113 118
45 22
7 103
69 32
192 171
58 49
171 154
76 147
198 46
180 40
65 19
190 31
61 78
200 45
59 16
101 49
110 14
2 117
168 132
125 185
103 156
16 180
52 58
54 92
150 176
165 92
92 171
190 105
126 103
121 49
158 124
6 110
97 148
114 37
53 103
41 63
157 136
119 128
110 121
59 120
136 119
116 150
117 97
125 29
8 63
155 168
177 178
140 51
118 163
156 42
147 181
45 51
168 92
54 101
185 74
92 93
65 121
131 36
186 10
38 140
14 8
147 13
190 13
84 141
163 101
46 131
182 124
19 86
48 62
105 62
37 117
51 79
181 42
171 1
181 154
165 124
176 114
182 178
154 13
182 14
7 171
45 121
150 192
16 75
163 42
54 110
37 74
101 200
110 51
92 6
124 14
62 8
6 54
21 76
168 128
132 84
185 81
62 40
128 147
121 186
105 46
40 190
131 29
53 136
131 121
158 86
114 78
150 63
74 1
48 121
81 128
45 120
164 8
156 98
150 175
186 6
16 13
69 141
176 53
76 124
186 78
83 132
6 171
113 128
92 59
74 125
175 147
2 120
186 63
74 171
176 141
164 83
38 61
154 48
7 14
6 168
177 93
158 49
168 124
86 117
42 177
192 147
155 78
63 131
61 124
22 101
141 21
124 92
101 81
63 53
61 31
76 22
120 186
118 175
16 200
81 76
192 154
70 163
185 165
29 14
181 58
126 168
83 79
182 9
168 48
66 105
116 31
19 171
154 190
188 81
103 141
65 182
190 51
46 62
97 79
53 118
114 8
13 86
19 176
132 2
92 175
36 62
200 79
59 110
32 126
98 1
120 165
61 1
119 103
180 41
116 120
21 176
51 141
114 165
79 178
117 125
101 156
58 42
164 10
186 176
176 188
120 125
8 13
175 59
21 29
40 103
131 84
69 148
120 65
155 124
2 58
69 53
8 61
181 156
19 117
190 1
168 113
117 29
98 2
79 70
198 164
118 7
76 125
41 21
101 125
140 182
31 9
131 132
198 75
181 188
58 163
140 70
188 1
83 69
70 84
2 65
37 121
141 29
83 136
66 58
175 21
53 66
181 66
52 74
46 9
49 13
9 61
62 61
181 45
10 14
41 84
128 148
126 75
53 171
22 70
29 198
21 190
58 59
157 21
110 58
125 182
13 132
22 69
158 113
10 124
69 185
157 70
38 41
200 180
54 93
92 163
22 19
131 178
22 42
6 62
16 19
136 110
19 157
83 45
32 157
93 136
163 53
188 7
117 52
155 7
171 132
76 118
124 36
165 37
40 78
198 84
78 121
21 147
164 103
136 8
178 37
116 168
150 38
31 84
7 69
