200 10000
188 36
200 99
151 199
100 66
187 128
64 126
133 5
172 7
156 112
25 52
103 112
37 191
93 7
46 77
129 55
79 178
179 178
72 111
11 140
40 66
177 196
125 60
76 166
151 196
182 111
105 132
93 85
103 189
68 178
56 36
190 58
72 107
162 28
81 10
115 127
182 63
27 90
98 132
1 66
38 51
138 45
184 47
32 3
91 43
98 118
68 117
115 52
133 112
194 108
188 108
123 193
15 174
162 60
156 8
89 136
38 135
25 176
21 134
131 47
167 31
157 107
173 108
173 5
69 65
87 26
115 45
39 104
190 74
56 48
2 181
44 189
56 108
21 29
64 181
6 102
34 180
56 77
22 107
34 130
93 19
37 48
79 60
37 142
162 159
139 10
119 106
156 142
93 152
50 140
78 136
91 88
32 155
186 149
12 31
122 135
79 181
103 41
177 130
69 99
110 144
78 59
75 94
6 140
119 19
6 17
12 29
69 107
160 124
23 52
79 88
114 59
123 175
87 43
92 128
133 7
69 197
200 145
200 3
200 124
78 63
6 124
30 198
78 3
129 128
156 60
25 120
62 83
173 65
62 95
62 5
89 45
44 196
141 199
87 49
13 66
75 168
122 84
160 7
11 29
110 174
54 144
87 35
91 153
97 147
54 74
72 84
12 41
42 43
93 106
172 35
44 147
89 106
162 155
200 107
184 144
81 41
190 134
34 99
33 16
113 36
100 189
40 117
116 108
13 28
14 106
200 17
13 49
57 7
190 71
129 196
4 132
11 130
22 193
56 178
165 199
4 102
97 41
103 107
139 43
93 29
97 199
46 24
57 83
2 193
97 84
37 5
138 20
162 85
22 185
131 94
22 48
156 135
1 17
160 28
21 142
72 20
56 180
23 26
92 150
4 19
27 19
113 66
23 19
115 120
30 166
139 84
68 59
81 101
11 147
54 180
75 154
61 24
115 142
73 9
184 88
81 77
115 63
62 118
23 191
78 18
190 8
13 35
33 9
116 35
122 31
15 94
37 26
139 191
129 60
39 150
21 90
141 175
42 84
182 150
72 150
133 48
56 117
100 140
148 112
32 102
14 171
14 5
87 52
67 107
123 144
141 26
114 43
4 137
183 155
54 196
14 104
4 120
131 136
22 102
184 132
13 155
82 99
186 145
105 5
61 88
105 144
162 126
105 128
80 159
121 66
6 164
82 96
80 144
11 65
34 137
44 176
32 20
42 107
129 154
11 49
13 51
11 45
177 18
125 198
187 88
6 8
146 60
73 106
4 90
103 10
110 107
172 147
167 104
30 144
200 142
54 60
21 180
183 5
89 55
64 118
114 198
109 191
113 175
42 192
186 185
157 45
38 96
64 196
44 19
138 83
56 155
50 47
27 28
179 60
81 159
2 48
32 189
93 9
125 84
151 102
184 16
129 49
138 55
70 147
121 150
34 166
42 74
200 199
21 53
183 3
72 8
141 96
57 45
22 3
183 59
89 168
156 108
42 41
141 150
46 99
30 63
92 178
82 195
114 135
38 175
44 59
70 164
76 134
194 96
68 85
129 189
87 164
113 95
133 196
15 171
194 17
13 192
54 10
78 84
44 136
119 3
34 145
105 159
141 195
78 135
98 126
81 180
167 3
22 168
184 191
103 16
170 90
110 153
22 99
113 137
148 128
37 84
39 154
173 171
151 137
139 31
93 180
122 198
100 85
1 45
165 49
190 135
70 16
86 49
79 41
2 128
184 51
34 106
70 171
39 180
182 154
157 161
121 94
30 150
162 20
123 134
61 58
167 159
33 28
200 36
72 58
131 171
156 161
87 155
122 65
93 99
46 145
30 189
113 120
75 161
188 150
116 106
146 137
133 118
187 48
133 171
40 107
190 17
87 153
32 145
146 130
122 166
93 71
79 71
73 7
93 36
40 71
115 5
76 36
97 51
165 168
23 126
160 29
91 59
179 147
113 107
75 29
157 197
100 142
131 198
167 99
121 45
194 159
158 8
115 53
50 198
146 127
188 51
138 3
70 192
42 102
69 126
121 58
165 63
170 135
122 159
131 130
183 181
163 58
46 126
34 112
148 85
25 132
92 137
114 63
92 58
113 154
73 189
123 24
67 36
37 181
139 20
13 130
22 94
61 3
70 132
6 94
109 136
163 137
143 52
158 94
143 150
172 18
190 20
64 8
44 28
46 175
91 55
182 83
109 120
23 124
143 192
23 59
11 108
33 17
75 132
105 176
146 195
32 90
98 199
61 94
92 19
162 108
169 166
156 17
133 191
157 7
33 180
21 63
64 7
123 128
68 60
93 145
73 192
69 29
183 8
69 52
172 118
12 71
54 127
163 126
44 150
44 20
40 124
12 111
170 198
92 193
125 126
81 53
89 197
38 112
86 41
82 127
38 136
119 153
103 28
15 43
183 137
38 49
97 192
6 63
173 150
100 196
76 29
170 197
33 102
125 197
44 171
93 135
91 65
121 197
146 28
13 124
1 96
78 85
158 153
200 60
15 52
72 3
186 10
156 185
125 55
91 35
138 88
67 88
21 71
173 10
32 63
141 136
169 66
167 102
105 74
54 3
27 154
98 71
57 55
91 155
37 149
143 84
114 147
141 111
114 189
122 63
131 181
139 142
57 127
100 168
22 53
109 166
91 95
200 150
21 108
122 124
97 24
170 65
38 26
167 140
160 168
78 77
177 111
33 174
123 102
23 24
131 52
15 128
40 155
167 28
179 112
57 145
12 134
177 171
148 155
125 101
116 174
64 137
76 150
25 24
42 136
129 5
109 140
39 60
4 198
46 140
133 181
200 24
44 90
86 101
23 85
141 31
23 66
25 18
188 144
81 16
69 59
54 185
50 178
165 60
160 180
37 195
133 193
121 198
131 153
67 147
165 83
50 74
34 120
89 8
62 127
179 47
4 106
114 180
1 52
39 136
131 154
119 127
67 171
186 18
12 152
86 55
146 193
116 134
80 8
110 198
129 180
21 16
69 9
91 136
2 43
177 45
129 88
12 53
143 3
42 51
116 63
169 83
186 36
67 199
169 137
89 161
92 66
163 197
172 101
81 199
93 47
141 95
177 155
70 24
6 45
200 59
32 149
12 94
129 107
167 29
34 193
109 84
141 90
57 150
61 31
89 137
6 26
173 104
143 16
186 136
116 130
165 19
194 77
188 52
61 47
114 175
75 144
68 132
123 185
68 135
25 10
158 150
141 107
79 48
115 193
105 16
151 181
76 88
69 85
57 41
122 9
115 84
33 47
110 77
44 7
194 175
115 185
76 65
105 90
89 31
125 145
148 132
23 51
68 3
123 90
105 178
79 3
143 132
157 149
141 48
173 189
62 174
22 26
184 140
75 142
13 47
46 117
69 198
72 74
158 53
156 41
114 28
173 134
146 155
91 17
110 59
114 74
183 51
121 140
92 17
82 55
80 166
72 36
170 199
122 41
162 83
125 48
143 171
79 195
91 197
165 43
69 10
165 29
123 136
146 142
186 58
82 102
148 161
158 66
72 18
110 168
115 166
23 154
183 106
54 181
138 104
61 171
79 168
123 88
73 130
62 180
30 192
30 168
81 85
32 60
75 159
138 84
54 48
129 28
163 142
38 99
194 20
133 155
23 55
76 94
64 101
158 55
69 196
91 176
37 20
68 77
125 36
177 9
172 191
13 102
156 47
40 112
113 35
163 96
190 106
40 48
139 149
14 77
113 28
6 101
169 96
139 51
200 9
158 134
82 180
91 126
177 71
98 159
165 142
78 7
12 3
158 124
44 159
23 195
72 147
116 118
62 51
64 48
163 171
98 137
114 140
129 96
50 88
113 189
11 59
69 96
156 90
157 104
30 199
167 59
151 35
86 84
183 127
113 18
82 192
110 104
169 71
21 107
114 41
157 84
105 199
110 152
186 66
148 26
73 53
22 152
183 65
39 175
11 135
158 199
146 108
78 159
61 29
133 99
123 55
165 99
23 9
76 154
103 88
156 153
38 66
179 65
91 20
72 53
160 16
13 195
80 71
148 175
61 112
46 74
133 174
12 7
183 48
75 108
21 161
160 181
115 107
188 71
157 31
100 58
103 127
67 111
158 178
33 199
50 174
138 65
37 66
57 31
110 36
2 9
32 59
200 126
42 145
69 120
70 199
98 175
67 124
187 166
182 137
100 8
12 159
125 161
50 43
100 124
158 36
91 140
123 48
186 94
67 180
156 181
40 145
39 134
158 10
160 166
25 41
14 197
173 41
81 161
57 120
123 53
11 77
93 196
2 166
91 99
70 108
160 192
151 66
162 137
1 88
162 77
14 43
12 47
188 198
110 175
30 111
62 31
42 147
87 140
188 29
44 198
98 31
75 118
67 136
109 10
25 149
15 71
173 47
22 95
54 102
78 155
11 63
179 134
87 108
6 130
141 132
75 96
188 135
23 49
40 10
158 18
138 149
32 96
68 18
21 41
80 168
119 193
157 74
186 140
133 17
114 149
177 120
167 185
183 20
15 176
100 120
32 135
46 104
33 7
138 58
62 176
119 29
44 197
67 41
68 175
143 128
177 51
163 36
165 26
2 144
169 43
37 55
148 84
165 59
119 155
38 95
2 45
89 189
11 84
54 171
151 99
162 132
194 149
46 192
184 171
160 193
33 135
116 5
12 74
188 19
81 171
14 52
184 153
4 127
46 176
46 55
115 150
15 10
33 171
6 28
56 150
25 181
158 101
37 171
170 102
143 26
123 164
146 168
32 19
86 77
131 195
27 74
13 45
138 189
75 17
57 29
79 16
116 104
38 77
169 120
23 161
15 161
173 51
122 153
131 90
33 147
141 108
73 29
165 52
98 95
40 74
162 90
11 102
151 36
76 168
122 10
70 3
172 9
190 24
33 155
23 10
163 155
157 55
151 74
115 117
157 47
64 128
186 128
1 8
79 101
179 52
125 90
190 166
110 96
81 192
2 101
143 8
32 118
15 51
179 94
133 85
109 77
42 196
56 3
182 199
100 149
87 161
179 124
14 60
15 144
50 35
38 124
116 197
139 8
4 10
163 140
69 145
50 175
1 140
40 17
72 45
114 199
141 28
25 101
146 176
21 47
27 24
42 63
182 153
69 84
92 174
169 191
2 136
72 142
138 118
79 96
184 65
80 127
56 59
56 185
110 49
76 58
170 112
129 153
39 16
82 196
91 26
21 149
179 127
32 58
182 52
87 90
122 174
67 112
91 161
105 149
183 58
89 107
179 144
186 95
86 17
139 7
92 43
146 196
109 149
113 191
103 196
2 134
123 135
138 191
116 142
103 3
37 166
151 88
57 101
72 199
187 95
54 112
38 47
1 63
64 164
116 132
184 185
4 159
146 51
105 17
122 118
151 60
67 120
37 104
6 193
121 8
67 161
75 124
46 43
4 134
163 178
123 130
97 159
148 74
78 60
57 99
76 108
183 9
162 96
169 58
151 90
141 192
194 85
14 145
172 84
200 7
115 83
190 108
30 10
98 94
113 198
97 111
46 147
98 83
182 36
79 142
100 185
122 20
87 88
122 120
139 198
15 66
162 185
39 53
115 112
42 150
54 174
78 128
187 49
1 192
22 31
57 77
39 159
11 74
2 55
179 24
105 59
143 198
143 181
57 24
113 45
114 128
165 137
4 94
133 24
190 171
21 159
160 77
105 52
33 8
177 147
27 94
184 53
113 43
73 74
79 85
69 36
183 149
188 111
143 117
40 166
187 130
162 35
50 108
172 77
100 88
73 71
190 83
44 83
131 74
121 18
98 18
50 176
100 51
151 10
188 199
123 101
187 117
67 155
122 29
114 19
148 94
143 10
46 111
78 145
56 107
173 90
163 28
184 112
172 108
21 185
129 152
93 174
68 171
6 83
116 189
116 43
37 185
54 192
165 153
50 16
68 88
33 29
15 107
69 108
163 84
81 106
6 117
97 128
57 71
69 166
27 111
170 168
68 84
172 20
27 117
27 96
177 175
110 83
170 60
148 192
39 17
114 8
2 94
32 159
109 199
186 196
15 178
73 43
57 192
123 189
87 130
97 127
116 47
62 191
62 154
40 26
25 159
173 120
119 137
119 26
156 7
14 101
98 164
177 132
72 191
68 176
138 153
62 120
14 7
160 58
187 159
122 132
131 128
131 175
110 26
182 88
158 31
177 90
138 41
91 104
93 63
68 45
54 8
21 49
116 154
80 41
86 29
78 55
33 49
114 197
11 17
194 102
62 48
2 152
81 74
42 48
156 106
187 178
4 18
100 16
80 126
156 36
113 108
109 195
114 20
23 84
169 85
158 16
141 66
165 149
163 174
158 59
119 43
182 166
169 99
87 197
6 171
89 112
160 137
1 43
131 104
115 29
121 83
73 180
42 198
76 18
177 52
56 193
172 99
42 53
182 71
50 90
173 155
70 180
70 107
190 45
146 49
75 137
121 90
110 102
123 3
151 168
163 17
73 127
22 161
22 164
30 136
22 118
114 174
123 31
62 3
46 155
1 159
23 145
11 168
157 52
15 19
143 19
33 41
50 199
119 94
115 152
160 171
186 52
121 107
97 5
76 135
138 137
131 55
32 185
162 149
82 117
138 130
34 19
82 104
148 3
200 127
169 152
70 53
50 134
100 126
105 95
12 181
183 199
172 195
138 17
115 191
42 31
151 65
162 17
184 24
23 155
162 41
141 19
75 3
93 28
156 174
42 161
72 47
139 111
182 176
173 45
169 49
34 164
79 120
133 104
121 153
54 149
15 29
79 35
2 16
122 94
93 60
116 176
34 117
32 7
92 140
62 199
54 132
141 152
78 88
160 96
33 161
6 85
98 88
125 191
97 195
13 171
141 147
110 196
86 58
6 77
121 20
98 29
190 178
33 168
30 99
21 136
100 45
61 130
72 66
2 65
73 111
33 193
4 74
187 195
157 94
92 45
44 111
38 191
68 153
42 59
183 26
39 85
80 60
172 144
131 101
103 149
70 36
157 8
75 197
70 178
15 197
184 136
50 144
46 130
25 83
105 47
97 52
39 49
11 85
61 20
179 31
57 52
110 181
93 65
62 134
23 130
184 5
121 193
12 112
56 63
44 124
173 7
23 175
80 142
2 176
179 149
80 24
81 63
167 106
200 102
129 95
78 149
46 26
98 166
27 155
39 168
160 99
109 134
78 192
13 150
50 49
72 94
91 198
38 132
81 24
86 96
75 126
39 95
92 171
78 127
109 161
34 51
54 28
78 19
165 132
32 180
30 191
116 166
188 26
4 112
186 152
80 36
56 132
167 63
1 24
169 7
167 171
115 111
170 77
183 28
172 117
14 9
139 145
200 85
39 28
30 130
172 111
34 127
30 83
6 112
186 120
113 111
89 153
82 31
170 124
194 135
98 49
169 135
97 142
105 28
46 107
148 195
76 145
179 176
46 52
190 55
121 55
67 142
76 9
186 106
57 152
92 168
183 74
50 185
56 106
68 102
15 124
73 120
131 36
121 128
13 166
79 153
27 161
188 95
151 111
119 199
188 101
167 83
93 193
103 118
61 134
125 18
76 174
22 175
27 130
62 135
109 53
27 164
165 189
38 180
50 94
14 137
69 28
1 53
72 159
98 153
14 53
40 191
89 175
39 35
39 153
32 153
81 17
39 20
162 63
113 9
6 66
73 150
182 49
169 112
14 142
173 166
89 140
163 111
183 142
125 59
15 154
177 106
87 134
139 196
23 192
172 152
133 41
42 111
103 135
21 43
188 104
12 196
57 20
162 124
81 94
100 137
190 117
1 83
32 47
190 197
170 18
46 106
98 127
116 102
146 128
6 51
92 65
64 85
141 176
21 74
69 8
182 185
79 63
42 10
87 20
92 8
163 107
89 26
87 24
50 18
70 174
11 36
40 88
138 178
61 159
46 118
125 136
169 36
91 145
70 90
86 104
80 153
72 51
37 126
64 55
38 149
15 104
46 95
76 178
183 178
14 16
123 83
179 180
116 96
125 9
44 199
125 7
86 193
183 63
133 55
87 74
46 178
177 192
163 159
167 8
156 26
190 185
86 132
75 84
38 159
98 60
62 85
68 168
182 149
72 189
15 5
151 171
129 108
62 71
79 43
170 55
173 20
100 193
123 18
6 181
179 198
76 47
25 3
131 88
110 31
113 126
4 164
13 10
173 88
2 47
62 152
87 191
163 152
129 106
67 26
22 8
34 168
162 154
98 189
34 124
79 196
37 168
121 49
33 127
4 135
67 17
148 150
86 8
21 52
100 191
68 164
138 101
110 19
97 152
122 58
80 134
73 16
39 106
62 53
11 7
61 149
80 101
183 147
86 159
32 198
172 16
97 140
56 161
6 74
34 60
54 35
11 134
69 106
123 45
93 104
122 150
64 18
37 99
100 134
64 159
70 154
177 84
109 51
98 77
170 85
158 126
42 120
30 196
76 199
82 52
13 52
129 176
116 65
109 9
57 175
148 164
131 193
40 83
32 127
167 16
157 102
33 45
125 166
91 174
69 137
42 193
167 101
70 51
170 53
139 161
194 189
78 58
188 66
56 17
12 124
160 159
25 59
133 58
114 95
110 134
57 117
54 166
2 150
169 10
2 102
14 49
73 197
37 10
115 85
163 102
105 150
30 174
131 7
92 161
23 140
162 74
27 53
21 137
50 168
64 176
73 142
123 28
67 48
33 26
113 144
190 180
30 28
62 130
110 118
169 174
103 5
56 159
186 96
115 153
50 171
25 166
57 154
138 180
40 58
146 90
158 90
87 195
40 168
143 145
187 134
46 49
76 19
68 120
54 59
64 66
183 197
70 153
200 198
184 108
151 118
75 140
100 161
54 24
72 126
146 175
100 47
158 28
100 3
119 53
105 181
109 159
151 51
123 120
97 19
133 132
100 104
57 108
69 111
81 178
37 198
131 145
183 36
105 175
148 108
25 197
123 191
38 126
173 102
64 195
82 171
72 196
125 108
143 144
156 192
165 8
143 36
165 144
186 166
86 154
79 108
182 8
72 128
179 36
67 52
194 59
157 189
81 35
44 155
187 192
156 154
103 47
70 166
67 191
165 41
133 185
125 102
98 17
13 55
114 161
91 164
190 164
57 193
156 3
1 107
79 127
125 176
78 41
57 144
113 7
92 196
80 99
4 20
98 140
75 88
167 26
165 106
188 126
119 196
110 117
21 106
105 134
116 124
109 126
115 145
64 24
76 118
97 117
194 35
54 176
184 96
80 59
93 107
12 102
15 112
114 127
122 106
194 166
141 101
177 59
82 106
40 193
23 47
148 127
139 135
179 55
14 154
143 58
46 168
91 19
186 150
190 120
103 95
119 189
97 48
177 43
173 53
156 16
116 159
70 99
97 85
97 16
97 118
160 31
56 189
172 134
182 195
170 63
141 5
44 144
177 20
98 104
186 108
27 150
170 16
67 130
61 108
89 171
146 17
1 180
163 60
80 132
2 140
179 101
158 20
173 145
179 153
182 17
131 117
89 5
91 102
146 29
141 71
146 83
27 191
92 135
69 20
172 128
80 161
167 196
156 24
73 19
141 36
62 164
12 17
169 45
34 195
12 189
6 104
187 53
68 195
157 118
105 96
169 171
172 181
116 58
82 7
22 52
86 152
188 99
6 24
30 126
30 137
23 88
21 60
15 199
25 174
151 136
113 150
146 101
86 94
148 7
54 164
110 191
4 45
188 112
167 145
179 96
78 8
165 161
39 59
67 66
50 111
114 150
4 193
163 7
110 94
125 96
169 29
64 58
139 197
76 189
105 20
15 102
91 168
89 88
138 152
129 90
186 117
190 99
184 107
64 90
39 198
194 112
15 17
172 45
87 111
75 196
162 3
139 152
40 53
33 144
2 185
50 63
86 31
2 60
27 108
157 3
169 140
143 112
97 3
27 83
69 192
146 85
187 31
44 118
105 26
93 41
22 136
50 71
50 102
105 101
98 28
68 71
151 47
179 18
54 77
182 45
50 26
184 71
1 108
39 83
76 181
163 128
30 106
25 102
109 130
139 47
67 20
89 53
188 196
138 132
97 181
1 28
80 85
187 175
103 18
14 150
143 126
103 58
76 17
138 181
170 104
70 195
110 142
61 196
89 142
114 166
200 77
44 53
54 55
50 96
158 171
115 55
163 8
75 19
78 26
139 128
123 7
75 155
123 71
27 132
68 66
86 142
15 185
100 77
91 9
38 35
14 31
131 5
177 94
146 24
157 117
67 3
183 10
57 124
182 126
141 45
4 176
21 176
182 43
32 178
4 85
4 3
119 52
33 83
169 31
143 111
172 149
23 77
179 74
194 45
116 127
72 136
165 181
122 90
67 94
56 94
79 176
72 174
54 66
11 118
109 168
138 196
133 45
110 120
87 154
151 176
13 197
133 147
116 9
15 95
37 35
177 85
129 41
173 198
172 60
81 59
46 171
121 101
27 59
100 111
27 166
103 168
172 185
69 94
64 83
143 195
139 174
61 168
177 197
93 136
21 196
33 84
194 107
46 36
22 35
160 164
179 59
162 101
81 51
82 154
148 107
76 152
42 127
46 41
114 130
183 71
151 180
32 29
133 189
44 154
148 101
162 66
80 55
34 63
81 104
116 111
122 48
72 117
70 175
194 5
56 65
184 180
13 104
73 164
72 60
76 5
182 161
169 88
97 137
162 71
138 66
110 48
184 174
139 104
167 192
42 118
122 47
44 26
143 161
86 20
183 7
190 102
182 140
113 26
103 153
40 108
22 144
67 196
81 189
4 47
162 36
33 175
122 5
70 176
54 117
6 126
30 118
182 18
156 20
89 35
160 84
92 180
22 147
143 94
110 58
114 136
82 159
200 63
61 60
13 132
187 150
30 181
188 124
62 94
27 171
82 3
100 199
46 112
13 126
167 199
170 95
158 168
54 49
183 52
4 99
188 5
129 84
129 136
62 84
109 124
105 65
76 101
76 104
64 117
79 144
81 18
138 144
119 24
86 147
182 178
89 124
173 144
38 198
93 90
109 132
97 126
69 136
103 60
170 150
73 26
172 135
156 94
186 199
173 74
22 96
86 166
160 154
13 17
113 101
33 52
64 127
122 140
119 164
100 10
22 178
61 120
69 140
22 196
109 102
123 166
103 111
34 128
182 59
184 168
188 24
116 181
184 60
82 153
188 181
89 9
73 5
15 77
148 106
165 84
57 176
121 43
68 28
81 90
25 104
194 31
109 192
194 181
182 31
194 137
86 51
158 71
148 55
133 142
151 132
200 120
30 19
64 155
56 8
188 65
33 134
38 9
133 180
39 10
73 31
33 112
23 28
64 96
40 77
39 176
13 161
157 24
110 199
172 132
121 189
156 51
42 144
39 99
160 9
172 193
129 161
61 48
72 95
89 94
188 191
14 152
13 26
42 90
14 155
109 95
169 136
72 24
44 65
44 108
194 101
151 77
148 149
173 117
119 144
91 195
86 128
93 95
188 127
11 53
56 20
64 136
138 108
54 7
105 43
12 153
156 63
110 95
116 140
37 154
172 178
170 66
87 171
34 8
184 118
32 9
81 117
78 101
158 120
157 181
38 195
62 99
165 118
40 52
89 134
157 145
92 142
187 198
32 193
114 49
146 94
163 35
163 45
37 7
40 178
131 161
143 55
172 174
73 174
167 189
25 150
97 53
187 154
172 176
143 101
123 117
177 191
119 17
1 3
141 145
167 178
30 155
34 152
116 126
110 74
76 127
167 135
70 126
44 153
32 197
188 83
125 71
200 53
113 176
32 191
188 74
165 51
82 118
103 144
23 197
158 74
87 85
184 155
131 19
11 43
6 135
15 59
169 5
162 128
21 77
6 147
113 168
123 96
40 7
179 16
82 48
72 118
119 117
86 118
73 104
173 154
116 41
22 192
87 17
114 96
57 49
187 124
14 51
64 175
115 130
151 117
42 155
179 145
34 3
160 135
123 16
98 152
131 99
98 48
82 178
79 95
82 112
103 26
22 111
2 58
14 199
170 181
165 154
54 96
22 9
6 55
129 45
122 147
183 16
113 104
165 107
121 196
82 10
162 52
78 112
6 136
160 195
78 35
56 88
139 127
61 180
158 155
163 124
105 166
139 95
169 197
2 95
30 16
12 118
133 18
157 130
11 112
182 120
114 5
21 88
182 41
115 140
14 36
91 10
1 168
2 77
125 83
25 134
183 144
110 52
131 142
139 137
78 161
1 31
194 16
37 124
92 130
158 83
184 134
146 150
87 53
21 9
119 35
23 181
188 140
93 5
82 90
157 164
34 84
139 155
129 71
167 152
151 149
70 152
25 142
37 45
186 134
100 9
61 66
151 55
114 142
13 36
21 66
14 159
151 28
114 88
187 55
46 47
2 10
34 176
141 104
64 43
73 49
109 198
40 154
57 36
92 24
177 53
25 145
97 18
115 58
76 51
156 102
80 104
129 59
1 174
14 135
2 108
72 16
184 7
167 191
30 175
165 18
133 136
187 59
177 180
167 36
80 20
78 106
122 26
129 137
100 5
182 132
188 20
44 18
67 140
64 107
186 16
37 24
115 144
100 127
167 198
2 145
113 96
190 161
1 51
148 118
89 47
188 154
37 63
69 134
76 107
79 136
13 101
57 135
82 85
14 84
2 155
165 147
98 16
70 193
86 36
40 106
157 29
121 168
75 65
50 137
97 104
103 63
172 26
81 168
173 96
75 20
119 9
42 197
4 197
162 192
37 49
1 191
40 175
81 48
184 101
25 147
133 95
125 104
146 124
173 16
158 107
25 26
87 176
110 130
141 149
114 90
50 20
70 66
103 49
98 41
194 106
182 147
170 106
187 145
67 51
113 49
34 198
67 178
38 166
33 130
46 20
86 120
114 51
103 53
115 77
157 124
183 45
119 166
177 74
158 185
64 60
37 74
56 137
54 5
182 108
33 152
125 178
38 193
100 52
188 175
194 10
69 104
80 31
14 41
177 16
92 71
146 95
62 175
57 161
151 94
67 152
79 185
15 28
133 9
172 88
129 83
183 17
87 120
15 136
169 142
160 18
157 193
33 164
13 29
79 175
169 9
188 90
76 159
200 104
122 88
39 127
42 66
33 99
141 197
156 140
1 85
123 35
34 47
73 84
67 65
184 106
22 199
97 35
182 74
173 181
188 31
80 52
133 161
34 161
148 171
92 9
38 16
57 96
156 74
92 5
93 178
119 51
87 178
186 51
151 134
167 111
125 135
179 150
27 58
163 18
184 48
56 60
188 137
188 77
76 144
121 104
64 51
93 58
50 60
123 65
133 130
173 59
121 155
115 60
157 65
13 65
190 36
119 28
56 153
183 83
103 147
190 90
27 145
163 150
167 161
79 140
39 152
33 145
30 104
163 176
1 7
21 164
62 128
42 9
82 95
177 101
70 168
44 99
57 196
121 174
177 29
170 132
116 155
72 31
62 198
46 102
123 145
141 155
78 195
143 65
21 130
148 35
14 28
27 127
61 43
139 144
80 7
46 5
177 24
76 55
25 77
13 31
156 58
157 198
86 192
82 20
34 140
97 180
121 145
131 135
80 185
109 185
200 74
42 26
129 193
30 153
105 55
122 192
79 19
33 18
67 168
80 193
54 85
156 147
69 193
92 164
14 35
182 55
86 140
92 94
30 51
114 145
79 31
113 197
81 43
68 140
69 41
80 195
72 10
186 175
61 176
179 197
25 99
78 176
70 5
160 102
133 144
79 189
143 166
22 83
50 142
169 101
119 16
156 53
42 17
97 106
57 90
82 199
173 71
119 49
68 166
123 9
72 176
177 108
141 117
170 193
167 150
1 155
91 58
121 5
105 36
146 192
61 154
103 166
4 58
38 104
15 117
158 130
113 185
40 149
194 176
125 192
68 147
27 152
138 8
113 149
158 154
119 168
2 135
81 128
14 195
14 20
167 147
133 35
64 111
158 58
68 196
4 16
70 71
151 127
109 112
122 108
86 18
100 60
148 137
100 26
105 152
80 130
86 35
184 90
38 58
23 132
129 178
40 28
183 77
110 53
22 112
109 189
163 168
200 52
172 96
6 185
148 95
11 199
27 77
78 137
125 164
21 117
158 127
11 71
82 16
61 49
56 19
119 142
12 95
21 83
79 174
93 166
173 28
62 90
194 36
34 96
98 47
160 112
114 126
160 140
6 132
97 28
156 145
76 111
67 174
46 48
61 175
119 65
163 3
160 144
21 19
143 59
92 59
32 51
129 174
183 31
92 195
125 117
78 196
62 181
103 45
11 88
79 7
158 128
46 152
86 111
44 29
32 196
38 52
114 154
56 198
38 145
103 126
70 128
86 126
91 154
64 134
103 84
22 195
79 59
11 164
113 83
27 153
2 192
34 107
4 117
67 53
76 52
156 18
170 191
61 96
22 66
177 96
73 185
103 191
200 191
146 55
186 164
186 161
4 111
54 101
121 176
22 77
172 159
98 192
190 159
75 166
109 71
105 155
115 96
115 159
54 126
146 19
80 35
160 199
105 136
27 95
186 24
187 149
182 174
23 45
114 120
133 63
12 20
50 118
179 106
115 59
69 147
187 20
23 71
81 153
158 149
182 196
122 149
82 53
62 124
113 53
177 36
93 164
187 132
109 65
131 28
64 5
119 145
34 118
27 185
92 52
131 8
122 191
56 136
160 88
170 52
182 145
187 106
64 152
138 145
125 118
179 174
200 159
186 99
133 77
157 153
67 24
121 191
109 26
70 140
42 19
13 189
30 58
61 90
162 130
139 35
143 43
170 29
4 26
115 47
15 191
156 127
109 181
68 174
131 126
169 18
151 130
70 9
57 107
143 164
50 59
125 95
157 171
6 152
56 192
139 147
73 147
34 18
187 5
98 195
13 96
6 48
91 24
121 99
25 63
92 147
69 16
115 128
39 71
6 161
15 132
33 120
32 112
22 128
92 10
188 147
110 71
103 140
122 35
110 65
73 59
91 18
93 124
54 140
92 118
169 159
131 41
11 144
44 52
12 161
73 47
80 178
72 71
98 55
27 35
110 149
160 24
15 88
1 111
89 164
72 145
86 59
37 127
172 43
179 130
14 112
110 124
93 144
179 95
172 124
160 45
116 117
123 85
125 107
163 43
103 24
170 108
39 197
91 107
184 199
186 195
103 174
14 178
27 142
87 19
78 168
56 124
173 3
57 147
116 147
86 74
114 193
183 107
4 166
4 88
80 29
13 94
64 180
177 65
4 161
119 197
42 52
100 197
89 154
187 136
167 154
54 108
73 66
76 130
97 134
25 124
87 28
50 164
54 107
40 63
39 108
169 111
12 180
39 112
109 174
92 20
79 117
75 83
122 55
67 132
183 95
33 5
70 8
173 26
64 65
141 24
11 18
57 137
129 36
100 63
103 142
42 55
89 48
92 16
131 26
158 111
177 31
79 197
156 85
22 174
2 175
125 152
141 3
72 49
190 48
177 135
70 59
177 88
92 192
188 59
148 28
170 142
73 58
2 49
187 193
75 128
6 191
163 191
37 77
200 66
173 130
42 45
78 36
187 77
69 124
78 189
22 197
75 180
146 8
70 120
12 120
170 185
86 108
105 63
61 124
2 197
68 55
14 102
116 175
73 178
32 171
169 53
38 128
131 124
86 63
157 49
157 185
133 19
21 84
39 47
156 128
148 199
187 140
139 166
184 10
2 112
21 171
122 71
123 176
6 192
25 196
162 120
91 185
179 83
56 102
122 152
162 65
129 198
38 150
12 147
162 8
44 10
80 154
81 55
34 85
46 71
129 99
80 90
187 112
82 198
173 191
131 83
12 144
184 175
40 164
105 112
12 195
30 152
167 124
42 5
109 164
73 107
93 117
139 99
151 101
138 154
158 3
70 135
173 178
115 168
103 52
169 84
57 191
62 112
190 196
122 126
119 84
109 66
72 26
148 136
76 102
133 153
160 127
34 77
143 7
40 197
13 41
91 106
139 126
200 180
73 99
165 77
81 29
187 102
146 66
146 136
97 136
190 149
11 181
75 107
62 192
44 191
182 65
25 35
15 166
170 117
129 117
151 193
169 153
182 135
11 48
113 130
186 111
70 18
143 20
89 10
141 10
37 176
37 199
179 8
167 43
11 145
39 185
143 18
183 43
157 18
69 90
170 180
62 193
13 117
109 52
70 137
190 84
86 181
100 17
86 19
12 136
89 84
38 181
125 41
103 29
200 48
73 171
143 124
11 10
93 132
27 195
167 52
68 47
11 107
14 8
119 31
64 130
80 5
80 199
105 185
143 95
79 65
38 185
68 16
163 47
157 60
12 45
115 104
87 48
122 104
97 150
163 136
37 150
133 65
2 137
165 175
33 140
186 102
114 52
14 147
172 180
23 199
105 198
6 95
151 7
42 175
148 111
61 144
73 52
40 142
98 178
27 8
68 126
157 5
121 132
13 63
25 5
143 155
187 153
125 189
70 142
200 117
92 111
61 192
93 195
23 35
188 53
173 197
86 137
54 63
103 180
57 180
165 35
78 185
109 20
131 59
22 120
14 181
172 17
133 43
162 51
146 31
86 178
156 48
163 94
80 176
86 88
12 178
93 198
148 45
34 49
131 35
148 147
75 28
13 83
15 198
200 195
151 83
98 24
82 149
91 3
172 63
37 196
68 7
14 45
188 197
33 126
170 9
113 58
194 155
187 58
110 132
92 112
13 106
22 18
157 96
25 36
92 47
93 51
30 71
39 142
2 189
172 112
163 9
80 66
173 132
37 164
113 142
114 24
44 24
121 95
87 94
98 128
114 53
109 106
103 66
34 171
122 77
33 65
182 193
40 3
75 134
129 51
156 19
75 189
1 185
151 135
146 16
6 144
162 99
143 137
123 43
68 26
125 154
122 49
64 120
119 178
170 51
169 128
116 99
46 161
91 130
69 74
1 74
4 41
121 3
194 51
27 107
79 8
157 16
91 149
54 189
62 41
2 132
32 176
27 48
186 85
76 137
2 83
89 74
15 31
38 142
190 19
37 17
44 35
50 147
143 199
119 95
151 26
75 101
179 152
119 118
86 195
138 51
23 3
87 149
42 140
67 74
13 128
194 193
68 49
129 102
121 181
165 17
25 185
73 195
179 118
89 49
163 77
21 166
165 102
89 178
62 19
89 90
167 153
123 197
105 10
143 191
61 174
125 120
61 106
1 199
139 29
86 52
200 135
110 135
15 9
2 52
87 29
22 154
160 47
148 19
158 65
54 150
4 59
6 18
169 60
125 144
21 112
50 5
42 101
79 45
177 166
131 106
82 168
82 174
27 71
25 178
4 171
97 176
186 83
114 71
40 120
157 112
4 128
169 189
115 35
81 145
116 191
40 43
179 48
61 55
30 134
141 106
69 132
182 136
143 51
80 95
133 59
89 18
141 185
116 20
22 108
38 192
11 60
34 95
6 145
13 180
13 164
15 130
82 65
73 126
39 124
170 120
79 118
109 60
133 145
113 29
37 161
44 101
73 196
89 152
131 120
177 137
162 147
22 130
133 117
172 189
157 120
21 35
40 111
13 108
194 74
68 161
184 99
75 35
80 175
12 18
113 5
167 128
44 127
61 117
92 35
30 154
82 140
78 152
157 83
172 10
194 41
186 135
12 127
194 127
146 166
200 192
188 193
56 164
186 153
2 20
131 24
81 47
105 53
138 29
57 5
50 28
131 65
97 43
125 185
186 90
167 195
139 19
186 53
37 36
1 193
33 124
57 136
64 71
38 41
4 96
81 155
129 145
64 41
119 159
12 84
62 166
15 35
6 35
123 5
160 17
141 84
12 130
97 132
190 118
87 99
64 26
23 164
173 9
194 142
186 60
105 126
73 83
50 195
78 31
15 48
187 120
6 159
78 16
61 195
97 112
25 106
139 17
146 88
23 149
25 84
68 154
79 36
12 65
70 55
165 166
46 142
93 137
186 192
146 189
173 19
173 136
125 65
2 104
82 136
22 58
105 66
14 85
163 85
4 196
97 145
56 45
23 174
64 94
61 83
109 5
79 29
1 102
82 164
86 16
141 127
62 66
190 142
57 9
27 174
76 192
40 152
78 118
64 150
87 193
138 106
169 74
62 147
73 176
183 108
32 192
165 48
115 174
183 19
61 35
23 178
89 96
98 90
172 24
100 144
93 154
44 175
184 120
56 127
25 19
190 153
14 189
200 197
131 29
73 63
200 108
4 155
89 144
50 196
162 29
157 9
113 112
79 18
34 142
172 31
75 74
56 47
44 51
114 108
187 85
1 118
15 180
158 9
4 84
72 85
146 171
72 127
121 63
109 155
160 118
139 58
194 55
11 161
139 53
44 181
187 107
46 9
183 193
187 9
79 198
76 185
1 35
75 178
186 137
148 63
33 94
121 29
30 85
78 28
42 168
183 124
50 17
64 59
14 65
68 90
170 152
30 96
27 178
169 3
119 198
37 192
131 102
38 45
44 106
172 53
129 111
2 17
151 49
37 53
162 95
12 107
21 120
139 74
125 3
110 192
93 147
100 19
98 154
13 77
162 168
162 161
146 120
56 147
113 84
121 118
61 145
148 71
23 7
172 29
21 85
141 83
129 94
187 142
80 164
177 28
32 126
21 95
12 77
30 84
25 153
151 29
37 85
1 48
75 149
129 150
146 77
2 99
79 99
200 144
115 49
11 26
54 9
123 161
4 95
37 128
160 85
79 128
186 132
160 136
139 88
182 58
92 36
80 128
183 112
23 142
40 45
89 199
163 118
162 9
119 74
116 193
129 130
194 53
165 171
170 161
25 43
190 181
169 178
30 193
81 8
113 196
21 140
141 60
100 153
40 101
38 168
72 164
25 189
173 107
121 77
13 9
87 118
125 58
2 147
187 108
73 17
100 135
57 48
6 168
76 8
163 120
23 147
81 31
170 71
158 175
133 192
82 191
12 43
119 90
44 96
125 49
100 174
184 104
179 137
78 90
23 18
151 106
121 96
86 107
148 185
109 48
30 112
11 19
14 17
190 192
97 59
61 128
165 96
38 48
1 95
139 150
200 164
148 152
173 60
138 198
177 8
81 181
27 5
194 154
186 126
116 164
37 155
179 51
21 189
163 10
54 191
91 49
97 29
200 16
12 55
76 41
89 111
143 45
62 108
27 175
157 180
11 55
54 43
170 154
97 161
13 134
81 195
27 84
12 135
57 153
123 74
133 47
38 90
141 8
160 175
91 178
129 7
119 5
72 101
113 136
115 8
115 36
39 41
115 198
67 198
87 181
170 171
64 47
190 191
167 118
173 112
69 149
75 26
27 134
146 145
186 41
70 124
103 65
27 66
148 29
139 168
87 180
93 127
184 126
138 60
188 118
67 135
190 189
38 176
170 19
125 31
110 10
92 152
188 117
138 185
78 166
67 137
121 48
67 159
188 58
200 106
182 144
158 198
50 7
121 7
38 164
190 168
121 195
163 59
179 128
33 104
93 175
4 147
131 95
169 168
50 41
34 36
21 28
169 47
121 117
156 164
139 195
100 84
6 150
76 83
179 43
30 20
11 185
27 168
61 104
87 101
186 29
100 95
11 132
39 155
64 104
69 49
194 196
129 43
187 26
33 101
151 140
32 88
183 153
200 128
139 63
115 180
12 149
143 99
179 26
190 65
119 36
148 174
22 191
37 111
44 17
89 95
121 108
139 153
62 17
146 153
69 71
12 24
105 35
151 84
92 175
42 174
141 126
133 111
11 153
115 135
119 85
27 196
78 29
157 178
138 176
160 185
69 48
100 43
113 31
187 137
151 85
98 174
50 191
110 60
187 180
62 49
25 58
13 178
56 71
81 132
165 180
1 153
156 96
139 83
158 159
57 134
12 137
97 7
32 195
67 83
2 171
98 35
177 185
1 10
93 88
123 94
76 66
89 145
163 175
184 66
116 55
156 155
92 3
91 135
78 144
37 189
123 66
79 132
86 130
62 8
61 53
190 3
138 19
75 181
165 65
184 84
165 55
109 18
91 117
82 128
12 5
138 63
177 152
39 45
143 197
70 101
183 101
184 74
56 84
103 171
103 197
1 71
42 35
38 140
148 102
37 43
91 118
177 17
61 102
50 51
187 19
25 195
182 35
148 180
21 45
50 77
93 49
160 126
160 51
97 185
123 63
25 17
39 199
116 88
165 85
122 43
105 45
25 144
76 142
81 99
44 137
98 9
46 193
14 132
1 106
1 90
146 159
75 176
184 197
72 192
15 3
70 127
122 164
80 112
40 41
81 174
70 28
80 171
46 60
139 112
32 18
39 128
56 195
162 48
148 198
62 106
25 8
92 49
42 134
157 59
170 10
39 63
141 135
110 101
91 192
115 7
143 63
172 197
75 41
25 48
165 101
93 20
160 120
162 176
160 149
97 36
4 130
69 3
30 124
87 132
100 159
67 9
103 102
32 174
38 71
109 47
119 111
165 24
57 85
105 85
138 111
200 193
23 20
32 49
184 17
119 101
194 48
131 66
39 149
40 84
68 198
69 77
110 185
56 101
30 66
141 47
30 147
116 90
67 144
79 134
157 136
68 31
190 49
158 29
6 107
87 137
162 59
70 65
200 132
75 174
129 144
76 149
89 198
194 18
1 20
114 45
64 189
34 7
146 41
156 150
131 18
61 147
89 191
54 16
39 24
44 94
98 176
69 181
116 60
139 164
62 142
46 154
146 154
123 155
179 19
39 48
68 94
148 117
143 142
109 24
39 181
56 126
170 47
62 10
156 28
160 95
78 181
38 8
4 149
98 124
32 8
82 126
98 58
42 199
54 152
187 45
146 134
113 48
40 181
98 149
188 130
2 159
160 147
148 154
167 48
187 118
80 136
141 118
125 130
194 171
40 96
151 120
82 77
61 197
82 134
32 99
116 19
57 66
78 117
38 17
170 88
105 51
68 106
183 117
76 140
80 9
25 20
131 196
34 9
163 95
172 94
105 193
109 94
57 26
200 155
37 152
82 41
148 88
25 198
129 31
11 94
72 19
39 174
82 63
70 106
4 181
114 26
187 71
162 191
32 124
22 49
81 150
6 154
115 192
179 189
125 175
13 159
46 127
138 135
30 107
182 152
50 10
170 159
4 185
157 85
12 90
92 83
62 155
98 135
14 134
158 135
110 180
119 132
170 155
89 19
72 63
72 135
194 83
105 41
98 43
157 142
80 58
167 49
89 149
167 174
42 28
156 197
69 152
190 124
6 189
32 164
87 47
68 112
67 195
182 10
157 127
194 7
75 150
87 36
39 126
30 128
121 136
56 5
169 185
170 144
186 5
138 94
44 104
156 189
40 199
169 149
123 198
158 140
113 164
11 66
151 147
34 31
121 166
13 8
21 31
190 18
61 7
34 192
138 136
81 193
82 58
32 28
194 128
123 159
34 66
103 164
179 199
139 18
80 106
21 26
4 189
160 60
98 53
1 99
33 48
76 7
32 31
169 118
167 127
109 144
30 176
113 195
97 47
87 199
34 58
167 134
46 51
23 104
56 196
114 134
22 60
46 128
14 136
183 161
114 107
151 152
100 178
91 191
42 96
69 47
23 107
33 60
167 53
56 31
22 153
40 99
75 164
138 159
194 180
158 99
138 175
186 43
163 83
15 175
165 88
56 66
46 166
190 154
27 197
40 85
179 140
122 145
184 176
27 43
158 196
116 16
62 150
148 181
114 7
133 51
170 5
78 96
67 164
138 24
73 41
184 85
115 66
70 150
141 65
89 102
122 102
33 181
148 49
162 171
129 134
11 197
34 197
1 130
67 35
129 118
81 137
113 94
56 95
15 153
37 31
68 74
109 63
33 137
73 152
146 65
15 120
194 88
67 193
125 159
92 102
105 130
86 24
116 3
73 149
40 104
12 108
91 45
194 28
93 77
92 55
61 10
163 147
103 198
156 166
165 152
54 199
81 175
173 24
87 117
11 191
119 77
184 52
110 193
194 150
13 120
75 16
15 149
68 29
73 55
103 96
30 195
200 88
200 171
38 134
113 88
141 144
68 193
22 88
75 99
11 35
138 31
100 155
69 53
143 17
39 178
121 24
138 90
187 111
68 99
75 51
87 189
165 16
14 196
82 71
179 171
34 24
64 36
54 41
188 7
91 124
44 74
68 65
46 10
162 10
27 29
131 58
1 195
11 99
121 74
158 41
50 107
32 43
160 155
122 199
86 127
23 29
6 175
32 161
184 135
146 111
116 198
151 126
169 20
61 8
1 124
122 134
82 47
44 60
2 130
173 127
105 60
139 178
129 9
14 58
173 180
109 153
177 134
67 84
194 126
75 9
93 74
15 63
183 135
46 63
188 3
143 180
93 111
190 43
103 195
177 176
110 90
200 8
133 16
72 140
42 117
115 189
23 117
133 52
91 16
167 20
81 102
177 58
163 104
163 19
34 154
184 142
122 111
57 10
156 134
97 168
30 180
179 28
116 36
141 128
182 5
1 145
190 10
167 126
182 181
1 101
125 53
200 65
87 71
38 28
50 3
162 104
12 158
123 11
115 186
57 79
157 56
14 139
163 114
23 158
116 34
167 42
131 73
62 98
70 133
122 163
56 30
177 22
54 37
177 91
32 177
87 172
186 190
157 114
22 113
173 186
68 61
37 183
79 105
62 170
64 183
163 103
116 27
1 133
167 78
148 1
32 131
167 80
75 76
37 148
92 113
72 182
167 169
116 103
113 183
89 160
139 4
114 98
169 148
91 163
169 119
123 146
103 148
2 143
86 93
23 122
13 73
6 162
110 33
22 30
113 188
92 6
64 184
131 123
32 157
148 33
158 14
73 97
67 167
57 133
173 50
78 93
93 6
23 100
116 86
87 103
133 68
82 110
27 72
173 73
116 39
61 13
27 151
12 121
25 115
114 133
44 76
76 123
115 114
141 190
91 75
70 129
64 22
2 184
110 30
22 38
46 64
116 113
76 133
38 70
33 151
105 141
143 200
40 64
98 56
187 89
50 34
131 78
80 190
80 119
15 194
37 80
61 54
70 1
38 158
146 91
184 38
57 113
157 69
23 163
44 190
148 89
44 110
23 56
165 70
110 25
78 151
67 116
38 46
4 69
46 82
38 100
46 182
125 15
73 4
97 25
2 93
4 61
79 81
15 21
162 113
39 82
40 69
160 170
160 42
54 177
141 68
64 179
2 109
162 123
138 79
119 50
42 6
109 165
1 78
194 92
182 42
4 68
186 23
81 64
116 75
27 163
179 14
46 110
2 86
33 119
30 100
32 158
173 33
179 75
91 37
23 129
187 125
25 169
54 182
1 76
11 98
169 76
42 148
129 170
113 190
170 113
25 146
113 69
46 186
78 110
32 97
12 57
188 37
73 129
179 187
33 167
37 76
186 114
22 194
151 119
12 188
160 98
116 177
131 11
187 113
78 76
27 131
50 38
163 61
2 116
86 79
119 194
188 173
89 14
11 27
186 169
156 50
2 97
170 32
92 80
67 50
93 33
22 2
33 67
21 82
6 183
23 6
170 69
184 172
167 64
194 13
119 183
184 97
73 39
121 79
40 50
11 87
109 80
115 163
183 188
186 42
143 69
62 76
30 133
46 122
12 109
64 139
131 75
143 34
69 146
34 172
141 14
119 57
177 75
73 151
80 139
194 122
131 151
78 200
23 139
100 86
11 119
82 131
200 92
27 115
80 12
12 160
116 54
162 67
190 78
113 30
114 75
167 15
182 69
122 121
91 109
61 115
156 93
133 194
50 162
141 39
170 165
200 30
125 38
110 113
170 167
56 22
81 91
80 14
21 113
69 15
14 1
42 32
81 21
6 98
158 79
188 21
162 22
79 169
34 80
190 158
156 73
165 163
163 57
69 200
200 139
103 179
40 68
122 33
15 44
89 122
81 125
73 92
97 183
151 184
12 13
69 105
151 103
37 25
15 75
146 103
46 56
27 141
103 62
76 187
50 139
57 116
158 25
12 33
114 57
200 42
70 167
131 122
165 129
113 133
50 82
123 73
98 87
172 133
109 123
14 69
87 14
42 172
86 61
183 44
103 115
121 105
151 37
129 93
44 68
27 37
76 156
143 146
113 177
187 6
158 87
143 1
11 56
131 186
14 165
190 165
1 157
121 89
40 6
2 167
75 72
1 44
125 70
160 184
38 173
82 87
177 13
92 39
110 22
194 87
109 6
25 121
163 34
68 62
156 183
87 25
34 133
158 119
116 151
138 15
186 21
122 11
97 76
33 73
11 160
156 56
23 75
105 156
23 40
179 116
92 69
182 113
33 163
187 146
92 38
6 33
70 42
14 61
91 80
76 21
73 177
76 110
2 173
38 143
87 114
42 86
170 114
62 194
46 167
62 50
93 182
177 14
125 100
37 158
115 50
200 14
80 61
91 141
14 186
141 70
92 50
23 114
37 68
122 75
87 6
89 190
70 46
141 23
163 21
15 115
69 93
115 73
122 13
37 131
162 39
6 188
148 167
81 121
39 38
1 39
2 162
115 57
114 22
30 114
64 186
34 122
167 183
34 15
6 129
33 64
37 110
91 129
158 91
30 116
79 25
25 44
21 61
182 177
109 25
33 39
67 12
148 114
190 169
113 184
6 37
143 30
68 2
133 64
13 97
54 12
194 11
78 186
151 1
179 56
162 116
61 42
25 105
25 80
42 129
188 122
98 125
160 72
157 172
177 156
173 67
14 78
93 70
13 56
200 105
56 15
22 15
38 54
86 182
91 105
187 158
91 13
80 129
46 133
14 116
138 27
27 56
194 39
115 116
143 12
79 143
44 39
34 68
179 27
91 143
64 6
165 100
75 158
109 113
44 200
105 21
21 116
44 14
73 148
148 15
129 33
91 67
114 139
97 138
13 64
46 131
158 50
187 172
6 38
15 177
70 121
4 33
184 54
122 116
183 40
13 123
56 68
138 30
72 93
200 1
72 32
146 113
103 138
61 170
21 75
103 81
89 92
121 76
50 157
67 69
79 80
122 105
93 179
12 69
72 156
34 156
148 184
186 163
23 22
39 190
61 129
129 157
138 173
200 27
62 81
61 79
54 70
57 188
13 1
115 78
30 182
69 184
54 87
139 42
72 12
194 40
69 61
22 46
44 73
123 98
121 138
14 27
125 138
177 68
129 44
33 13
172 39
157 121
121 173
190 100
22 12
61 56
44 105
182 81
27 86
162 158
75 64
61 15
38 139
133 97
92 78
56 173
170 105
21 12
110 11
61 121
30 57
133 188
69 57
115 121
158 73
15 37
93 39
148 187
162 184
183 75
82 86
113 141
30 146
82 2
172 146
2 87
57 157
32 156
115 87
122 158
89 188
15 110
54 72
184 158
72 42
75 184
119 4
115 167
79 160
57 131
62 183
162 182
190 133
92 86
64 69
160 81
76 4
81 82
11 187
40 86
173 1
143 156
129 121
30 2
177 143
98 167
11 165
40 12
57 15
146 23
21 57
200 80
100 129
72 98
39 80
119 86
177 25
76 22
158 156
78 21
165 187
92 23
57 162
186 177
82 133
139 165
182 98
162 157
167 6
100 170
15 121
72 125
62 57
148 138
143 13
148 81
25 54
93 44
86 32
143 162
68 75
82 151
141 165
100 115
91 138
114 4
79 163
105 172
54 105
200 165
40 62
4 141
62 179
173 139
184 32
25 57
68 151
68 23
188 81
169 129
67 109
56 1
170 157
40 103
156 27
54 6
125 194
81 72
151 57
21 93
170 11
143 179
76 91
165 54
56 2
87 1
151 87
44 6
165 119
92 21
119 121
165 57
125 182
139 170
110 194
67 103
21 33
12 2
44 148
73 182
151 143
187 133
133 123
75 121
177 125
4 6
89 125
86 167
186 56
86 44
79 148
165 81
32 119
89 67
190 129
115 113
73 91
113 50
92 67
27 157
115 122
110 87
138 122
69 169
46 72
81 30
169 27
40 188
11 42
75 40
72 188
42 79
188 158
42 187
109 61
27 30
69 6
109 158
187 67
50 69
30 68
119 15
12 165
139 187
141 133
54 98
30 86
143 23
162 81
151 15
103 182
13 129
160 157
70 162
15 78
109 15
76 70
125 139
97 75
114 82
33 200
6 75
123 32
1 34
39 46
39 27
81 70
92 119
68 115
183 72
194 14
100 160
1 119
143 81
139 32
13 148
6 39
89 119
98 121
76 115
33 25
13 42
169 162
182 39
119 100
1 72
133 177
76 56
170 177
163 105
44 78
54 160
188 200
13 15
56 34
82 70
114 123
67 141
123 79
81 27
22 61
187 91
13 121
183 82
27 100
121 148
27 42
143 125
103 109
177 78
75 22
86 163
44 40
97 14
33 169
146 162
64 100
27 40
170 131
73 56
67 22
32 160
37 78
23 170
82 157
79 70
27 79
183 50
165 87
50 87
143 186
78 69
156 23
13 100
23 200
187 75
23 133
194 56
119 186
82 11
103 160
34 158
81 34
148 25
122 114
89 157
100 33
109 141
139 190
11 54
121 86
188 103
39 186
27 80
105 64
80 67
160 138
30 23
82 72
151 190
165 39
64 11
69 163
115 162
194 2
6 170
170 125
188 1
56 37
151 187
123 56
39 109
100 139
188 190
82 103
157 68
91 123
61 125
32 44
146 141
12 11
194 169
92 76
131 115
177 92
89 39
115 62
158 44
143 75
122 187
114 119
82 30
116 68
25 160
62 91
162 33
157 86
40 97
182 194
162 75
163 38
182 121
33 79
177 39
157 146
13 146
141 172
68 97
87 80
50 80
32 46
50 33
133 103
92 133
69 46
89 169
92 129
167 194
116 72
179 2
179 38
169 187
80 123
122 61
81 32
133 151
89 68
103 170
100 114
98 165
172 82
194 75
76 158
23 162
32 79
167 4
173 131
129 179
64 157
80 15
98 57
2 4
157 186
179 194
131 21
109 110
146 125
22 163
69 97
143 105
186 138
82 173
76 46
21 73
72 30
177 1
70 44
72 146
22 122
86 172
72 4
38 62
38 110
46 34
89 141
167 165
110 93
141 37
82 187
160 141
177 158
32 73
50 42
141 38
160 34
81 187
32 1
177 86
86 184
34 22
37 169
68 139
69 160
79 46
72 173
97 6
78 81
110 138
32 162
82 141
76 173
54 188
160 46
50 186
139 81
79 68
160 2
151 157
177 169
21 187
33 38
167 81
30 151
23 190
98 89
86 156
115 2
163 4
123 103
125 34
109 116
160 4
169 44
86 14
179 110
92 125
125 54
105 78
93 23
23 27
110 187
37 160
30 167
116 80
42 22
37 72
138 170
12 123
123 89
163 156
167 27
30 184
62 42
109 105
46 162
169 123
6 165
182 91
119 2
148 92
57 91
38 14
165 42
34 109
30 165
39 146
22 92
116 100
182 40
103 57
23 167
54 73
109 56
86 13
86 173
139 97
76 172
72 169
50 89
40 92
87 93
13 103
86 125
169 158
123 110
129 82
4 169
86 4
6 200
15 187
57 92
97 89
89 200
157 184
183 170
44 27
70 62
25 183
200 82
38 157
22 1
25 73
38 182
186 156
110 103
37 105
179 72
30 11
87 177
119 109
92 156
123 82
42 97
40 22
81 119
139 25
32 64
14 170
6 80
125 113
100 87
183 21
190 115
110 39
64 129
173 46
160 38
188 143
125 64
69 179
93 82
32 54
125 82
100 69
1 187
14 190
91 2
68 129
64 1
170 37
105 119
139 157
78 138
42 179
151 4
33 133
37 39
122 177
12 73
162 69
13 179
172 14
183 38
64 37
57 72
12 200
25 133
67 56
163 109
78 139
50 12
81 33
160 50
133 160
1 105
125 148
37 30
100 50
138 23
81 141
148 143
32 169
121 57
133 15
119 141
54 78
100 93
33 46
200 11
11 39
64 141
87 146
70 194
186 100
172 6
141 179
78 182
188 75
4 116
34 69
157 70
73 6
125 133
32 143
177 121
4 82
13 172
13 167
169 91
79 109
15 62
190 105
22 173
129 30
186 62
13 2
11 97
172 148
115 177
200 163
200 40
78 57
56 122
79 38
194 146
86 38
177 163
131 163
156 169
146 98
121 114
12 34
56 50
2 177
114 79
133 21
186 72
167 38
61 194
183 105
27 103
188 2
184 50
12 56
25 39
89 70
187 141
103 11
86 138
87 200
4 113
67 190
146 4
91 160
167 100
200 113
91 190
121 22
69 13
42 33
158 182
173 163
79 131
184 62
129 123
179 89
75 12
163 92
162 163
89 116
34 186
80 156
37 46
177 56
70 97
109 173
78 98
54 100
183 89
13 62
125 160
2 200
165 113
57 46
103 162
81 25
76 32
40 110
188 91
173 114
80 146
138 87
123 158
110 151
125 68
182 156
177 146
30 103
183 122
98 70
6 169
139 188
23 109
165 103
32 67
13 25
37 103
162 190
141 188
81 40
146 115
182 151
162 122
32 4
22 11
21 115
93 143
11 157
115 81
4 21
179 70
113 179
75 87
103 61
114 125
93 34
109 33
172 79
98 73
103 121
165 40
72 162
151 50
169 122
40 177
182 62
44 100
15 38
21 34
68 82
167 82
169 1
23 73
183 116
93 89
200 15
92 75
105 160
11 129
182 163
141 15
46 119
72 86
156 4
186 61
123 167
113 23
40 34
12 79
92 4
121 169
105 146
98 79
109 148
184 61
156 125
133 6
162 15
160 93
11 76
146 131
113 72
131 182
44 38
78 42
186 183
187 129
157 42
179 12
42 4
1 93
169 146
57 34
67 2
103 79
27 110
131 76
105 2
34 27
2 69
46 73
37 61
46 114
82 64
151 91
133 73
61 158
138 92
165 27
68 12
156 172
61 78
98 32
23 87
141 183
141 170
46 115
119 123
13 131
173 25
163 100
162 14
103 68
131 187
82 1
67 40
109 86
115 56
40 173
92 72
170 148
33 123
12 44
190 25
38 37
40 131
78 165
22 79
72 76
121 40
89 11
76 138
123 78
122 38
184 87
82 54
39 151
89 22
173 182
116 91
184 190
123 2
62 160
21 182
93 79
70 163
98 103
125 186
114 68
172 190
27 182
173 64
200 122
21 67
87 160
163 123
32 30
69 30
38 119
163 12
4 188
163 160
50 170
156 170
133 122
186 11
1 165
129 125
75 139
89 73
184 131
146 114
105 23
141 21
75 148
97 186
156 133
173 116
82 115
80 194
160 113
151 40
143 22
143 39
4 23
30 109
139 11
67 131
200 67
114 69
105 100
187 138
182 190
122 98
42 188
87 22
116 148
98 141
110 69
62 151
75 70
190 76
76 89
21 172
46 89
92 54
97 194
156 184
93 186
183 165
22 13
179 122
6 67
97 1
56 167
172 64
78 184
151 14
138 11
69 119
151 114
40 109
97 21
44 163
37 115
125 62
165 172
160 33
22 32
87 81
87 89
131 158
69 73
80 186
121 179
146 21
148 162
200 172
167 37
194 138
188 109
184 46
162 170
33 15
119 79
32 21
156 44
200 54
100 194
70 114
158 78
179 119
194 121
34 183
33 172
98 172
105 116
177 38
190 86
1 138
50 61
165 15
190 50
109 190
91 82
92 62
110 177
56 79
98 100
138 133
72 122
93 40
25 32
139 116
139 72
54 86
156 70
14 173
146 82
22 62
13 186
172 91
186 4
61 27
98 22
190 114
182 141
138 32
13 173
97 105
21 64
157 37
183 162
14 187
13 187
62 158
172 25
75 103
87 86
15 146
21 143
6 62
97 67
75 110
103 183
173 151
57 82
32 100
67 148
72 163
109 37
62 119
97 131
121 56
177 141
162 141
61 40
151 146
69 151
6 110
23 188
170 56
167 22
37 194
82 92
156 54
12 61
86 133
39 173
183 76
92 11
138 109
54 121
38 172
182 170
143 62
179 34
110 163
50 13
21 56
75 200
12 4
151 156
91 14
143 167
114 141
40 158
4 44
188 151
121 156
32 50
13 114
30 13
148 61
39 34
98 163
25 188
122 157
113 38
172 81
38 12
89 184
146 1
70 50
13 70
138 40
167 39
148 129
151 75
148 68
139 163
187 79
46 23
86 80
148 62
115 14
125 91
182 37
97 141
139 46
79 139
40 170
61 70
87 157
11 113
93 115
80 70
100 133
68 173
91 156
138 177
67 114
40 157
2 187
6 115
125 30
122 73
97 103
182 116
78 25
81 156
33 183
34 76
190 87
138 44
98 44
172 160
42 183
113 105
1 54
64 72
12 110
187 56
123 173
187 160
14 67
79 72
194 184
119 25
169 13
80 33
110 97
148 70
64 68
151 169
61 151
4 93
97 179
169 46
129 12
187 182
73 14
131 139
158 80
173 146
25 64
82 122
167 200
113 139
200 184
105 131
4 103
122 78
182 129
133 50
70 92
80 179
37 79
61 33
64 98
80 78
12 194
37 123
172 23
40 133
109 54
113 143
183 177
148 76
110 56
22 105
42 109
40 172
46 97
172 32
167 141
39 91
98 156
46 2
138 68
167 139
194 73
165 86
62 139
12 148
125 4
98 34
146 119
194 42
200 72
113 97
86 114
121 143
82 184
165 184
98 80
131 6
125 27
33 82
93 169
158 86
184 110
184 1
123 86
173 133
169 141
103 200
50 200
157 61
69 116
62 12
119 184
173 80
169 81
76 165
57 42
105 39
80 172
121 23
163 143
146 64
129 1
148 11
64 187
172 78
64 190
69 38
89 133
61 138
68 170
179 162
98 143
27 93
15 25
11 46
73 188
138 73
103 50
162 64
158 157
1 33
169 64
30 123
23 1
33 2
131 64
62 30
116 146
25 91
188 50
179 148
143 70
97 182
172 170
87 173
64 110
34 129
114 1
105 6
54 81
133 61
103 122
67 156
1 12
62 27
138 114
179 4
200 170
157 14
57 158
22 138
173 100
114 143
123 200
165 158
2 98
42 81
170 12
163 67
33 98
87 188
138 141
15 73
114 62
119 172
169 139
129 22
115 75
122 141
183 179
158 183
44 123
72 190
115 151
109 187
121 165
183 139
42 69
13 138
98 30
87 143
115 86
138 2
156 87
73 179
15 72
27 160
80 54
80 122
123 157
32 148
98 184
186 121
68 188
173 148
21 123
91 173
194 21
158 186
46 143
143 44
2 169
80 38
151 46
100 110
100 75
158 100
100 138
125 123
70 110
194 143
131 1
162 173
13 160
146 27
103 177
6 68
93 14
186 79
109 177
167 73
30 6
75 54
69 37
86 179
162 187
87 37
109 14
57 80
156 79
11 62
33 37
116 167
80 169
129 56
121 2
156 123
89 62
72 109
114 129
119 188
105 80
146 170
139 121
157 156
62 190
167 32
46 190
184 27
121 131
151 165
172 188
131 167
34 11
81 68
73 190
27 183
42 34
68 57
119 64
4 11
62 129
148 200
188 22
69 56
98 158
91 114
97 34
97 50
39 67
68 162
183 146
27 121
97 115
44 46
79 91
14 32
194 50
93 187
143 123
119 44
14 100
173 32
14 188
116 6
110 200
163 169
39 61
100 11
61 57
79 21
169 40
139 109
172 92
156 61
169 115
38 170
54 62
50 78
39 122
37 122
73 50
21 87
100 141
44 13
22 151
148 40
125 116
91 12
148 86
2 156
62 14
131 50
158 148
54 42
89 44
184 114
70 69
179 67
116 123
163 97
98 97
13 75
76 93
139 33
62 123
13 119
188 64
98 200
160 169
38 194
182 92
98 12
190 2
42 169
37 92
194 25
162 21
151 129
89 158
68 22
67 15
143 129
54 122
32 37
73 110
119 91
23 165
64 109
110 72
143 160
39 200
70 169
54 57
160 76
162 131
129 184
39 131
79 100
67 188
105 103
97 91
182 200
146 56
170 22
116 184
38 13
67 34
188 163
157 163
194 113
138 93
44 82
25 11
44 157
186 167
105 57
183 46
32 179
22 169
61 116
80 76
46 92
82 89
75 73
177 97
81 4
146 22
160 67
87 179
42 44
125 190
103 78
179 138
67 76
113 138
173 34
119 133
105 15
11 116
167 188
122 64
170 121
38 11
57 76
4 129
183 11
173 92
54 64
131 4
109 172
34 190
75 157
183 160
57 170
38 131
141 184
15 113
129 40
188 148
73 72
68 54
110 146
81 89
190 116
79 54
109 200
81 151
67 121
165 34
119 156
1 68
81 186
122 190
184 105
167 89
15 184
133 39
37 162
87 79
158 56
14 98
72 184
119 23
105 114
70 186
25 162
44 133
92 170
139 92
70 146
27 15
11 109
67 165
188 62
114 172
67 4
183 61
172 93
33 14
61 6
70 91
40 57
129 194
100 162
25 46
186 91
177 160
113 70
39 21
143 182
57 109
81 179
183 1
103 93
25 182
131 56
105 182
93 97
82 188
170 30
141 79
25 113
187 70
50 39
32 57
116 157
162 133
114 39
21 165
42 114
25 75
156 179
44 75
93 162
78 179
54 89
92 184
163 125
179 172
122 79
86 129
23 21
15 182
122 92
30 15
1 113
131 129
54 50
70 116
87 131
172 72
133 13
109 183
73 105
25 167
163 78
103 139
116 158
38 156
42 133
139 122
42 40
76 12
97 23
93 113
30 183
110 115
67 1
87 129
15 23
100 131
21 68
30 78
97 123
11 33
34 169
32 114
115 23
1 190
97 92
146 81
39 42
184 187
100 113
167 182
170 115
158 33
125 14
123 179
64 76
131 80
187 50
72 115
78 11
186 89
100 25
86 34
11 80
156 97
33 125
70 177
91 87
113 80
141 151
34 194
165 115
44 57
177 37
105 61
78 34
73 109
37 116
64 34
187 87
6 89
186 57
139 186
100 40
115 143
113 131
146 92
157 98
100 67
21 114
121 200
86 91
160 179
33 40
110 182
93 62
54 139
14 2
91 121
184 163
89 131
68 15
12 25
100 46
14 123
25 125
170 34
44 172
158 133
89 91
69 39
172 89
167 34
2 81
6 14
92 30
179 82
157 23
57 184
27 54
89 110
34 38
110 190
186 75
82 80
97 78
4 138
86 113
98 23
123 39
68 123
146 78
156 173
131 110
98 93
157 54
156 11
173 93
30 148
81 110
93 190
56 139
182 68
169 30
138 62
1 69
76 125
121 109
54 40
6 12
56 44
113 157
68 119
194 170
110 165
141 54
78 56
13 68
80 32
119 139
72 157
2 57
13 39
162 186
122 186
12 81
138 25
75 82
188 125
157 4
160 182
37 93
138 146
167 177
11 61
79 165
163 6
98 21
15 170
138 56
27 82
67 42
6 15
156 1
30 93
183 93
123 194
1 125
177 46
62 105
87 76
103 143
4 97
172 194
129 173
22 6
81 44
87 72
57 173
40 141
146 148
46 21
165 2
172 73
103 2
158 200
151 92
73 2
57 23
30 46
78 75
114 61
81 38
75 105
38 30
200 97
27 188
119 187
68 98
148 93
179 105
170 2
177 12
151 42
13 157
2 70
194 6
157 76
129 183
42 73
4 121
76 151
79 67
2 89
184 37
57 22
14 70
27 70
139 69
78 67
67 139
27 76
129 113
165 105
54 190
42 56
78 46
68 42
67 194
143 40
34 89
56 143
194 30
125 179
190 22
190 32
4 50
187 4
64 27
39 183
123 4
138 167
91 23
121 69
187 105
64 116
157 115
56 183
186 148
75 170
12 187
160 44
62 67
119 72
93 32
86 103
1 141
165 173
115 38
122 21
116 32
160 61
50 14
141 125
76 200
44 21
194 188
62 25
184 100
14 4
15 14
112 51
41 198
159 126
150 175
7 31
47 176
174 101
24 29
120 132
153 135
144 142
124 7
124 95
51 88
178 26
18 171
49 48
155 159
7 193
127 88
106 108
107 47
102 17
128 35
150 48
9 65
152 31
59 74
135 58
178 95
101 20
28 197
28 130
20 192
3 55
126 140
135 17
147 99
127 135
45 152
185 19
120 159
185 112
175 127
134 127
24 130
111 196
84 90
16 108
9 147
52 20
28 126
20 174
36 31
128 159
5 101
71 59
8 99
102 161
137 43
17 166
55 28
106 192
127 178
94 58
5 152
112 3
166 185
145 128
74 66
153 117
20 19
84 134
43 134
43 168
59 195
152 150
112 181
29 108
66 53
18 3
65 63
28 51
166 85
166 111
41 84
26 192
149 120
149 175
189 153
85 74
154 166
149 191
185 77
8 147
35 195
175 108
58 164
181 132
176 144
9 127
155 153
95 180
152 101
90 120
88 16
104 197
88 84
176 196
196 155
41 60
150 118
8 126
149 47
107 118
150 128
18 43
180 154
164 127
9 20
112 36
189 8
196 120
16 136
137 7
175 106
111 16
195 147
43 147
85 130
10 144
49 95
189 102
147 108
137 17
49 120
166 159
66 153
8 3
112 174
20 35
175 43
193 47
94 149
10 29
74 153
59 166
60 120
49 180
53 55
108 63
52 107
45 85
153 147
20 171
58 153
58 180
118 77
95 7
154 29
24 193
43 178
96 175
60 192
43 180
192 152
96 176
102 5
24 18
152 135
181 149
59 94
117 132
77 140
153 7
191 171
3 153
128 26
35 55
19 147
154 152
36 99
84 168
18 59
29 71
58 84
7 107
83 176
142 193
63 192
35 181
63 145
175 95
137 5
150 71
58 8
5 85
175 74
65 35
85 136
108 48
128 49
192 137
7 8
60 65
65 52
53 134
45 95
153 60
107 83
94 117
63 36
48 102
3 84
176 31
168 130
88 147
77 41
106 35
36 185
16 197
90 144
195 166
191 150
135 145
48 59
71 144
106 58
153 120
175 191
159 171
49 90
77 31
28 185
53 161
24 20
71 3
65 136
166 175
51 9
84 49
3 127
178 7
65 142
49 112
168 8
193 135
63 150
108 24
104 168
96 106
52 199
85 191
128 18
147 55
134 19
45 20
111 195
166 95
174 96
137 10
63 136
24 159
5 140
84 124
48 35
53 137
196 94
168 45
90 175
150 142
134 195
144 132
7 130
7 171
102 106
99 154
117 152
104 63
164 20
140 51
17 128
60 63
74 18
195 41
85 99
159 10
77 147
53 94
180 134
149 74
17 140
29 193
117 176
178 51
52 60
55 59
144 3
175 8
94 199
193 85
55 101
51 58
185 8
8 149
99 41
189 150
171 135
85 48
155 77
20 60
101 9
71 99
124 53
154 132
126 7
102 108
26 95
117 59
161 142
191 17
161 20
83 120
193 65
19 52
41 117
77 111
155 36
94 31
65 31
192 178
191 164
178 10
132 5
126 102
154 102
65 176
124 166
150 111
120 152
26 166
55 99
154 88
47 66
5 144
111 47
180 168
161 154
71 135
152 71
153 112
106 164
7 74
171 137
193 104
155 164
198 193
180 31
128 175
191 90
145 43
176 181
198 58
191 198
41 193
107 140
112 8
26 5
17 197
95 135
144 59
171 132
199 118
117 29
31 164
94 66
66 150
29 150
127 124
161 106
49 134
140 66
101 104
94 24
171 174
145 9
126 45
126 178
35 192
159 198
124 3
10 171
3 10
96 59
196 49
18 155
159 196
47 147
26 66
71 120
95 101
164 16
41 171
199 127
147 104
189 132
124 118
126 117
130 90
127 41
191 154
20 18
17 106
168 48
152 99
9 142
155 178
31 153
26 84
181 95
191 140
94 20
128 181
102 83
168 120
74 130
150 195
191 176
197 180
28 52
47 137
101 96
71 43
178 144
48 18
3 185
152 60
142 101
135 20
127 189
136 189
48 193
140 155
134 140
153 154
118 16
185 193
174 63
118 191
140 108
198 178
197 65
28 95
24 47
36 94
95 117
43 128
49 7
53 145
126 9
193 145
155 106
107 142
175 102
196 16
195 118
18 95
174 152
107 197
94 144
161 104
19 118
28 136
111 36
155 20
99 104
126 168
71 10
189 111
51 144
41 135
20 152
65 17
137 197
58 197
127 28
74 145
24 145
102 180
168 144
124 60
112 145
63 152
48 104
104 181
52 152
193 74
36 74
193 191
174 58
149 107
140 112
155 176
63 106
196 168
29 161
51 18
31 52
35 63
66 31
126 53
24 149
168 35
140 168
31 49
47 152
43 88
192 36
174 41
185 199
16 65
152 17
94 49
192 198
199 90
126 149
31 137
8 66
19 136
26 197
19 84
10 28
120 181
117 71
166 47
132 101
7 106
55 176
176 43
118 45
74 147
58 145
140 36
58 96
20 142
101 193
189 192
84 5
197 66
142 108
5 154
29 130
49 111
197 112
136 152
134 31
159 18
171 19
58 49
192 130
112 118
135 118
65 104
49 193
65 107
137 83
63 48
55 128
136 192
47 117
19 43
130 83
83 66
45 199
124 159
66 48
124 197
90 107
10 134
175 111
26 58
181 85
66 136
16 193
149 45
136 180
66 117
41 168
159 43
24 41
26 19
199 96
59 150
31 189
85 149
66 149
8 107
48 130
49 51
83 53
127 94
104 5
166 36
43 47
16 166
174 185
107 71
150 85
144 193
178 176
111 17
59 101
178 52
65 84
166 199
132 71
171 192
94 147
176 9
3 120
102 168
60 176
7 88
9 43
85 19
19 53
43 60
126 112
144 17
132 150
136 164
142 198
45 192
71 126
180 36
47 60
3 174
132 176
52 126
112 192
88 63
195 120
134 99
198 174
174 155
112 106
83 112
96 26
140 176
101 126
85 95
175 134
106 132
63 47
45 164
29 180
124 63
108 5
83 24
106 127
112 53
155 180
9 24
52 63
189 118
10 99
20 95
18 135
161 18
99 175
5 3
90 17
7 111
88 144
168 199
60 137
111 142
185 197
66 20
118 48
96 181
83 128
175 161
189 175
26 55
136 185
126 48
29 90
161 36
94 5
95 5
9 197
124 176
124 130
58 85
124 171
17 52
127 26
65 195
106 150
147 171
132 168
101 29
176 195
88 192
149 96
199 154
140 10
135 155
199 161
124 36
174 145
84 161
134 108
45 94
60 144
45 111
49 118
150 60
7 145
174 136
118 85
136 137
159 132
159 111
16 10
65 108
144 118
197 96
195 9
63 159
7 192
196 28
128 94
45 7
28 144
51 196
180 150
191 19
145 140
130 117
161 55
18 66
192 164
118 71
31 99
135 52
59 3
140 180
176 198
36 137
178 74
149 130
48 55
195 198
74 124
53 193
166 106
195 5
134 35
59 106
152 147
88 28
19 3
3 140
164 59
101 8
174 135
102 134
65 174
10 5
49 176
9 90
199 134
130 5
10 196
175 65
189 166
66 178
5 112
53 191
189 124
111 193
118 59
185 135
132 60
145 101
90 36
77 164
99 192
180 199
135 43
112 168
111 74
147 164
161 168
84 127
159 99
150 161
85 106
176 8
161 178
41 147
181 55
130 166
71 174
101 94
192 196
159 130
180 99
161 41
45 180
178 31
124 185
66 191
159 65
166 180
94 60
5 88
195 45
134 192
19 174
83 150
28 189
135 128
26 195
88 135
99 45
7 18
59 111
48 197
132 49
164 84
161 189
26 31
35 90
168 127
159 28
168 52
19 112
19 59
96 191
102 149
120 185
175 126
197 195
192 104
53 192
164 180
45 77
192 199
102 51
9 49
5 7
9 164
29 185
99 136
55 191
49 164
196 171
193 26
36 47
55 193
7 161
171 71
16 83
181 150
63 95
106 149
147 132
102 153
51 126
18 63
51 41
112 136
130 10
10 60
135 99
77 17
52 112
189 101
178 36
95 149
26 196
49 136
161 35
118 3
47 99
19 71
84 59
63 58
26 24
65 66
35 164
127 5
88 74
28 17
120 175
35 150
43 120
189 155
161 24
198 63
199 74
128 45
9 135
108 9
120 9
175 48
117 85
117 144
83 10
16 124
35 199
47 144
49 26
152 18
135 90
174 132
193 192
48 142
152 164
193 10
52 8
66 84
192 117
128 192
132 58
83 7
58 9
137 189
48 181
45 66
35 29
178 59
20 199
16 60
185 94
53 16
49 191
145 142
26 77
199 16
20 58
144 197
176 95
43 99
128 191
29 126
197 59
35 17
193 197
164 144
5 59
134 17
137 175
24 134
124 28
185 168
3 171
52 47
118 10
152 26
58 59
106 137
71 166
111 152
36 106
153 41
99 107
47 128
59 83
111 85
49 104
195 47
59 174
142 51
145 94
155 171
132 88
164 185
35 101
120 111
178 159
48 132
193 166
107 28
117 145
181 130
199 147
193 51
41 74
130 112
8 142
128 176
41 181
111 154
154 135
43 84
137 130
155 47
60 155
166 108
60 85
142 118
128 99
71 181
7 134
159 176
8 24
124 154
171 120
94 7
180 53
19 117
132 96
51 47
26 52
118 108
17 171
112 108
180 178
136 59
102 130
124 8
96 55
51 155
134 153
10 90
174 43
130 153
126 63
77 101
96 47
5 8
20 74
60 118
135 74
154 185
124 35
17 159
152 65
41 85
181 189
128 189
85 164
137 140
101 130
99 101
17 192
137 51
52 155
124 18
128 127
3 36
107 59
71 145
152 85
144 83
191 159
16 195
171 52
127 185
180 144
178 16
137 174
127 198
31 159
41 101
66 174
171 58
96 18
118 7
142 85
71 7
29 195
171 199
124 174
65 36
10 108
126 120
168 49
60 74
102 55
142 149
95 108
35 127
189 196
28 128
96 10
48 127
66 181
18 94
88 10
135 142
51 199
95 198
31 29
134 18
134 59
102 58
74 90
16 66
59 191
45 191
26 142
20 132
65 53
108 96
108 49
26 106
199 31
26 198
71 31
8 195
155 58
117 120
55 130
104 134
8 181
101 195
106 181
36 134
99 198
88 108
35 77
166 48
161 101
101 168
140 26
83 101
60 102
84 101
136 20
66 52
8 55
9 102
43 55
147 150
135 136
176 104
171 149
161 77
176 24
65 127
84 185
35 102
126 180
132 161
77 126
16 41
164 29
159 164
153 99
85 104
161 58
60 35
128 117
198 65
166 120
118 95
43 51
7 112
83 108
154 147
43 111
65 71
60 166
108 90
140 95
174 150
9 77
8 174
84 199
124 85
185 24
53 127
5 178
49 175
147 17
195 49
28 120
178 164
96 60
84 9
152 196
196 8
29 19
101 90
130 84
126 135
164 52
36 176
192 153
106 159
154 58
84 180
198 111
20 28
175 180
8 51
104 198
134 88
130 128
171 118
155 29
181 111
145 41
96 17
124 101
94 154
147 60
140 195
19 181
10 84
180 171
84 154
128 104
142 178
90 28
178 3
175 41
95 127
90 55
17 108
181 117
192 144
117 171
191 24
59 26
152 197
180 19
137 108
155 10
102 24
155 101
51 149
127 74
107 84
17 196
185 53
94 142
196 96
166 3
195 99
153 106
171 198
198 5
96 107
16 198
136 17
107 195
164 196
145 51
99 106
117 199
3 66
191 155
197 94
17 88
55 136
197 101
8 118
77 171
49 83
180 20
90 142
140 31
197 142
108 85
43 197
16 137
174 7
41 150
84 104
120 147
51 107
178 84
41 66
49 149
153 94
36 8
199 5
137 95
36 71
128 166
3 26
10 48
102 120
26 176
174 154
136 53
153 136
19 108
181 174
180 130
55 192
171 104
142 159
154 192
26 45
51 17
29 26
18 10
45 52
36 195
152 144
127 193
29 5
178 137
127 171
107 36
10 65
88 59
48 77
128 144
24 124
144 149
199 111
174 83
77 176
48 191
107 132
145 161
117 102
18 29
16 153
77 128
149 180
8 197
77 95
140 55
185 128
136 134
31 192
41 8
140 83
150 140
112 147
185 35
192 127
178 99
65 41
55 9
198 153
104 120
55 197
9 185
83 178
112 128
107 26
45 155
29 136
36 35
10 153
31 195
150 159
164 107
191 120
43 150
142 140
48 185
124 71
77 55
53 130
7 191
127 83
196 20
106 118
83 185
130 193
145 36
152 168
198 137
63 112
3 28
166 168
140 45
130 178
52 35
74 155
189 45
83 74
9 16
90 124
10 104
71 20
199 174
84 159
43 198
178 106
197 127
74 71
51 95
199 26
8 31
136 35
155 102
85 83
94 52
155 132
175 196
77 83
7 29
135 47
29 196
84 7
118 51
191 174
24 166
175 104
149 174
65 149
124 112
108 126
28 108
55 189
189 108
189 35
55 134
150 126
90 132
193 96
49 174
35 118
196 85
26 155
71 159
199 102
127 52
19 153
144 26
52 118
17 3
117 17
136 120
77 142
195 7
145 16
77 198
28 140
136 104
168 3
66 55
195 130
137 35
181 43
154 41
140 60
43 117
106 9
96 77
49 145
166 7
118 149
107 18
7 155
48 176
174 53
107 35
49 71
198 118
147 144
45 24
102 16
95 106
41 96
43 29
193 90
154 144
120 55
41 3
128 74
102 8
134 137
17 24
132 29
191 180
132 17
126 147
55 137
19 17
77 124
71 17
140 104
124 147
117 84
149 154
117 96
149 140
152 83
59 29
193 83
140 189
145 168
153 65
26 16
127 140
74 152
112 175
136 111
96 31
9 107
174 178
7 175
193 196
106 152
45 5
94 140
196 102
135 16
112 47
53 35
31 90
16 45
174 95
101 48
135 137
101 58
104 137
198 96
41 19
161 198
88 118
168 60
28 175
144 159
198 52
120 19
135 84
127 152
171 128
176 3
195 74
117 189
111 51
48 144
90 51
178 171
16 159
52 95
52 5
168 47
60 136
77 130
83 104
145 88
7 181
128 88
176 28
142 117
132 47
140 59
31 136
60 36
106 90
120 58
180 159
66 95
128 199
104 150
185 96
85 134
51 94
31 47
53 43
104 74
45 196
53 31
106 20
36 84
58 130
193 94
150 164
136 142
178 90
24 63
95 185
166 99
118 155
66 24
10 154
52 58
195 185
90 16
58 35
150 107
181 154
112 189
112 176
48 24
26 164
178 197
120 137
65 196
166 137
29 159
181 161
10 111
111 134
19 135
198 8
10 77
102 43
164 117
164 74
198 85
47 85
180 5
59 85
102 31
31 3
28 199
58 5
193 102
117 137
18 77
145 144
126 128
9 99
51 10
26 147
145 104
74 196
112 43
53 84
10 47
185 31
147 149
120 20
191 112
17 145
66 29
84 51
118 130
17 94
111 112
107 19
18 142
192 120
9 19
152 161
150 154
176 134
196 145
147 192
51 29
189 18
135 181
185 106
19 16
140 49
47 9
147 66
59 180
159 3
126 191
117 49
111 88
134 142
153 159
17 175
134 154
147 29
124 150
43 28
107 171
52 59
5 120
127 90
126 99
126 17
104 196
137 180
189 51
83 45
104 3
197 130
85 101
36 9
199 106
88 171
198 120
52 71
55 198
45 18
159 60
175 107
88 77
189 49
171 55
83 41
108 136
8 45
108 185
107 154
88 99
49 166
20 16
196 53
140 178
147 65
181 26
120 74
124 26
137 58
88 31
104 8
152 102
20 195
108 120
140 152
90 95
166 171
48 94
65 77
142 147
178 18
31 120
149 153
181 9
149 43
58 10
28 193
19 66
45 124
118 18
150 166
101 181
199 36
135 36
185 41
10 107
10 189
168 178
63 153
35 197
48 7
144 52
10 136
107 106
24 60
130 175
174 144
60 117
198 117
102 59
5 43
36 41
104 135
137 94
59 8
63 176
137 193
124 134
19 95
53 198
171 63
53 154
53 95
5 24
74 99
108 3
124 5
47 181
140 164
41 142
5 77
127 155
145 124
178 136
104 16
197 53
159 168
164 149
118 53
117 118
137 153
164 94
168 66
77 53
192 47
154 8
24 189
29 48
108 47
124 161
197 126
161 196
195 77
164 195
85 29
7 20
3 24
90 5
153 128
102 144
18 147
195 142
198 36
94 189
154 137
106 104
63 149
65 117
130 136
28 77
83 71
19 90
117 28
145 3
128 29
185 55
65 28
144 77
99 29
16 174
127 17
63 154
193 17
136 155
41 29
107 58
128 198
83 51
168 59
88 36
74 132
192 195
59 90
136 9
106 16
195 181
51 36
36 153
96 7
48 106
9 191
85 8
159 94
199 48
130 18
19 18
136 195
17 55
53 104
59 49
36 96
107 180
49 41
29 191
198 135
159 192
48 20
140 185
140 71
176 171
20 117
185 144
198 145
35 166
26 53
90 94
47 126
149 161
28 96
101 149
85 135
88 83
51 120
45 53
145 199
71 45
77 47
191 3
102 140
95 152
145 132
63 107
153 161
10 52
196 60
180 28
181 51
132 193
155 55
166 164
176 168
149 197
59 9
3 52
90 126
192 19
53 71
60 106
154 195
74 117
63 175
51 175
41 166
108 84
8 150
106 189
128 161
28 47
9 112
147 191
96 90
55 29
149 124
181 126
7 147
83 161
47 130
71 63
19 28
29 181
43 140
43 94
107 45
132 102
178 189
101 88
20 191
104 90
65 132
112 144
142 74
134 164
164 142
102 18
153 127
35 108
20 5
137 145
155 111
28 111
16 191
166 88
120 127
99 102
36 191
185 60
181 147
99 189
90 164
94 181
90 197
8 71
18 185
112 20
196 35
53 150
83 196
144 107
18 111
90 3
104 47
63 45
132 51
161 74
147 185
118 90
150 197
132 142
24 52
178 195
199 198
49 65
51 24
84 132
128 106
60 175
176 127
136 176
9 193
175 19
20 43
74 31
20 118
108 132
126 104
17 189
88 180
18 145
171 154
126 145
83 5
199 175
192 126
16 192
149 28
94 41
168 108
96 99
189 71
155 142
185 149
176 88
149 166
36 48
63 49
95 104
174 35
3 88
164 193
181 118
3 111
147 135
153 52
66 155
19 149
128 180
55 111
189 171
77 71
60 171
154 168
41 191
7 197
178 181
108 77
58 195
197 74
142 28
10 17
43 185
77 51
85 51
191 94
43 59
84 118
60 199
47 3
58 77
5 74
88 174
24 59
185 132
168 164
168 137
77 85
94 106
31 147
153 28
191 197
66 198
134 71
120 118
58 150
19 63
142 16
135 168
52 150
83 191
45 48
144 198
84 147
168 136
144 16
49 10
31 24
161 136
175 198
124 153
180 85
153 196
153 9
19 145
161 16
120 26
18 144
52 149
145 127
88 9
16 107
111 95
74 185
88 195
65 111
149 35
18 36
199 41
7 127
135 48
127 161
166 112
55 166
130 135
94 120
66 107
196 66
107 77
58 104
96 88
90 53
51 166
52 104
28 164
178 29
29 52
63 7
195 63
120 52
49 142
155 197
55 7
74 47
197 85
96 24
31 175
95 9
111 99
124 58
140 7
193 154
66 88
74 52
149 176
28 35
197 18
90 8
145 10
101 180
135 5
29 142
191 152
166 83
150 55
198 154
195 60
108 60
161 96
127 159
83 28
85 3
35 95
171 47
5 142
150 112
43 195
150 199
29 166
195 55
107 101
140 199
145 84
9 63
41 189
99 51
196 140
96 43
20 90
101 199
189 26
71 102
174 164
108 53
84 29
153 95
94 132
8 137
48 83
41 197
31 127
144 101
101 71
130 43
83 60
83 135
96 134
9 154
142 99
106 49
88 102
55 45
161 171
111 26
19 96
24 155
161 99
197 132
85 43
60 149
136 26
66 176
181 24
161 3
41 134
159 193
159 66
84 166
161 126
18 9
95 17
178 48
63 180
10 135
5 192
117 77
189 197
112 85
161 135
174 29
3 107
152 124
84 45
18 85
66 104
145 155
175 168
142 126
94 107
198 24
196 195
99 18
55 199
48 31
85 126
192 101
95 134
117 140
47 5
164 47
24 85
36 24
7 102
196 58
193 176
154 128
198 19
159 90
58 88
99 199
112 104
118 126
153 20
106 8
83 31
181 193
180 142
144 45
43 63
153 45
65 154
24 74
3 137
49 16
118 137
36 77
5 96
17 181
168 9
196 136
17 124
101 117
166 5
180 108
60 95
74 8
130 88
134 63
111 35
197 88
96 65
108 111
132 192
45 96
59 171
63 17
130 41
192 28
150 101
189 130
137 90
96 128
59 189
152 53
191 18
48 174
155 85
134 9
3 102
35 5
53 52
155 31
117 124
35 112
47 154
51 55
128 90
65 83
196 198
45 198
132 53
24 154
58 31
24 107
153 96
127 66
84 191
142 191
99 53
128 134
112 31
95 161
8 180
147 175
196 63
63 193
47 71
101 10
120 135
55 108
95 47
174 45
145 111
36 117
35 135
127 43
137 45
77 94
154 35
126 58
181 155
71 130
59 154
175 52
107 74
196 47
106 66
134 120
9 118
96 147
63 178
175 159
152 24
159 88
31 51
126 20
65 189
150 130
117 35
31 19
126 88
166 136
48 19
199 58
199 8
118 152
134 189
49 181
18 132
16 101
53 144
196 84
174 51
24 175
66 152
19 155
107 20
178 107
130 134
66 49
136 45
132 99
149 84
164 189
168 29
65 126
128 20
191 145
77 178
112 26
195 104
20 84
19 150
117 168
152 48
53 48
101 18
94 168
154 164
191 189
55 124
120 45
53 24
111 185
41 107
147 128
111 192
180 52
88 71
5 134
10 63
166 134
106 55
145 171
176 10
111 53
150 196
10 102
59 66
102 111
90 192
20 108
35 142
85 36
96 102
88 155
159 118
161 65
140 19
45 145
152 176
112 198
18 176
155 99
164 124
147 63
102 181
155 65
197 171
16 59
154 126
28 71
3 48
159 185
161 63
171 126
58 128
28 161
99 197
175 181
26 102
36 28
181 16
199 130
104 60
112 65
84 83
149 18
17 154
41 132
153 145
3 65
147 53
124 108
58 3
47 7
142 168
26 36
199 137
49 153
152 108
71 104
104 199
193 152
29 9
149 136
132 180
43 171
16 117
48 196
176 185
159 96
136 52
58 71
9 152
178 24
197 174
83 164
176 99
153 26
132 83
17 16
8 10
112 66
106 168
193 52
95 150
153 144
77 145
137 155
111 20
134 8
7 180
19 127
196 130
65 74
174 74
8 60
96 16
60 51
174 168
58 175
28 31
95 41
117 88
144 135
