200 10000
13 155
52 64
143 27
52 151
183 39
144 12
91 174
182 67
91 117
7 70
134 21
32 179
50 127
164 46
85 38
56 15
183 165
149 179
111 20
75 166
96 152
197 68
16 125
88 191
115 25
96 53
110 132
90 151
120 157
124 185
16 73
51 30
28 89
123 193
54 27
22 112
175 36
149 37
19 185
5 159
169 107
133 89
93 62
76 12
72 25
144 171
75 47
123 70
84 156
87 146
148 191
88 64
88 166
51 162
108 176
134 47
172 166
84 15
148 1
130 67
41 136
41 53
187 180
196 132
84 60
77 118
51 99
84 11
88 150
22 153
197 119
177 97
58 27
143 81
134 112
56 83
111 151
34 161
3 104
90 107
170 180
186 46
77 10
32 68
76 129
175 47
169 171
56 57
93 1
197 89
84 173
19 167
123 23
91 155
120 107
186 89
189 141
134 31
122 131
28 70
7 185
58 12
32 95
183 161
142 191
170 45
44 145
19 89
142 15
143 159
80 78
41 57
3 31
182 166
105 55
52 107
90 157
72 112
80 10
140 95
61 118
32 106
69 30
110 167
130 35
69 171
164 14
24 97
177 117
93 48
113 151
138 1
183 83
29 12
102 147
187 171
116 57
32 81
5 152
142 121
71 185
154 118
19 121
187 73
26 33
133 147
196 55
28 97
194 176
197 39
181 155
87 2
111 21
142 106
183 195
108 151
186 37
71 171
22 139
114 139
182 33
92 46
94 57
29 60
154 193
88 106
123 35
56 179
148 159
42 67
181 82
13 73
85 62
172 107
65 25
77 73
28 158
140 145
182 167
43 180
116 95
80 198
71 167
59 55
114 66
40 125
170 48
192 12
137 63
126 157
80 99
59 147
182 21
77 1
126 38
192 20
71 79
114 63
80 156
105 60
90 121
98 39
149 39
76 136
122 198
43 25
160 6
108 195
5 112
42 63
80 136
113 67
13 156
91 21
164 167
3 176
65 99
178 107
17 57
169 53
75 145
170 97
59 1
177 74
170 139
105 31
148 104
197 64
172 119
186 21
52 156
181 121
164 127
3 167
58 95
124 153
122 119
168 199
172 180
65 136
80 163
128 53
32 37
175 118
116 157
114 46
105 25
116 193
135 46
19 139
40 174
16 151
22 31
76 68
111 129
122 62
111 14
109 173
7 150
196 161
44 79
194 10
69 117
54 117
34 37
19 176
92 132
123 15
128 27
113 14
16 184
34 35
175 131
105 83
144 119
80 57
183 129
100 173
4 191
182 48
149 53
177 27
183 127
85 68
50 63
87 18
3 103
72 174
188 165
86 20
135 118
154 139
134 159
43 14
105 162
160 35
75 193
123 79
29 166
140 70
65 57
17 6
178 129
148 6
168 163
8 129
181 136
197 158
87 167
87 9
3 11
3 12
16 23
102 167
43 161
51 106
128 99
4 155
188 146
124 129
16 27
69 191
77 89
92 20
115 74
138 200
91 167
187 121
84 82
28 107
109 15
26 15
169 9
188 18
61 184
170 147
115 36
138 46
58 125
126 152
137 37
128 152
4 68
61 20
140 68
178 60
122 31
7 136
98 27
75 64
71 11
190 159
130 200
42 27
116 139
192 11
29 45
116 103
59 139
194 171
90 171
187 18
44 99
113 68
108 97
187 147
111 70
69 132
94 198
42 199
24 31
92 165
94 6
134 45
13 107
149 121
76 165
140 67
192 82
160 163
105 30
188 99
183 174
58 18
41 39
59 199
54 141
28 166
8 2
122 36
50 101
93 89
41 193
58 104
192 146
194 36
40 21
4 39
91 199
194 27
137 153
188 83
169 195
189 176
8 117
91 200
178 83
71 38
135 101
182 12
133 198
178 95
164 173
120 184
91 185
72 132
71 145
148 47
124 1
69 53
17 129
160 199
189 21
76 107
7 146
98 179
75 125
181 171
177 57
4 79
109 158
17 1
120 145
61 107
196 63
154 147
77 9
29 199
102 82
44 37
77 131
181 176
58 73
109 63
88 89
40 180
148 49
120 78
190 174
100 145
92 106
138 127
76 74
197 162
181 57
196 6
40 191
126 184
134 23
170 191
40 89
3 145
169 11
120 131
26 47
65 20
154 199
187 198
138 198
182 25
65 167
71 162
96 156
59 162
186 159
61 161
133 21
7 117
17 25
54 6
114 199
59 121
24 1
113 166
130 78
29 173
50 163
40 158
75 99
178 198
41 200
186 171
76 64
93 25
41 195
160 1
80 47
105 101
76 191
44 104
181 158
114 73
93 162
24 2
187 60
50 60
22 45
105 89
116 117
51 18
192 158
122 112
183 6
4 112
17 15
50 78
115 55
87 6
50 37
75 46
109 166
168 68
160 176
142 23
154 167
56 36
28 67
196 78
135 38
154 2
29 9
142 145
111 64
92 145
52 176
192 67
108 18
75 157
72 156
189 161
86 49
41 127
187 70
69 162
54 36
4 171
194 104
16 33
196 155
59 30
86 60
177 179
50 155
76 119
190 21
54 106
28 119
177 81
24 159
86 180
94 25
177 165
130 38
94 31
51 176
8 95
186 118
102 35
143 37
116 199
8 141
188 78
105 35
126 174
85 25
3 53
22 11
54 176
90 158
76 162
100 152
124 48
126 74
65 151
98 156
102 30
143 1
65 117
177 15
160 106
59 12
3 159
160 104
186 74
65 125
72 20
86 81
126 68
29 81
5 118
44 153
143 97
168 125
134 131
77 163
59 165
138 191
149 55
80 97
138 39
32 23
94 99
192 165
108 68
197 62
187 112
40 78
110 106
50 157
137 166
28 48
128 48
170 66
124 49
175 11
44 66
52 131
51 39
144 147
40 97
92 173
96 117
134 195
86 82
85 49
93 57
28 30
133 27
160 10
8 74
96 180
17 63
178 45
40 82
122 173
7 18
94 146
160 136
96 179
110 136
75 117
124 82
94 176
61 99
154 68
197 78
116 152
44 171
133 193
59 79
187 79
187 35
186 11
189 60
90 200
190 46
172 141
164 39
87 163
29 10
52 199
3 193
115 159
69 145
59 9
192 2
41 21
144 11
113 99
175 179
111 198
116 33
86 117
113 161
109 66
115 184
122 158
177 78
88 125
52 1
41 60
148 15
170 200
113 15
175 25
123 55
140 6
189 127
114 10
65 62
108 131
80 20
17 95
181 103
197 23
102 159
183 82
54 21
24 48
190 184
110 173
13 131
197 157
143 83
130 11
102 198
85 48
144 27
88 39
86 15
96 2
154 95
144 67
128 37
109 163
170 195
196 99
130 195
86 1
28 27
164 155
4 64
61 166
144 23
29 11
85 195
56 21
130 199
19 153
154 119
69 179
52 47
160 67
17 150
188 139
130 185
17 163
102 193
128 184
164 70
76 63
72 157
91 36
76 151
24 10
80 49
98 158
5 53
183 193
71 18
19 12
84 79
113 185
16 159
140 101
51 35
178 131
51 179
3 132
169 151
42 15
113 97
175 38
75 10
148 195
43 152
93 151
32 31
43 167
87 39
134 104
143 139
120 150
130 171
96 161
188 1
69 25
144 155
142 136
59 73
59 156
58 176
56 55
61 157
189 125
58 57
116 119
142 165
84 36
98 9
124 78
111 36
187 161
71 184
183 125
187 185
115 1
188 198
3 2
102 136
90 156
43 147
98 152
59 129
77 31
59 176
71 125
17 155
85 157
69 173
168 81
56 63
144 152
43 20
175 83
126 46
192 9
61 89
116 6
26 70
16 158
113 55
88 180
175 33
91 38
94 15
196 18
126 146
168 158
172 57
84 104
194 47
5 70
19 117
169 179
17 141
93 63
91 151
71 165
135 99
172 2
181 199
88 46
100 73
123 125
123 174
100 10
40 184
148 165
40 60
84 166
196 46
135 81
75 159
137 165
148 131
189 33
88 127
130 63
140 47
130 48
182 193
142 139
22 195
86 38
24 150
170 12
40 155
59 35
98 2
160 147
16 15
8 193
88 185
113 1
140 63
51 156
178 82
8 153
8 60
189 106
126 30
170 30
187 103
22 150
183 81
197 6
113 70
88 49
138 47
126 193
194 150
17 118
115 146
51 25
17 161
143 63
69 195
148 152
192 38
56 145
77 45
59 38
19 11
140 153
90 11
92 47
32 136
96 139
168 57
24 99
123 62
85 153
100 161
187 95
34 199
34 139
194 159
177 118
140 15
13 74
168 10
130 82
178 132
85 12
181 99
41 31
93 83
34 89
186 174
122 141
111 10
160 193
72 38
186 66
181 191
91 60
28 81
75 151
91 1
32 25
92 74
4 153
90 10
196 107
43 156
22 103
177 48
98 200
28 79
160 161
50 15
178 70
124 193
114 166
126 15
168 131
138 82
65 95
114 33
100 157
77 161
93 173
169 38
134 156
102 112
124 117
52 117
44 179
29 36
40 153
190 18
13 63
110 103
154 46
92 18
77 47
71 158
24 67
123 106
128 141
40 156
51 132
138 151
24 166
41 66
76 155
32 82
94 14
126 101
134 53
164 82
5 162
130 167
56 112
108 11
133 9
90 195
7 199
32 127
120 97
111 167
194 151
44 60
32 121
186 1
137 184
170 151
7 95
102 141
135 136
130 103
3 97
84 136
17 27
61 152
85 141
92 156
84 64
34 145
5 195
186 64
170 150
88 155
170 121
77 106
71 174
124 104
120 195
65 132
144 141
24 62
188 153
110 159
138 162
88 103
130 49
72 173
169 174
196 21
77 64
94 104
181 15
138 146
51 83
128 83
192 119
189 131
169 162
137 25
72 6
126 47
93 36
144 6
84 45
24 35
85 166
120 101
133 200
177 53
178 112
91 23
110 139
181 14
7 173
142 193
149 74
140 25
114 136
4 119
96 66
109 125
149 60
113 21
29 37
7 68
154 184
108 179
13 118
148 176
111 89
186 161
4 30
196 70
122 39
5 36
16 103
86 112
5 147
154 121
44 150
186 38
87 195
149 147
143 39
16 55
41 166
71 81
182 162
84 152
5 179
59 47
58 162
58 156
98 107
122 185
177 1
50 195
100 60
76 20
137 68
172 82
42 12
175 176
105 150
88 62
72 30
8 136
110 118
149 141
32 174
65 82
17 173
41 23
19 31
87 38
19 66
190 25
170 101
164 157
75 23
28 117
114 162
91 158
148 145
92 37
114 150
80 36
182 37
160 173
128 125
17 20
188 47
143 150
43 157
178 1
24 184
172 1
34 14
108 39
22 83
51 185
182 78
133 82
128 74
175 12
168 151
154 155
92 153
80 199
168 132
94 162
58 20
72 158
164 106
160 145
149 81
169 39
26 53
187 23
168 89
148 153
13 64
54 97
96 74
56 62
189 174
43 159
189 57
59 66
137 67
34 25
4 184
122 70
172 21
142 66
69 158
169 106
181 60
61 39
61 81
160 153
84 39
4 60
22 119
77 173
142 9
52 97
143 174
58 101
168 97
84 159
7 27
102 89
181 78
111 27
110 180
22 132
87 153
169 125
196 121
124 159
32 1
164 141
61 31
172 99
13 15
91 68
190 36
50 20
124 127
72 64
84 9
175 45
143 158
130 147
87 184
113 121
7 127
52 155
88 112
110 155
28 193
22 30
3 171
86 159
189 104
126 180
94 49
28 104
137 21
194 89
93 55
90 2
194 167
186 199
5 30
154 162
44 200
169 112
90 60
114 97
13 20
133 118
123 83
188 53
84 155
24 20
22 167
183 150
7 23
109 47
135 31
56 162
88 121
17 53
196 151
133 191
17 176
41 6
84 20
137 81
100 83
24 121
32 165
123 74
188 36
108 103
29 171
22 38
113 173
133 14
183 163
19 79
56 1
137 159
105 27
111 66
122 38
190 147
41 118
148 38
85 174
61 158
43 158
111 30
116 176
44 53
142 125
19 129
61 155
8 73
92 55
56 152
71 153
44 165
87 117
133 185
182 9
96 23
137 200
143 12
59 104
44 141
54 48
94 35
149 82
109 35
186 36
75 139
44 191
51 12
40 152
34 191
148 31
122 23
149 119
177 18
111 15
168 145
43 38
91 31
126 145
43 73
175 147
19 62
144 60
72 10
26 101
169 103
148 179
154 35
196 20
143 167
111 82
154 131
4 48
52 153
92 176
80 35
98 1
5 23
197 132
3 48
44 159
189 167
160 25
187 162
3 141
115 179
128 6
40 193
124 125
72 145
87 21
29 70
142 14
32 193
98 37
126 127
40 95
16 6
50 45
115 165
87 46
115 48
124 14
87 63
182 62
122 57
43 78
32 18
77 112
177 101
137 106
77 117
124 2
114 67
22 81
113 152
42 97
128 131
92 82
40 99
194 141
61 66
143 11
164 152
110 31
34 150
109 193
177 167
188 31
196 23
182 27
102 38
175 73
110 74
43 68
54 66
65 10
108 146
86 195
56 155
77 62
189 158
98 146
90 131
17 31
41 146
142 161
172 174
110 191
190 30
91 99
56 78
52 81
183 173
149 158
88 141
42 103
93 47
135 161
58 157
142 27
8 20
128 39
128 153
175 151
87 68
177 193
197 35
26 78
65 158
143 62
190 166
172 104
168 155
100 21
111 136
22 166
58 48
72 67
105 63
61 150
149 25
84 47
109 73
183 18
76 53
13 151
71 68
32 150
71 131
135 158
5 184
75 129
123 63
100 53
115 157
194 30
168 67
110 198
168 101
93 145
142 63
43 46
4 78
43 129
75 57
44 48
76 153
124 10
177 151
115 162
170 184
181 119
80 9
58 9
32 151
100 158
175 152
7 38
24 66
192 198
126 95
92 161
115 139
116 153
85 161
110 55
5 37
71 132
28 78
140 167
72 99
143 64
28 131
148 18
130 139
91 119
43 9
59 166
123 131
120 147
120 176
51 82
175 174
17 74
160 157
24 47
90 106
8 156
130 157
40 129
44 121
96 166
54 132
71 39
72 97
13 119
113 125
72 104
133 158
61 162
189 101
170 25
105 184
4 14
133 79
69 47
54 47
102 70
116 146
44 152
196 60
154 99
93 158
189 49
164 66
34 64
98 198
34 167
77 66
52 49
186 55
58 55
115 200
142 103
188 68
51 125
182 79
143 173
5 198
160 151
92 180
42 38
80 184
192 73
42 23
58 121
98 145
100 35
80 103
164 103
128 66
91 47
56 119
111 6
182 198
105 200
182 70
85 37
160 165
126 64
44 166
154 73
28 167
120 165
128 11
133 101
109 195
154 74
128 68
169 73
3 166
102 153
114 151
69 95
197 118
7 30
154 31
88 119
196 163
164 11
91 145
182 104
17 18
61 104
32 36
56 18
137 162
187 49
177 127
111 145
24 117
92 53
50 12
75 199
138 166
130 97
59 48
149 27
56 45
196 25
154 156
65 127
88 101
181 9
187 14
126 166
128 9
56 161
192 63
26 66
190 70
114 89
51 127
43 198
72 73
137 1
148 157
135 132
170 10
19 82
85 146
44 46
50 129
65 157
189 46
94 158
188 176
192 74
43 193
26 30
16 112
16 79
108 10
24 49
188 151
133 136
128 171
76 62
143 55
186 60
113 63
138 176
58 161
26 184
51 152
42 66
92 129
149 106
5 27
28 191
190 139
80 195
65 35
181 162
109 36
84 131
7 14
88 68
24 152
124 152
122 49
110 79
113 184
187 1
52 171
109 95
91 136
88 10
85 83
85 31
164 165
5 60
19 37
137 180
7 200
61 179
138 132
172 36
181 73
137 145
188 158
5 171
56 153
86 14
188 6
58 152
34 117
177 20
40 47
116 36
28 12
8 174
134 64
109 180
5 68
126 83
137 101
29 33
189 129
140 103
144 46
86 23
148 161
109 157
183 33
128 14
32 64
51 20
135 66
190 107
178 30
102 103
133 171
61 62
75 6
177 174
130 119
59 15
7 180
169 191
160 129
41 174
3 25
109 146
178 119
59 68
126 53
69 176
175 70
8 33
54 195
71 49
80 37
120 27
126 25
90 14
13 10
189 107
41 158
194 147
138 112
65 68
16 200
77 180
111 104
24 163
22 106
65 146
109 82
143 67
113 45
113 199
194 14
91 78
142 67
29 161
116 20
52 11
116 97
140 125
181 81
42 1
54 159
87 131
148 66
170 158
8 112
75 11
91 171
138 79
17 48
115 193
90 99
122 81
90 104
59 155
58 146
122 45
142 117
115 82
138 74
120 174
69 39
29 146
50 64
65 55
135 95
148 121
50 146
144 74
183 63
24 70
3 155
8 37
8 30
109 12
77 70
44 78
88 198
175 200
164 36
40 112
3 73
115 191
178 74
187 66
138 158
44 97
130 150
135 9
93 53
178 127
196 129
116 67
124 21
88 74
142 101
144 200
13 53
13 136
137 38
77 48
115 68
26 157
105 39
56 64
102 12
90 145
22 163
128 158
172 165
123 198
41 157
61 156
7 49
90 47
24 23
186 119
175 158
111 74
196 112
133 49
111 132
175 20
16 36
4 21
91 184
194 165
182 152
187 139
194 37
182 20
109 46
111 127
43 121
93 6
85 46
178 101
194 70
123 150
52 79
98 104
59 103
113 39
34 57
134 1
110 63
8 121
52 74
192 145
16 39
28 1
160 45
128 200
19 45
71 199
169 193
102 129
188 119
172 95
5 166
72 95
42 158
7 83
134 46
8 157
69 64
113 53
17 151
114 35
190 180
183 74
128 20
138 145
138 174
115 119
154 38
61 127
169 101
102 155
75 121
71 30
42 101
120 45
75 53
144 158
43 199
124 15
40 198
110 33
86 165
92 193
85 151
93 101
120 55
86 83
86 129
116 150
142 33
76 95
32 30
29 159
72 199
108 78
182 180
59 2
181 68
188 118
170 73
50 118
130 166
189 117
169 167
175 101
52 147
122 68
22 176
19 119
190 103
77 38
188 184
34 107
96 200
87 171
186 27
41 129
113 107
120 23
69 106
114 70
92 150
120 153
16 83
13 78
190 82
71 155
190 119
126 21
113 153
22 82
186 101
26 107
105 147
115 95
183 112
61 176
100 185
4 83
192 117
77 193
51 180
126 139
80 53
175 82
77 121
29 79
51 6
194 125
86 155
32 27
102 18
88 18
164 121
54 147
86 167
3 101
133 70
135 146
56 158
172 173
137 99
115 132
137 136
105 47
16 12
3 81
3 112
75 112
168 6
50 89
91 53
34 38
22 145
122 153
32 9
87 179
110 185
94 23
124 97
71 57
128 95
123 6
58 89
120 49
29 118
189 82
105 146
58 78
13 184
17 198
22 60
88 107
51 62
69 125
105 139
113 127
100 159
130 117
90 152
188 74
56 139
182 97
178 166
65 70
13 193
98 38
34 165
8 1
177 64
84 18
133 125
98 23
140 18
24 153
96 37
181 97
114 195
96 99
92 67
135 152
50 23
178 103
169 139
108 101
44 23
140 127
140 78
52 73
168 166
26 200
168 20
80 159
72 146
94 55
3 21
134 33
29 21
102 47
7 156
94 195
105 199
105 45
164 193
91 18
130 57
123 14
17 67
41 119
5 1
34 9
126 141
71 48
26 118
186 62
196 74
54 180
96 119
41 82
24 157
187 118
140 150
182 46
172 62
111 200
61 198
13 25
197 131
149 70
19 104
111 39
54 53
168 35
168 23
77 107
175 68
148 39
140 62
85 198
42 125
8 49
109 107
187 158
181 31
40 200
26 79
135 103
88 200
114 81
181 173
111 60
52 173
8 200
137 89
29 103
92 45
61 193
24 30
44 30
114 64
87 103
114 158
149 67
56 60
32 45
51 103
58 139
65 9
71 35
28 165
44 70
120 18
96 45
196 38
41 141
50 35
169 163
144 18
87 118
110 104
187 31
190 95
42 136
172 79
100 129
17 62
90 55
188 89
110 151
50 121
76 18
90 112
98 25
116 106
76 176
188 195
52 118
8 89
41 163
115 70
100 139
87 101
135 147
160 159
59 174
52 162
87 199
102 127
8 66
19 97
41 47
109 74
16 106
181 6
177 195
41 10
16 20
137 174
52 21
189 151
189 15
24 33
76 35
135 174
123 147
128 193
182 155
175 35
42 173
80 200
186 136
138 121
148 199
100 18
61 12
140 49
175 64
92 199
90 46
94 79
177 153
134 191
54 49
59 39
94 78
75 185
24 165
164 15
4 67
144 47
110 39
29 104
142 30
190 37
113 38
178 46
29 20
190 157
88 146
110 2
22 66
51 27
186 12
120 106
140 74
69 163
43 103
65 191
102 132
77 200
19 10
169 95
138 97
192 37
32 129
80 180
8 147
189 27
110 150
87 57
86 9
154 10
28 33
94 101
50 31
50 199
52 67
71 83
194 153
128 180
196 62
94 106
154 66
94 199
169 18
85 45
96 67
13 67
28 174
16 1
126 179
16 21
109 37
114 20
140 97
77 141
54 184
8 118
4 97
169 49
52 146
29 18
189 166
109 176
154 47
94 180
128 150
94 184
105 152
172 157
24 136
56 185
93 195
28 157
115 99
56 66
109 162
3 27
94 179
192 156
172 35
40 166
52 36
182 63
128 139
41 152
130 151
116 141
91 95
142 79
133 104
41 45
130 30
72 21
109 155
44 89
96 11
175 95
178 33
52 83
96 81
76 11
148 89
51 184
130 104
3 161
92 174
181 47
109 53
59 145
168 12
134 39
168 30
134 9
149 1
75 184
98 155
134 20
92 30
120 63
75 63
108 33
134 200
113 191
17 66
87 33
135 157
188 12
134 162
115 173
194 161
182 159
116 39
160 125
111 12
188 185
61 121
149 156
42 107
26 12
170 18
137 6
42 11
148 63
160 150
52 20
61 64
113 31
196 125
134 136
126 2
24 57
13 139
144 156
65 63
54 101
8 163
133 64
143 195
123 136
138 81
116 23
194 49
182 199
140 104
134 127
41 99
178 159
154 79
115 37
148 99
43 79
197 195
59 200
85 150
194 45
43 31
120 64
124 139
181 195
154 195
84 46
90 132
143 147
77 156
52 99
19 173
190 185
120 163
142 195
100 25
65 176
28 45
54 107
172 53
40 2
84 117
85 20
189 18
80 117
8 99
80 179
88 14
16 35
29 2
22 20
115 176
50 48
111 191
50 131
100 136
133 62
160 117
13 166
164 27
7 74
194 39
126 6
178 171
126 18
29 89
92 185
169 153
71 101
85 95
135 145
115 33
124 18
58 191
44 62
113 167
128 185
72 78
181 37
122 9
50 36
80 106
160 74
34 55
3 121
186 132
113 48
142 199
114 36
144 166
52 25
26 36
3 107
194 9
143 129
54 37
22 67
177 162
144 125
72 139
61 1
197 30
96 145
3 117
142 131
175 119
108 185
13 23
134 150
93 163
160 166
183 73
4 70
149 63
42 10
80 127
19 151
192 132
84 163
51 171
3 184
7 15
188 103
197 63
124 89
34 193
29 30
24 95
61 10
189 200
65 147
134 185
144 106
108 83
100 37
80 63
169 46
128 15
137 46
56 174
187 46
190 141
65 145
133 176
183 14
92 103
120 6
16 9
86 78
8 145
5 12
149 36
93 15
186 33
61 30
90 73
192 60
26 60
96 176
7 46
133 20
182 131
26 31
188 180
13 97
148 118
7 191
26 193
172 153
170 49
72 161
76 45
122 74
178 81
43 10
4 33
126 9
170 47
143 118
143 179
3 179
34 82
76 146
134 78
52 121
43 83
164 161
194 198
75 200
190 6
175 198
4 174
134 67
54 35
16 129
77 37
77 21
120 83
16 163
115 23
137 161
71 176
194 97
90 176
175 9
137 83
34 53
113 89
133 12
115 161
5 82
90 163
87 70
189 35
84 129
86 67
148 180
4 57
3 6
41 132
96 89
149 30
170 106
52 104
108 2
24 79
94 132
194 46
186 68
169 173
149 195
172 179
102 23
143 25
102 139
76 23
189 81
177 36
13 31
5 78
133 48
72 57
44 173
22 184
86 162
77 49
154 107
133 99
88 162
84 106
197 83
71 112
111 97
181 200
164 55
65 15
126 45
93 129
19 191
154 104
3 152
44 45
123 39
26 145
84 14
69 82
93 198
54 2
26 139
128 82
196 145
75 67
86 104
69 141
51 10
40 161
29 101
8 45
149 185
42 14
34 36
137 118
194 195
77 6
108 198
142 62
172 161
7 10
192 171
71 180
90 30
91 147
143 146
188 2
87 121
172 184
168 117
182 68
7 2
111 155
197 127
13 145
40 20
113 179
102 156
170 89
102 83
137 132
115 141
172 163
108 139
110 66
93 21
94 191
188 63
190 48
80 165
140 162
189 9
169 62
160 73
160 11
42 36
120 53
28 162
135 199
42 48
69 180
183 103
148 48
32 117
32 132
54 156
170 125
183 47
142 57
111 2
123 179
134 141
192 99
71 200
29 162
172 11
188 10
183 66
19 147
40 27
69 83
98 132
34 45
114 141
178 6
160 31
186 73
54 173
120 136
170 70
170 9
149 125
87 53
51 131
56 48
72 63
16 97
69 147
13 60
164 49
100 38
8 101
94 155
50 191
32 145
91 46
149 47
93 131
149 174
59 185
148 9
187 107
187 104
40 162
142 156
124 73
100 78
144 38
160 191
168 9
19 63
142 152
72 55
5 174
93 165
13 45
92 107
13 171
75 20
56 118
19 125
182 139
93 74
19 68
71 46
58 21
76 167
130 60
40 70
196 195
122 66
86 145
178 146
140 31
109 152
182 146
5 14
32 173
142 18
93 20
77 139
170 39
42 141
94 63
8 46
72 101
40 185
17 46
135 45
186 2
87 152
149 198
5 46
196 174
194 184
7 78
135 57
102 166
75 37
98 174
168 198
170 156
72 171
169 33
8 171
51 38
109 62
154 57
44 11
69 49
105 53
43 166
24 200
93 106
137 103
137 179
181 106
76 125
169 35
58 167
135 14
135 127
91 173
42 146
91 104
122 117
105 79
144 21
29 106
19 14
137 152
26 121
76 30
76 159
122 155
43 107
102 6
29 74
144 173
92 49
175 146
123 49
85 185
133 11
87 78
84 147
85 136
13 159
42 68
140 79
108 95
52 125
8 53
122 20
5 47
140 184
122 127
149 21
42 33
130 153
59 99
181 62
22 1
28 62
40 15
105 157
87 141
96 125
58 33
69 136
34 129
177 82
164 163
130 132
133 73
34 106
183 159
34 151
178 49
126 147
17 83
28 156
86 161
126 70
196 30
26 27
16 14
88 129
32 35
90 119
90 95
108 174
109 129
143 171
116 35
188 79
72 151
4 195
189 147
80 147
77 147
105 33
192 81
170 159
59 81
96 155
183 200
172 37
120 121
13 191
61 171
58 35
29 131
59 67
140 64
102 27
3 163
114 25
16 49
69 107
3 95
50 25
69 60
90 173
143 104
111 162
197 79
126 150
16 47
144 132
143 10
28 74
5 6
175 21
122 139
94 159
182 14
5 121
8 158
133 36
143 163
28 46
58 165
154 101
142 184
186 157
85 15
5 156
154 89
5 117
160 132
177 62
86 163
143 156
94 46
32 118
8 21
19 107
102 152
75 66
24 156
116 180
116 31
42 153
194 136
54 57
84 157
34 31
84 141
41 73
98 171
86 198
138 6
183 2
100 63
26 103
124 25
26 156
52 9
138 141
71 191
177 12
181 104
59 45
91 66
196 82
120 139
86 158
123 191
183 11
109 165
102 49
186 146
90 199
3 38
172 112
164 60
72 127
75 136
16 48
50 30
123 121
126 199
42 191
194 57
34 2
96 73
183 185
56 99
186 165
148 81
115 79
197 150
189 39
85 199
32 62
108 89
178 78
164 83
54 62
172 78
75 31
188 33
178 62
105 153
24 174
178 152
188 162
88 95
96 97
108 193
61 49
110 163
52 179
50 79
108 157
59 83
192 79
133 25
154 27
34 47
111 99
91 35
5 83
98 70
183 27
190 78
61 174
169 60
144 107
196 1
105 107
168 31
91 162
135 173
26 163
44 129
84 145
17 68
186 163
3 136
86 171
86 74
124 151
69 198
172 47
164 53
100 141
75 82
115 10
69 131
84 55
164 159
75 127
143 117
183 146
19 2
80 161
190 83
90 136
188 163
40 33
186 53
88 36
22 64
96 49
80 27
42 18
168 64
69 81
19 145
44 151
130 14
93 141
142 129
93 27
170 107
169 21
58 166
65 119
124 180
19 127
133 74
164 67
111 158
196 39
143 2
98 31
182 30
178 47
114 1
114 38
105 70
109 25
134 147
93 82
69 159
137 195
188 112
94 152
192 185
128 67
142 46
61 35
197 101
169 66
84 162
110 161
115 153
196 10
168 63
43 11
90 27
178 165
164 48
4 117
134 163
51 161
178 163
123 97
128 166
115 78
122 125
168 46
108 167
123 37
186 10
128 103
87 10
87 107
175 155
181 23
24 112
40 157
182 195
72 180
58 68
196 158
88 21
160 198
44 73
188 73
28 180
29 99
32 107
87 147
110 152
3 191
128 101
87 31
8 161
164 200
177 39
100 193
69 45
182 103
130 107
85 21
197 198
44 185
128 36
51 47
91 166
87 106
84 198
192 200
3 37
98 167
5 95
84 99
7 48
190 63
28 9
138 48
194 107
140 117
50 14
28 161
190 131
138 73
114 83
85 191
128 81
187 12
76 127
105 151
105 125
41 63
102 173
56 30
69 46
190 145
126 36
80 64
54 185
84 53
197 171
108 161
177 166
142 97
169 146
65 18
175 62
197 37
86 39
168 103
43 81
19 112
54 15
75 73
40 106
42 200
17 199
94 64
58 106
69 73
96 57
115 118
172 30
188 57
178 35
128 176
22 57
170 81
154 150
154 179
130 12
84 171
98 136
43 165
98 36
86 103
100 191
41 101
24 127
13 174
114 131
71 23
177 83
115 106
149 107
22 151
98 176
96 141
183 37
26 146
183 60
8 132
32 191
93 99
108 81
3 64
135 18
110 89
169 132
164 89
71 151
80 131
142 53
92 38
90 67
114 21
116 121
126 67
126 173
43 125
148 158
194 48
120 198
197 191
32 46
69 33
168 146
5 106
88 163
26 11
181 66
91 103
114 176
90 193
170 127
149 180
26 127
197 163
93 46
160 14
194 33
182 99
187 106
76 103
100 153
128 73
102 45
108 60
98 73
130 55
96 38
123 112
98 66
164 2
138 53
116 200
138 14
181 1
4 159
164 119
122 165
192 118
13 33
168 79
160 83
108 63
54 167
111 117
190 79
190 167
144 31
5 49
177 199
59 31
13 200
72 60
120 20
26 62
188 49
92 97
194 2
102 25
110 37
133 155
122 179
51 48
80 48
168 118
170 193
26 125
29 191
4 150
52 127
177 106
140 57
93 81
169 119
7 33
56 199
4 179
100 62
108 119
34 153
105 171
22 62
144 185
113 25
144 153
75 38
93 132
86 132
5 158
7 1
111 131
4 166
100 180
128 45
85 10
40 151
169 48
123 171
71 63
120 35
133 15
108 35
113 9
164 156
175 23
170 15
102 131
59 118
140 55
40 18
50 103
105 11
58 153
134 125
98 101
135 129
93 199
109 83
126 103
172 150
109 89
50 49
140 82
194 185
92 131
133 103
13 129
42 70
123 33
175 191
54 158
56 129
135 156
98 121
88 2
114 146
7 184
100 167
126 57
72 81
105 103
148 79
183 31
170 33
94 107
44 55
182 179
85 78
96 68
42 155
93 161
80 2
123 48
190 81
87 155
54 193
59 179
137 158
96 199
69 199
26 14
175 27
143 60
149 118
124 131
22 47
85 132
85 139
124 150
144 2
43 48
85 81
177 11
100 200
40 9
110 25
4 73
120 60
88 132
169 67
98 95
75 118
85 158
187 131
58 63
51 139
92 35
93 66
17 158
110 129
29 198
84 150
86 99
177 55
183 147
24 106
197 27
29 132
69 15
22 39
108 99
108 153
113 129
71 195
26 167
189 2
40 64
172 38
116 147
72 89
7 119
110 171
160 101
51 89
197 155
172 63
34 146
142 163
170 163
120 31
187 117
196 45
108 49
108 15
91 30
94 200
154 163
96 163
65 64
149 151
98 131
71 139
138 195
142 119
98 64
87 176
182 153
65 150
88 73
114 30
13 46
111 9
54 38
110 119
41 103
114 156
149 79
44 95
34 200
71 179
65 53
114 119
196 146
114 152
28 6
133 167
28 20
144 184
138 152
85 97
177 119
123 146
135 97
69 150
87 180
52 30
22 161
19 36
17 79
138 117
149 18
187 193
13 152
138 33
194 121
164 47
90 101
17 21
178 97
187 11
61 55
44 14
24 125
26 179
111 68
120 118
52 129
4 141
105 141
183 57
71 15
142 12
135 74
187 2
43 179
126 73
91 179
4 66
34 162
134 99
197 167
181 107
128 79
50 67
5 97
41 153
172 49
4 167
183 152
80 55
94 74
96 70
148 83
144 66
192 191
192 14
172 127
16 162
188 23
94 38
98 119
29 167
93 70
124 39
177 173
19 131
80 83
76 141
133 57
116 82
192 112
143 155
43 15
17 81
7 12
22 173
123 141
105 136
56 12
94 139
44 156
85 193
197 200
77 146
187 78
130 18
122 104
26 20
43 151
183 46
93 60
196 9
29 68
190 67
100 117
102 99
4 81
144 97
42 167
98 63
124 83
164 1
61 63
43 37
130 99
58 185
22 12
29 95
34 30
88 6
41 176
160 12
86 150
149 2
72 184
19 64
51 63
22 156
122 174
76 97
194 38
186 185
138 139
124 31
16 117
140 198
170 167
188 97
154 106
92 25
178 67
80 150
122 136
108 27
51 153
44 176
40 31
120 14
13 185
175 167
19 101
164 21
92 73
40 131
26 174
3 1
109 81
8 191
194 20
170 104
116 78
58 117
80 74
123 2
143 35
75 45
182 156
13 121
13 68
17 191
130 27
170 64
42 57
115 131
77 20
5 155
192 161
137 171
154 81
43 106
169 2
42 104
91 156
17 121
186 57
135 60
189 45
19 46
135 23
126 10
76 66
170 74
40 159
123 78
124 176
116 47
28 163
102 53
84 167
52 18
61 9
144 131
137 12
197 70
52 184
144 159
41 171
16 165
34 33
69 79
29 48
54 83
143 38
72 83
190 104
17 37
197 104
143 23
130 106
123 195
109 118
189 184
190 152
134 145
192 163
192 78
43 1
175 139
148 64
61 159
84 185
181 12
140 171
130 145
134 152
51 70
42 198
172 33
175 132
50 117
110 9
24 171
123 185
93 180
92 195
43 53
122 171
189 179
80 112
7 125
8 127
16 141
102 157
90 139
143 136
16 157
140 151
128 31
26 1
98 67
58 37
100 1
5 99
188 45
94 125
109 119
187 136
138 60
160 46
42 151
177 147
189 112
52 101
134 55
71 6
115 199
84 23
105 14
19 163
122 193
170 165
3 185
177 121
120 167
134 117
134 38
140 195
115 2
160 156
172 176
164 37
75 180
13 12
56 159
148 73
182 136
160 33
84 200
108 82
86 6
135 25
61 37
172 64
52 14
109 57
168 55
197 73
32 199
144 14
94 10
41 165
183 62
170 57
16 89
3 78
16 81
4 99
42 127
130 193
124 163
50 55
109 141
100 162
122 37
169 47
28 150
32 125
65 118
144 136
154 55
42 55
75 14
124 38
59 173
124 147
182 129
85 6
182 55
29 97
137 14
177 2
168 200
16 199
122 191
133 35
109 64
111 67
77 25
17 49
4 95
178 10
93 119
17 179
88 179
100 14
75 173
186 70
178 145
188 39
76 157
172 156
51 150
138 118
100 174
100 118
91 193
114 153
190 23
56 31
85 14
88 38
134 167
194 132
65 60
69 112
116 25
148 97
105 21
175 166
192 131
4 47
160 23
34 18
26 180
76 36
16 95
56 150
92 23
51 15
105 179
28 112
50 151
108 118
72 62
128 136
170 131
86 121
116 68
182 64
178 15
90 174
116 159
183 157
44 63
17 2
58 150
113 10
164 6
19 157
76 39
105 49
93 11
175 99
194 156
40 30
4 20
8 179
58 180
51 117
120 10
138 163
114 9
41 67
144 198
123 132
183 191
69 157
65 11
114 12
197 10
22 70
17 162
134 66
168 62
189 47
100 166
50 198
102 174
7 153
144 55
76 171
32 89
183 131
84 161
8 82
120 47
7 155
85 165
108 1
58 64
123 21
113 106
51 157
116 125
110 67
115 112
8 14
189 67
75 78
51 57
50 153
71 146
192 47
56 35
91 152
190 132
56 70
133 146
197 57
41 12
92 36
122 162
137 141
59 46
65 89
44 161
114 132
181 184
86 2
13 162
160 78
58 184
4 23
56 33
105 163
113 49
93 150
26 151
197 145
144 174
22 136
56 81
87 119
133 1
120 95
102 57
76 150
137 55
194 62
149 165
109 147
110 64
100 156
22 104
54 20
183 132
96 162
71 36
65 159
50 179
22 36
54 45
88 104
130 112
34 74
102 21
137 11
149 157
189 95
98 97
87 23
168 1
186 139
61 185
42 132
72 18
122 79
22 107
40 136
169 6
8 165
90 49
116 38
3 174
80 129
71 166
94 103
196 81
71 33
85 119
76 112
149 159
5 25
90 23
40 81
56 39
186 184
52 33
100 27
26 10
148 35
44 38
34 70
190 101
87 165
96 62
194 79
13 106
32 73
76 117
116 64
105 173
80 33
196 14
138 35
17 30
122 14
128 132
116 166
138 10
22 21
91 70
168 18
143 15
186 156
187 83
7 198
8 25
85 60
69 68
96 36
134 95
110 165
61 139
42 2
128 129
7 99
32 6
126 78
87 25
196 119
105 119
59 97
164 73
133 117
7 161
116 171
96 20
187 195
116 162
77 35
122 151
28 10
28 14
40 55
178 176
75 195
181 55
143 6
16 153
80 167
58 147
133 129
116 198
177 38
190 89
172 185
192 53
135 64
114 39
177 200
40 10
54 82
196 200
3 49
86 37
181 146
91 79
51 74
149 66
142 64
34 78
72 9
28 121
86 95
123 145
77 53
22 101
29 82
110 199
16 174
116 48
80 193
134 62
94 27
122 167
8 199
61 6
149 139
192 195
192 179
85 156
94 68
110 179
130 62
142 48
138 180
77 79
24 119
100 55
4 152
34 118
134 79
77 191
51 107
134 6
88 167
183 45
61 21
56 200
16 53
138 49
123 117
154 48
123 45
133 127
58 15
5 64
100 79
124 23
194 1
192 101
13 176
17 45
148 37
114 2
4 2
72 106
34 60
65 23
160 60
50 165
7 158
186 147
34 152
41 9
88 23
56 106
168 161
126 11
196 157
44 174
52 10
50 171
120 38
143 33
76 161
137 15
168 83
182 53
98 184
113 176
28 101
138 147
178 99
160 82
172 68
149 14
86 176
149 152
72 185
72 48
186 79
93 121
178 89
149 162
80 6
181 157
61 199
113 95
28 18
65 47
32 39
123 159
54 81
43 74
86 62
148 198
140 147
178 118
122 107
109 127
34 39
85 167
111 153
84 193
182 15
170 136
29 185
128 159
186 103
178 184
8 119
187 165
26 23
32 161
188 131
26 21
115 174
110 12
164 107
52 37
148 162
91 150
120 193
140 165
76 145
19 171
110 6
88 82
124 63
108 129
43 162
134 74
108 127
126 156
111 166
111 112
124 112
108 20
181 35
58 112
54 67
115 127
113 12
80 95
105 185
94 30
61 165
88 67
181 129
175 57
77 198
91 11
120 103
50 107
135 11
110 157
17 146
75 119
4 36
175 193
196 95
116 55
32 2
90 184
17 9
154 39
190 68
17 89
196 141
77 145
192 103
140 81
140 136
54 198
69 67
154 18
92 31
124 11
44 198
17 145
192 66
183 55
115 103
51 146
87 79
168 25
128 165
135 155
168 184
114 125
190 173
115 57
50 11
75 104
19 21
108 107
54 131
187 151
90 150
189 30
114 55
148 11
7 66
3 62
192 21
26 112
80 101
196 104
71 70
172 129
41 48
178 31
178 153
196 131
76 163
43 55
58 23
111 157
56 37
96 33
169 78
142 185
192 36
96 118
116 107
143 101
94 174
90 185
181 174
186 45
50 9
192 27
140 37
34 79
109 67
115 66
113 141
135 15
135 33
4 180
181 127
142 45
94 131
96 83
13 103
65 79
138 199
140 199
187 89
111 118
28 63
92 141
177 139
111 159
142 68
96 55
186 180
189 173
114 167
65 49
187 25
120 82
96 198
178 155
197 147
196 185
113 62
135 48
149 20
19 81
26 171
24 68
41 74
32 131
19 57
65 30
189 132
44 106
135 125
110 174
177 89
144 146
54 12
26 198
190 55
183 136
133 78
137 125
86 107
134 176
87 157
5 146
90 118
84 176
85 179
42 145
96 101
140 66
59 36
72 150
137 31
5 35
77 74
169 27
58 129
170 95
134 25
134 166
17 112
91 73
52 180
192 49
110 46
108 121
130 129
110 15
100 103
4 139
44 18
192 31
102 36
61 68
92 60
154 153
187 191
98 195
84 6
115 104
105 23
120 141
143 14
22 79
29 155
72 166
187 155
154 200
111 180
194 199
51 173
76 9
29 119
76 73
108 152
128 151
91 33
187 81
102 60
172 125
126 136
154 146
181 125
13 2
42 47
188 11
130 176
54 157
56 193
192 15
3 82
187 146
24 78
5 66
135 171
87 12
5 161
26 95
92 81
59 63
94 37
182 95
7 152
190 195
160 118
56 47
51 159
189 157
90 36
182 107
138 104
32 74
140 30
77 132
108 141
16 155
43 132
169 180
124 64
183 49
22 97
133 141
130 25
65 163
130 141
196 89
137 173
149 171
4 9
19 67
24 193
135 78
43 146
98 78
8 83
114 121
175 10
92 158
138 36
41 112
194 174
170 27
160 79
170 162
144 127
115 147
29 121
143 66
123 129
110 23
42 139
19 70
52 6
42 179
7 132
148 163
41 1
16 31
116 11
124 199
142 25
43 70
75 176
123 166
182 66
113 20
197 1
116 118
137 193
58 83
4 106
189 83
42 161
175 112
143 127
32 21
108 184
96 39
115 195
137 112
120 159
87 49
181 167
41 180
102 163
94 127
138 11
19 39
98 159
52 12
7 97
86 11
28 129
172 81
22 125
65 200
100 151
133 180
42 37
84 10
164 18
91 176
133 95
168 82
77 127
59 62
124 173
197 117
181 10
109 112
13 55
16 104
188 141
3 68
169 176
113 131
197 33
144 167
88 48
142 83
69 9
137 82
124 57
148 20
44 117
71 95
105 165
137 35
50 156
71 152
98 48
102 121
124 158
124 30
124 60
190 53
111 165
86 118
16 173
102 106
4 173
160 162
102 150
197 2
59 70
186 20
190 33
123 66
24 82
22 191
69 156
13 66
114 165
133 165
43 27
187 53
175 141
69 31
26 73
109 2
93 2
120 127
134 89
51 163
58 198
154 117
61 191
196 166
122 121
50 53
100 147
86 53
77 83
120 36
43 99
109 10
182 57
40 37
16 180
192 166
34 173
75 74
135 185
154 161
190 1
105 145
142 55
138 106
41 159
197 12
109 104
34 6
28 106
144 89
140 121
65 179
54 18
8 79
197 112
77 125
98 45
88 147
137 198
100 68
188 127
65 141
100 125
186 48
51 73
138 185
181 27
105 121
126 33
5 199
140 119
164 9
168 150
22 127
96 147
29 180
169 15
177 45
92 119
186 99
140 36
5 62
54 155
3 151
124 46
164 112
114 68
142 162
87 104
44 101
54 161
197 60
188 173
87 36
189 12
123 155
154 82
130 152
7 57
135 73
164 68
69 57
90 39
56 121
138 157
190 11
108 173
144 49
58 2
86 12
189 153
123 184
85 9
24 37
168 14
92 48
143 198
124 35
178 156
84 107
110 38
84 67
144 163
148 141
32 195
98 11
111 185
189 10
110 99
85 155
105 74
80 185
122 33
72 15
24 64
7 21
50 136
54 103
197 11
96 31
148 21
140 48
126 63
114 74
183 171
116 184
149 45
168 191
164 179
144 101
24 89
194 18
98 117
72 70
59 171
54 99
113 147
187 27
169 150
50 104
144 129
24 191
122 166
93 127
188 62
175 55
5 129
91 139
65 74
122 95
177 145
19 118
75 97
94 156
61 27
130 101
115 27
100 89
102 11
189 155
190 15
29 53
4 38
7 121
92 11
135 151
175 97
116 112
93 179
90 81
76 180
178 53
172 46
100 45
76 48
142 155
42 64
96 165
98 46
130 180
148 12
135 89
7 67
160 57
92 136
41 27
111 18
76 179
28 136
86 146
34 49
40 73
75 155
28 103
65 171
194 173
88 157
134 107
29 39
177 150
128 195
197 180
32 184
26 165
172 25
169 118
42 193
177 184
148 60
77 55
113 132
13 35
4 104
34 195
149 191
41 15
197 139
143 70
123 30
190 14
90 35
113 2
135 67
109 45
126 118
92 147
164 33
122 159
168 39
85 35
98 112
172 45
135 200
102 104
168 73
59 127
109 60
26 9
140 193
56 68
154 62
77 58
16 76
196 128
75 88
58 61
114 44
69 58
120 42
111 8
137 7
175 22
115 65
22 110
59 88
50 90
13 87
85 169
133 123
128 71
154 169
17 75
134 182
164 8
19 187
111 188
170 160
32 126
182 28
32 17
116 90
8 17
90 54
26 160
28 190
148 16
120 170
164 84
188 115
85 88
72 98
114 85
177 59
102 98
196 102
114 102
87 102
140 72
123 77
133 29
65 22
29 59
168 160
77 87
197 16
108 80
100 22
130 140
188 196
44 94
149 169
172 16
98 133
77 94
168 123
92 65
51 178
197 143
108 8
17 123
183 88
175 28
124 28
130 149
140 86
186 192
58 108
29 102
54 148
124 177
51 138
7 186
91 16
88 197
90 77
41 128
189 51
124 108
123 109
128 90
116 177
84 197
175 96
41 29
137 34
113 50
128 122
50 187
80 149
4 28
61 19
17 186
65 84
43 22
124 76
197 92
58 84
172 197
94 90
194 52
168 142
102 3
134 90
114 54
59 135
128 96
115 86
32 148
26 181
160 7
86 138
100 29
28 65
32 3
183 44
54 144
85 40
96 50
17 7
42 190
182 142
42 116
71 58
43 149
100 116
72 5
40 154
32 189
170 124
58 172
28 75
16 86
77 80
19 181
98 122
102 168
50 92
32 135
94 124
88 76
22 98
143 98
126 90
54 120
43 96
140 69
109 96
181 40
50 13
135 24
197 29
72 172
96 134
143 19
22 71
115 170
76 189
102 96
28 111
130 168
72 50
43 8
142 50
138 168
183 135
90 72
140 32
7 32
88 50
13 8
194 120
44 123
102 105
133 122
5 26
34 17
120 3
186 93
149 164
164 175
109 120
96 16
34 59
16 115
16 126
102 109
194 80
16 34
137 90
124 3
110 154
71 26
7 29
135 181
42 137
108 109
175 7
8 32
19 144
52 98
4 41
3 84
52 76
110 143
143 175
58 28
124 84
140 84
72 114
183 181
98 182
160 98
50 77
164 98
34 111
52 19
126 77
98 76
182 94
178 120
40 192
72 34
120 189
189 19
92 75
175 128
93 52
115 133
51 100
186 108
5 16
17 59
13 29
96 143
75 133
87 24
148 126
91 80
183 124
41 190
16 122
134 197
116 108
58 170
3 164
189 111
90 123
69 77
181 172
69 113
65 54
52 110
32 5
196 61
175 177
178 4
96 181
87 8
100 16
183 84
134 87
175 8
170 189
29 148
87 194
188 56
59 111
178 84
122 111
92 120
148 194
28 144
142 134
183 105
40 7
140 52
138 188
84 56
100 7
160 58
140 56
75 160
186 98
197 56
43 3
177 134
19 13
144 75
124 77
148 116
42 160
7 109
188 189
168 80
51 77
172 69
77 7
92 169
85 196
17 100
148 188
108 144
133 87
51 183
94 75
44 54
137 190
86 96
77 135
75 177
134 186
182 44
126 85
111 126
154 111
111 187
123 124
44 105
114 80
54 169
181 32
51 26
138 56
178 190
190 188
85 120
41 142
102 110
149 34
143 181
109 183
130 154
183 182
43 113
4 93
124 69
32 113
100 189
13 102
143 51
52 170
80 92
8 29
72 92
93 86
76 111
189 175
80 190
65 24
196 56
54 41
160 50
29 114
3 92
149 24
133 102
80 13
71 50
34 54
85 61
92 91
76 178
58 87
194 40
80 135
143 164
28 5
61 149
168 181
24 16
84 196
130 122
172 183
183 61
93 44
50 94
59 124
140 190
42 86
29 113
169 197
26 92
188 140
32 188
59 133
4 105
172 120
130 192
116 22
187 128
196 87
5 183
93 194
187 85
5 189
59 130
172 61
135 28
122 71
71 142
124 186
76 190
85 102
177 111
168 56
76 122
56 190
177 8
87 88
84 88
41 108
172 126
138 189
65 197
169 96
77 102
29 3
84 54
76 34
120 190
72 87
138 17
85 122
110 58
122 108
65 177
24 41
187 181
44 128
187 144
122 169
149 120
3 144
187 69
105 178
13 115
86 178
56 51
114 32
113 77
128 170
40 71
137 183
188 4
110 192
120 164
111 128
94 140
85 170
111 44
100 42
71 178
65 58
40 188
186 5
133 130
52 42
69 143
13 22
182 50
134 51
194 54
142 123
40 94
114 187
72 192
26 140
177 144
76 108
93 96
116 80
177 189
160 32
76 170
72 76
133 120
94 177
71 19
88 133
4 142
7 96
149 28
108 143
105 65
120 182
17 85
87 170
26 133
148 96
77 65
91 59
5 93
187 86
69 188
109 160
4 172
44 4
84 90
43 197
160 90
84 109
52 178
56 91
77 172
148 40
114 123
137 28
75 135
182 84
190 19
122 17
93 85
192 128
122 13
138 29
86 102
194 137
5 77
90 114
177 85
24 164
72 16
65 3
100 138
7 69
189 34
19 7
86 164
19 192
135 52
100 177
114 154
40 13
137 19
93 77
40 108
71 111
194 186
100 172
24 8
29 116
86 4
181 111
135 90
80 54
143 188
76 58
34 32
105 58
5 128
65 124
169 43
100 196
172 164
93 116
172 114
4 168
87 142
160 110
69 54
109 77
65 178
77 8
134 102
84 123
86 114
149 77
190 93
135 188
75 52
137 5
134 84
128 26
110 178
7 196
42 134
58 186
186 43
108 183
178 87
130 77
188 43
3 42
32 41
42 40
113 54
175 182
133 194
29 84
135 13
194 140
133 116
154 32
188 8
98 71
19 142
52 7
170 116
142 143
98 137
88 26
28 120
24 3
135 194
186 105
51 8
102 135
85 34
85 22
17 96
28 85
32 69
3 168
54 61
140 88
71 182
113 94
144 122
4 135
175 188
3 137
160 28
24 126
144 50
26 175
116 56
168 100
192 134
187 8
80 126
58 126
142 133
100 109
71 194
92 109
122 42
149 111
69 108
154 108
142 54
197 54
182 88
137 40
149 59
124 72
144 90
120 41
94 92
126 123
85 44
196 183
135 182
19 4
51 130
86 92
50 168
24 197
61 192
26 61
52 3
181 41
86 130
172 3
120 115
114 177
4 87
128 177
94 43
111 110
88 196
98 172
52 115
84 144
114 26
71 42
181 108
194 17
65 5
44 5
128 197
113 170
133 28
192 120
196 110
116 5
126 186
181 43
7 154
90 168
8 115
69 111
133 40
69 135
44 133
56 109
172 142
52 124
26 50
100 54
144 188
143 76
178 26
187 130
75 100
51 32
13 58
56 128
43 140
188 92
123 29
183 187
135 187
13 182
160 111
59 188
29 76
186 71
164 116
154 96
85 43
87 182
92 105
4 65
17 168
88 175
8 88
56 19
19 54
182 40
13 100
4 108
160 105
29 26
142 16
133 52
114 50
160 96
114 24
75 43
56 123
197 138
113 28
44 61
192 123
148 133
148 3
17 72
26 144
114 149
148 85
183 92
93 61
59 40
91 72
72 182
183 26
115 197
59 109
3 189
76 126
154 172
182 130
124 113
56 8
84 148
85 105
94 126
170 110
5 190
142 32
114 17
17 26
87 40
177 148
87 115
88 58
189 71
52 196
186 29
135 169
186 94
44 65
140 114
113 111
8 72
188 105
17 143
133 114
160 22
178 94
96 19
149 75
192 59
182 85
85 142
13 52
3 138
187 61
135 124
61 182
178 90
85 29
126 40
178 140
19 58
177 13
196 32
84 16
170 175
178 34
196 186
22 170
177 110
61 17
187 96
122 181
192 88
28 71
182 22
94 172
91 94
186 4
134 190
187 76
32 4
189 69
93 24
130 134
144 22
126 144
189 22
51 196
133 149
194 59
40 183
52 34
130 56
137 96
87 29
170 169
111 143
102 5
116 192
71 92
130 164
4 17
154 188
172 7
170 140
24 110
137 51
26 169
16 110
56 88
51 175
170 111
196 29
122 113
197 72
26 170
16 133
26 80
87 130
134 24
44 181
172 122
108 90
183 133
128 17
144 110
16 194
40 169
115 116
42 61
183 43
86 88
42 182
148 130
56 177
192 43
169 17
86 175
148 111
84 94
168 109
69 148
98 154
71 56
142 75
170 183
84 133
96 124
88 52
5 58
123 92
181 196
61 96
137 138
76 75
105 42
113 196
177 105
65 72
71 164
138 59
91 17
116 85
109 148
134 91
111 61
92 115
175 114
29 5
140 124
88 178
22 142
187 3
123 28
50 80
91 170
91 130
172 137
100 154
93 41
116 54
190 192
113 175
32 170
102 65
71 34
54 76
194 144
90 138
42 92
43 190
51 91
135 108
13 192
44 189
149 183
93 50
86 100
113 140
98 108
80 86
98 34
59 72
177 3
169 189
169 69
94 115
197 187
122 28
181 178
154 144
140 197
65 143
42 135
154 42
90 175
69 72
43 108
8 142
13 91
190 34
92 170
134 194
190 71
43 170
8 138
90 91
123 105
102 186
52 169
144 134
120 128
138 7
7 94
134 4
56 4
59 54
181 7
94 51
108 19
75 178
26 69
108 50
138 172
98 110
164 178
42 59
3 170
108 34
80 61
80 29
115 182
175 137
96 122
143 154
148 100
164 182
88 169
44 135
71 94
51 164
124 197
8 116
51 17
4 90
108 175
144 175
54 154
124 41
8 124
94 130
43 114
178 122
80 93
13 196
19 148
142 183
124 142
75 84
71 105
43 52
44 149
154 5
188 108
77 190
113 34
178 85
32 172
102 149
98 109
140 143
91 50
69 84
19 160
72 170
135 56
154 65
143 100
44 92
44 77
130 128
168 75
84 177
126 22
88 72
65 108
120 183
164 138
61 75
120 61
86 13
128 76
59 172
80 98
16 94
7 144
192 164
105 164
69 59
189 29
40 149
115 172
84 137
124 90
86 28
190 87
160 140
187 115
5 43
100 190
65 16
8 86
42 186
29 75
61 126
144 58
182 188
52 71
42 69
71 149
168 134
51 71
122 26
183 91
40 58
160 44
144 72
50 61
80 177
142 29
32 138
42 50
122 110
5 75
164 59
43 24
56 3
102 194
111 133
71 100
182 128
24 175
181 28
113 134
42 130
128 24
109 8
50 189
56 72
142 116
122 4
109 186
88 93
93 26
22 148
43 144
189 54
77 188
149 85
105 32
3 194
137 93
189 196
13 187
3 109
194 197
116 124
22 169
40 115
170 29
144 52
40 75
65 183
197 142
98 24
94 98
113 26
114 168
170 126
187 29
111 32
102 197
93 94
16 187
133 109
194 183
105 149
44 69
128 143
34 114
113 105
40 4
24 88
143 134
133 42
120 32
41 58
170 69
92 4
87 90
4 52
88 51
194 142
34 87
102 7
123 143
75 115
90 143
5 187
116 137
13 75
77 42
116 130
124 44
140 154
196 58
80 102
94 144
192 98
87 50
24 116
13 3
22 102
59 44
72 196
182 75
16 54
13 28
8 140
61 3
120 126
178 168
7 4
109 93
22 128
87 181
168 177
8 148
43 41
71 54
144 135
133 5
13 197
190 4
3 91
186 13
160 51
122 34
13 108
4 96
116 86
88 168
98 26
110 94
123 91
93 111
108 92
137 50
197 108
58 164
90 65
120 197
77 169
190 91
96 111
84 42
138 41
126 109
22 192
75 51
137 24
196 80
93 108
109 164
178 137
115 100
59 189
137 196
41 177
75 130
135 34
59 94
105 140
189 85
109 72
75 22
142 128
42 80
50 5
115 58
58 187
72 177
17 164
189 13
186 51
5 8
172 50
32 13
87 175
188 109
110 41
122 168
56 44
189 168
5 71
144 51
41 7
102 143
196 3
43 123
88 154
65 149
148 170
110 7
134 29
169 148
76 56
69 98
24 56
88 32
181 116
144 17
134 88
56 192
98 87
105 52
108 59
26 76
28 109
100 43
189 143
5 164
76 123
56 134
86 148
41 86
197 34
92 77
181 52
88 172
61 86
58 169
44 98
190 52
92 181
188 88
41 19
135 50
168 86
108 26
148 143
90 110
26 177
194 29
172 52
50 58
105 40
91 116
29 34
148 197
80 109
126 182
13 144
140 196
96 116
137 8
154 142
190 187
65 148
135 96
111 56
178 128
160 182
85 113
194 4
76 80
160 190
72 102
135 154
43 105
181 134
120 113
88 91
149 194
186 84
110 183
120 186
43 88
42 5
188 58
19 72
138 85
133 90
24 40
130 4
32 123
16 192
19 196
111 142
65 13
58 140
94 5
44 192
178 130
93 84
8 52
175 116
172 169
113 52
188 24
140 4
143 160
113 100
76 137
76 175
186 41
148 113
178 134
16 183
71 197
28 34
51 96
197 96
96 40
110 182
182 65
26 41
43 126
120 59
8 3
123 80
190 75
96 126
115 186
75 58
140 109
16 80
100 178
113 108
182 154
122 87
56 93
114 109
177 61
128 135
61 29
44 144
197 58
93 54
77 194
42 126
124 32
93 17
87 22
100 88
172 86
123 65
32 109
144 124
170 84
130 85
137 72
85 51
91 175
178 80
69 8
58 123
169 100
137 59
72 51
4 59
111 41
111 196
126 52
123 183
29 154
52 164
144 128
134 44
22 108
5 13
32 28
192 178
16 113
28 197
126 93
142 28
91 194
126 133
4 91
124 22
43 122
34 80
50 183
69 182
8 91
130 80
50 115
42 102
75 86
85 58
69 190
71 80
194 169
134 7
187 28
4 149
84 24
110 84
196 76
4 94
154 94
84 5
92 160
154 197
192 51
181 123
164 108
22 93
188 93
160 72
61 113
116 75
138 93
72 113
120 148
22 172
128 188
40 160
194 7
110 137
126 54
61 137
124 7
164 170
90 190
41 59
113 189
34 130
181 177
86 43
140 91
26 44
71 16
26 123
65 41
149 90
71 44
86 54
189 130
183 126
143 44
110 44
142 140
50 102
140 102
76 133
188 51
134 111
75 140
26 135
88 44
170 98
13 137
87 44
143 7
170 177
154 93
109 85
181 114
177 154
44 86
91 42
51 22
137 69
113 169
100 93
177 160
126 13
85 75
196 4
138 58
76 154
186 137
192 126
192 175
181 138
111 50
168 8
183 164
105 13
80 133
168 164
149 113
172 40
61 130
24 102
16 186
76 149
177 77
80 105
115 85
142 135
190 170
116 168
138 16
52 59
92 98
108 17
54 133
116 197
186 24
114 76
51 84
140 34
124 54
143 183
42 72
100 194
69 43
111 52
28 92
88 102
137 192
194 69
168 128
128 114
190 135
160 13
34 192
96 142
154 90
71 188
24 77
92 58
115 44
76 50
94 168
170 133
7 130
61 51
190 86
190 98
172 196
164 77
43 72
87 93
58 90
86 149
115 114
168 40
196 192
140 16
138 194
114 13
110 32
90 98
143 4
41 192
42 26
93 42
177 86
84 44
182 123
115 126
187 142
91 96
115 17
194 175
196 40
144 192
59 90
142 109
138 109
130 196
90 164
178 5
135 115
19 130
116 126
54 175
52 116
19 69
28 169
175 123
3 75
34 134
59 56
56 96
144 88
137 187
194 61
196 142
143 92
130 96
7 44
175 52
160 181
133 108
96 24
91 32
192 92
56 105
115 54
109 187
134 148
17 3
41 109
98 17
24 120
178 102
130 32
124 110
72 29
28 41
50 148
86 122
100 133
91 160
92 116
8 170
120 169
143 54
98 128
175 56
54 43
51 87
109 177
34 42
87 105
5 138
8 105
77 3
154 175
59 169
110 164
170 40
54 50
24 142
149 5
24 144
8 186
32 19
42 189
182 92
160 189
65 56
128 93
135 109
175 77
148 181
84 181
34 69
3 182
137 160
189 137
149 22
189 88
110 140
190 92
77 128
87 138
183 169
192 102
16 181
197 76
72 181
40 144
105 29
94 3
148 122
140 24
168 115
111 94
196 170
144 69
105 34
76 28
113 164
24 7
100 102
75 143
80 169
8 120
41 188
122 100
3 51
110 126
96 178
109 29
19 116
120 69
111 164
58 34
44 90
54 96
108 138
44 100
181 128
7 105
196 17
29 120
123 170
40 29
26 149
175 120
17 56
110 115
91 61
149 138
181 80
54 58
32 65
148 42
126 91
168 182
91 84
41 87
120 76
144 56
54 26
3 5
19 93
105 122
192 28
168 85
43 175
116 188
134 16
51 149
169 124
124 86
134 43
94 194
69 110
75 59
187 51
93 69
87 7
16 26
133 19
7 111
22 7
182 59
90 113
120 50
115 138
190 124
84 61
187 133
87 187
50 56
26 130
24 52
110 17
109 65
181 85
123 102
32 197
134 71
52 51
128 59
41 130
170 168
19 3
72 13
41 144
134 189
183 75
43 138
5 122
172 148
177 98
123 88
113 3
135 85
133 93
160 29
140 122
41 76
138 92
164 91
100 120
98 54
116 122
44 109
170 5
86 134
7 80
28 50
175 41
138 102
13 92
187 90
187 123
5 40
86 181
4 58
177 137
51 142
69 80
84 128
110 92
34 41
56 189
135 164
65 94
154 41
192 168
126 154
65 26
7 92
160 197
98 123
4 42
40 164
29 126
186 116
149 115
172 110
71 170
4 76
7 5
170 149
172 149
130 114
75 122
108 189
128 105
175 110
65 8
58 154
169 168
186 123
140 98
189 75
105 61
138 69
3 116
28 24
100 8
144 87
17 54
123 178
22 40
19 105
22 19
126 189
142 190
197 100
28 186
86 142
138 77
143 3
178 28
143 84
93 58
5 52
189 72
168 196
16 143
90 102
110 138
115 143
42 13
143 80
160 43
181 69
17 178
183 175
196 75
40 113
24 113
133 72
111 190
77 43
91 85
120 52
13 143
94 86
93 40
194 22
102 142
56 22
190 115
65 186
169 13
123 34
109 113
16 8
80 58
182 8
122 123
169 16
59 144
108 102
114 190
8 123
181 75
43 168
197 109
43 76
41 196
44 113
111 135
54 91
80 164
188 100
143 135
148 149
88 138
17 111
114 169
80 72
138 65
115 148
69 5
102 113
140 108
128 169
182 194
3 114
105 189
44 116
19 26
88 135
75 123
91 187
102 71
75 169
122 196
116 105
41 88
110 96
54 3
137 52
90 29
130 16
154 44
96 71
192 17
188 52
85 124
52 92
187 178
138 120
69 154
105 17
181 50
41 189
71 168
100 96
92 29
154 77
194 123
183 98
65 116
192 149
102 154
149 91
56 113
19 175
115 90
124 109
16 43
116 190
122 41
34 110
96 123
168 22
76 113
196 144
32 84
189 142
26 189
92 76
85 160
91 19
177 76
61 134
58 114
65 93
88 77
188 65
86 192
123 16
40 98
54 192
87 91
13 16
178 24
133 189
69 178
122 80
5 168
65 160
142 88
114 178
172 130
22 94
148 90
124 61
50 124
26 94
186 56
19 128
110 56
186 177
178 98
182 186
40 90
56 34
76 186
92 16
123 87
94 175
59 186
7 190
42 22
22 34
196 178
54 128
24 50
148 108
142 164
100 187
41 80
126 19
4 160
190 40
61 190
109 130
59 114
100 192
186 149
69 114
130 183
133 94
51 93
175 3
90 16
186 169
188 80
124 4
77 29
110 72
169 32
135 65
102 84
148 28
41 170
96 183
172 188
135 110
52 96
175 142
13 24
8 26
190 154
19 17
80 65
102 170
16 93
111 172
169 105
138 128
134 137
188 142
124 122
178 32
17 140
109 115
34 188
138 4
187 71
137 130
51 69
164 194
102 130
90 85
160 169
29 42
3 28
42 110
85 183
137 122
61 94
22 183
194 187
172 113
22 187
13 113
197 111
94 149
91 100
105 16
169 126
80 22
65 122
24 169
190 126
8 75
110 114
148 93
19 110
41 50
110 186
130 22
42 175
77 148
183 122
177 188
133 77
186 86
169 164
114 87
108 71
22 4
102 91
192 140
42 98
87 108
137 126
192 113
72 123
143 169
128 109
190 144
91 197
197 41
91 120
51 28
40 135
59 105
140 71
32 24
92 24
71 69
126 100
111 138
4 177
133 7
115 178
84 160
61 43
142 138
43 28
98 32
75 108
128 88
58 59
91 105
88 34
100 87
183 186
181 51
3 186
175 72
41 5
91 108
137 181
4 164
91 192
160 122
110 105
168 197
84 149
100 28
84 34
148 142
29 168
175 71
126 105
98 134
160 115
172 123
42 28
116 13
168 77
148 160
61 154
59 143
181 94
19 51
116 16
135 98
109 169
137 115
65 98
194 50
4 98
172 175
111 140
134 140
26 188
26 72
188 178
148 80
92 41
91 71
26 87
22 76
72 7
91 177
164 41
34 170
113 114
7 168
71 135
17 5
178 149
197 196
111 42
124 168
17 113
42 164
192 177
75 56
154 17
100 65
187 110
96 88
65 181
100 69
51 168
109 189
138 130
3 40
134 8
69 105
196 50
56 32
72 135
8 44
135 5
188 19
181 4
61 160
102 144
130 111
124 194
77 108
16 77
116 87
135 61
58 17
80 197
24 194
149 19
115 22
61 128
24 75
76 94
44 187
149 96
26 194
32 77
34 8
98 138
96 120
133 164
26 143
196 86
41 51
71 61
160 128
56 187
186 144
164 16
91 98
94 29
137 54
105 194
114 28
137 128
98 93
149 54
41 148
122 138
105 172
143 124
77 100
115 183
182 187
182 52
7 142
187 134
52 77
19 135
16 40
123 128
177 7
140 164
19 122
108 3
28 130
115 154
87 154
92 61
130 92
194 13
182 93
124 34
120 144
50 154
85 134
122 115
40 177
122 22
114 7
134 32
197 93
181 59
34 92
3 149
5 51
177 28
56 194
105 120
76 84
160 87
5 124
111 105
84 40
170 186
111 43
113 182
182 190
177 126
175 197
29 17
85 24
172 178
190 189
124 114
28 44
140 120
17 134
75 69
86 29
76 172
164 61
17 137
192 4
115 42
149 196
188 160
58 189
183 178
51 148
138 26
186 154
59 126
190 169
22 133
90 120
24 182
59 87
114 134
34 40
177 187
61 189
187 7
8 133
54 187
124 134
90 172
134 76
58 192
5 169
143 34
76 96
120 154
120 143
114 56
86 22
86 182
86 5
177 142
140 182
84 7
61 116
87 19
19 115
109 43
52 72
61 144
13 181
140 128
160 24
85 123
148 183
188 86
154 192
196 120
90 86
168 143
114 19
93 168
192 50
197 144
51 126
54 138
43 59
154 122
116 88
172 43
59 7
19 113
13 133
172 143
52 50
85 188
32 164
96 94
170 181
42 187
113 194
114 183
192 71
90 24
94 197
126 92
85 137
77 34
22 17
115 169
117 150
129 10
118 166
112 119
174 112
184 153
185 2
125 35
145 68
173 1
27 162
18 81
104 46
23 106
46 6
27 159
153 156
193 198
21 83
81 15
48 101
66 1
117 180
15 195
200 46
167 161
39 55
55 23
161 1
156 39
174 20
103 6
147 156
171 150
161 104
15 162
49 184
12 112
46 156
117 60
10 193
156 23
73 15
191 20
55 162
191 147
129 70
33 81
66 184
33 38
10 95
185 38
129 153
9 101
185 145
25 147
82 33
66 12
35 155
12 167
158 176
66 159
48 125
171 107
167 47
46 62
162 68
131 57
184 129
166 152
57 49
147 153
36 62
99 67
112 101
176 104
95 107
163 200
82 47
165 161
73 49
125 119
63 6
25 6
127 45
49 11
2 173
63 118
162 107
152 70
68 155
6 145
38 107
132 64
155 73
48 153
74 151
131 14
106 25
152 162
79 9
53 31
112 6
127 9
27 14
191 174
119 180
82 145
150 2
25 150
70 1
97 63
185 20
2 74
150 1
46 195
199 132
179 167
158 198
21 151
39 67
180 155
11 165
63 21
101 103
173 53
162 10
180 145
150 82
63 64
200 132
157 112
21 184
198 171
195 129
166 70
9 47
39 106
63 146
36 55
200 119
173 163
82 136
15 55
89 171
107 27
35 11
106 152
57 18
121 79
38 159
176 107
36 48
95 25
2 27
184 97
156 198
39 103
101 106
156 20
9 184
146 14
57 64
165 107
99 125
37 161
79 146
158 53
74 193
156 30
150 63
95 157
139 141
121 151
83 156
68 117
14 103
129 11
38 141
73 106
12 10
15 103
103 35
45 53
21 47
63 104
57 20
9 171
74 39
141 193
171 129
25 47
99 150
97 145
200 145
37 89
103 20
10 171
12 62
30 67
156 31
193 95
47 30
162 158
167 18
2 23
9 200
70 18
35 36
147 20
18 99
161 39
185 68
103 150
10 146
157 150
83 151
125 136
27 167
57 47
30 106
125 132
83 179
10 167
129 27
139 150
176 57
1 47
141 171
95 49
152 35
104 67
82 25
132 55
89 119
95 151
173 57
30 60
60 95
79 112
127 119
145 60
78 127
9 191
165 15
57 27
35 146
1 49
121 157
125 14
25 107
73 27
131 70
78 107
18 73
200 15
139 27
163 165
167 173
99 127
151 9
83 155
11 153
199 117
112 158
25 163
166 167
161 171
184 62
74 60
27 81
191 81
167 141
153 66
25 176
152 12
74 119
103 81
161 6
184 119
161 64
70 79
47 191
167 14
39 47
101 83
112 49
18 14
193 156
57 46
118 6
125 150
79 106
150 119
70 151
127 136
79 174
74 185
47 2
31 180
25 36
6 153
174 200
9 1
38 82
136 106
132 11
199 46
30 21
184 18
166 1
67 95
125 104
45 30
132 81
176 153
127 158
118 158
64 21
45 20
70 21
152 31
48 55
36 27
46 2
136 62
119 1
162 163
152 67
73 37
198 49
193 179
152 9
198 20
55 121
78 89
64 139
82 195
174 104
14 193
125 180
45 79
119 163
131 6
146 159
45 184
47 20
118 74
67 200
99 12
198 106
155 146
199 68
95 35
30 191
145 104
47 119
66 48
184 131
21 176
1 147
174 195
67 70
14 179
74 36
9 125
139 185
117 99
27 198
117 118
35 145
200 112
66 103
66 163
1 60
70 23
184 158
49 166
185 159
30 146
198 179
37 176
161 60
73 173
139 18
173 193
165 118
49 117
15 106
185 39
60 121
18 30
31 46
145 38
38 163
20 53
38 23
37 81
145 195
68 47
141 146
146 6
45 173
185 15
127 63
25 171
38 31
10 152
141 158
191 139
184 33
33 159
6 57
37 174
18 151
136 49
157 2
152 2
132 171
63 155
18 174
11 31
165 95
139 112
70 157
106 36
47 146
9 83
101 119
70 11
193 185
180 83
155 131
159 31
21 66
153 150
195 173
89 174
132 146
20 49
176 193
184 37
68 37
6 191
156 81
132 79
99 81
10 173
82 174
53 136
151 161
162 185
166 12
79 165
81 62
97 11
136 131
57 66
155 171
150 15
78 57
106 62
145 118
153 106
173 78
158 74
117 119
165 157
81 125
117 37
147 107
101 107
81 198
106 37
95 155
180 66
179 97
68 48
191 131
53 156
163 74
63 166
10 82
157 184
83 57
70 161
146 153
106 38
107 159
57 79
14 176
39 14
21 200
47 27
146 112
64 125
171 131
2 73
180 46
46 38
89 27
157 53
107 68
97 141
36 30
119 33
193 145
145 63
62 157
6 53
112 23
38 166
73 145
95 156
180 118
166 33
14 53
185 176
64 9
63 70
106 185
23 63
158 165
184 83
45 151
156 184
104 191
117 167
60 141
171 33
38 55
60 33
199 12
79 60
23 167
150 70
97 55
179 95
78 157
47 195
99 195
9 129
10 83
83 78
117 9
67 155
184 23
176 156
158 79
127 179
36 132
174 155
117 173
2 199
68 118
151 171
55 147
153 1
36 191
79 97
74 121
200 117
14 64
179 136
159 191
101 78
131 161
6 159
191 82
48 152
141 131
132 35
64 146
25 99
117 159
55 99
20 153
163 131
129 185
64 151
171 180
118 81
73 11
156 10
57 199
101 36
99 112
97 37
83 2
63 27
21 55
37 132
82 78
198 14
2 55
66 97
179 62
145 67
99 162
82 83
64 117
174 9
156 107
155 166
73 14
27 15
78 37
141 74
146 125
191 129
64 97
78 48
127 162
198 55
62 195
121 70
125 167
121 25
139 68
48 167
153 145
146 152
46 70
121 1
89 132
6 1
25 195
36 95
74 55
10 195
146 25
118 11
30 64
101 73
37 146
49 68
46 173
156 180
25 30
155 163
70 73
174 165
193 104
74 184
10 39
14 184
195 162
161 18
157 145
33 97
159 35
35 67
48 18
39 129
15 156
60 153
156 112
99 176
81 70
89 49
12 145
12 25
67 1
101 184
97 23
15 18
121 156
23 45
67 45
14 139
31 155
136 47
25 152
39 81
167 1
39 107
153 152
31 2
200 60
121 119
166 95
36 39
198 2
199 81
66 68
15 78
176 35
153 139
14 20
73 171
73 97
99 45
33 68
103 159
198 10
62 45
95 158
2 60
107 103
9 193
79 101
156 14
141 200
145 103
174 146
147 157
39 193
165 125
117 101
127 12
21 119
1 104
39 83
185 179
79 21
23 48
152 49
107 67
161 27
195 21
179 99
30 20
176 27
162 60
33 200
14 60
25 157
55 10
180 9
157 74
9 97
127 48
136 95
45 153
33 136
45 147
79 155
64 31
45 139
147 21
15 1
27 62
66 129
81 38
104 103
104 159
48 112
18 101
199 106
195 12
46 89
37 165
1 198
6 49
184 152
157 127
6 199
132 193
106 1
48 12
83 158
74 11
48 157
55 63
31 95
95 99
25 165
179 12
48 70
112 147
103 37
152 119
191 195
53 147
49 145
118 64
11 117
150 73
159 167
166 27
95 104
49 74
23 89
167 139
198 103
155 11
150 127
103 63
127 121
191 35
97 68
156 199
36 47
97 147
195 141
66 55
6 15
14 45
101 55
64 45
68 131
141 37
163 81
38 10
147 162
1 18
150 166
156 125
12 74
159 152
31 82
39 179
185 10
63 45
131 125
68 101
63 193
136 2
176 191
97 162
151 37
57 104
132 174
63 139
101 162
66 6
165 136
162 141
21 193
78 191
153 127
171 195
10 136
27 147
74 53
174 199
67 153
36 60
151 97
157 180
180 67
162 79
20 2
99 185
21 103
18 67
129 101
199 171
83 64
11 152
47 81
55 49
141 150
47 184
147 173
46 23
64 47
62 199
53 165
119 104
157 185
23 132
79 147
57 161
35 163
127 139
200 18
6 68
136 63
106 200
37 200
132 12
131 107
57 10
57 151
95 47
131 157
155 99
18 165
30 74
15 36
171 18
23 39
53 145
180 39
193 79
53 49
39 165
74 31
166 191
171 21
37 15
176 48
101 27
31 21
179 180
155 147
11 131
158 63
64 15
66 119
37 158
25 49
162 82
127 81
163 112
64 68
14 106
62 162
60 38
185 112
176 23
132 57
193 53
193 166
11 167
89 146
89 45
112 11
173 39
191 2
158 15
64 95
152 68
104 101
55 163
18 118
167 45
11 36
125 30
147 30
9 30
117 20
195 6
78 147
11 195
112 37
6 27
23 118
35 63
147 152
117 31
103 73
119 82
195 31
125 31
163 63
66 45
166 146
103 49
167 129
47 11
173 171
152 157
193 99
97 57
167 70
23 180
198 145
119 57
9 36
38 68
121 48
70 125
97 2
83 161
35 25
161 68
117 129
66 83
37 156
106 68
27 156
155 118
83 74
53 151
9 195
117 25
95 30
146 158
136 37
74 67
173 136
152 174
27 66
6 179
106 21
70 185
106 118
161 53
136 141
79 1
73 191
195 163
67 20
158 20
10 23
31 27
30 180
83 176
104 33
176 2
180 101
156 118
79 129
82 107
53 38
46 125
31 67
136 78
63 95
118 53
31 139
62 64
48 139
60 27
161 9
150 147
1 78
82 35
165 89
15 198
141 101
83 152
79 118
95 171
18 185
12 153
62 118
79 136
74 66
112 78
112 67
173 132
184 35
27 48
103 47
158 21
95 23
38 193
89 179
57 12
193 174
153 82
35 200
166 46
176 6
167 68
200 39
171 35
18 198
47 33
173 185
155 36
131 146
53 95
12 156
166 73
33 162
12 60
151 176
45 176
82 103
158 151
200 73
12 193
67 23
49 9
107 99
151 179
95 176
166 173
12 36
151 191
146 57
55 67
157 103
163 70
66 14
125 117
10 159
167 36
104 66
33 151
158 161
55 64
106 179
174 47
171 57
49 60
147 139
104 167
191 14
73 121
161 157
179 166
73 195
174 57
73 167
30 73
60 18
15 146
179 104
74 9
193 121
158 82
101 60
97 118
47 147
101 163
101 151
46 10
53 67
146 157
47 158
162 176
151 47
97 146
146 171
23 57
11 1
191 89
53 99
2 62
171 119
45 171
118 179
147 165
73 174
82 89
33 129
136 45
62 11
153 23
39 38
132 82
70 107
174 70
121 27
70 104
117 35
79 83
47 145
97 53
82 200
46 12
173 152
195 159
191 119
95 6
53 66
156 166
45 162
162 70
79 73
156 11
173 112
23 18
78 64
195 70
161 166
180 195
136 67
199 165
21 35
12 198
31 131
127 15
107 57
95 97
30 158
55 35
10 60
68 180
14 150
127 132
132 62
161 193
136 167
48 33
141 47
159 118
136 158
74 156
81 139
174 39
11 157
104 89
78 97
48 38
74 82
129 23
161 49
103 78
47 179
46 73
127 198
73 53
67 191
174 119
48 173
79 163
38 104
145 159
27 70
152 107
15 155
141 2
36 176
174 171
35 131
119 15
150 68
20 36
117 21
145 66
82 12
11 101
73 66
25 14
107 166
179 129
152 15
20 68
179 101
153 107
30 139
55 158
1 141
31 12
155 2
97 48
33 12
64 163
2 64
131 89
63 156
89 10
171 145
14 30
63 131
141 66
66 81
153 35
101 200
66 200
104 136
11 158
173 198
129 36
1 31
78 46
180 173
159 68
136 107
106 10
129 112
180 2
145 191
158 70
35 121
176 103
18 10
101 156
46 55
185 167
159 83
117 131
121 185
20 141
125 25
193 62
121 78
37 20
70 39
139 57
180 81
127 38
68 67
14 200
57 127
36 78
176 12
14 157
21 165
145 121
191 83
49 62
176 180
11 38
63 199
23 150
27 11
174 95
64 179
27 64
150 173
12 11
25 70
152 104
27 37
145 2
157 1
107 151
161 127
79 62
118 2
156 36
163 103
81 162
166 53
139 117
70 55
104 64
157 23
1 53
129 163
200 49
67 81
179 70
95 180
83 121
155 152
99 106
157 31
39 153
62 156
125 141
1 45
46 185
18 129
67 129
131 33
20 125
118 55
184 180
193 200
118 78
25 174
157 132
55 157
68 62
68 46
163 99
33 121
89 35
159 129
21 121
83 199
23 14
199 159
199 55
12 184
179 66
165 49
131 10
101 146
119 153
185 171
173 159
125 151
103 167
159 180
159 81
37 191
53 12
147 62
67 157
31 30
191 68
106 157
37 180
131 103
10 157
150 21
132 156
14 79
121 49
121 198
153 89
167 79
60 9
103 156
104 163
198 131
99 136
146 151
118 171
60 167
68 30
151 104
191 18
103 33
104 20
193 48
73 117
118 60
78 81
46 174
185 1
165 10
66 125
55 155
151 106
179 1
173 82
107 35
37 131
74 176
47 112
184 106
129 136
174 147
60 171
35 45
39 118
101 199
139 101
48 146
73 153
47 10
99 46
107 193
151 141
62 47
9 185
151 162
199 112
37 33
104 60
36 2
48 62
184 15
147 131
39 18
57 81
180 53
147 132
156 191
20 25
106 20
82 49
200 38
161 67
185 11
53 200
153 121
6 136
166 89
146 78
157 125
30 121
1 38
89 55
151 166
103 46
21 14
117 112
95 132
73 38
119 155
82 199
31 163
103 166
67 150
141 157
104 27
131 127
127 95
63 11
129 73
89 141
166 127
152 37
83 6
129 157
131 47
119 45
23 99
10 103
89 14
199 37
82 39
174 141
2 159
53 89
166 141
49 67
151 6
104 35
112 107
131 139
147 103
184 159
64 174
150 62
145 165
14 107
2 12
48 174
180 127
36 159
129 156
150 193
89 38
48 9
151 89
167 150
6 79
199 30
121 18
184 176
25 155
99 121
156 45
70 9
112 171
198 136
53 150
198 57
119 139
198 101
129 165
46 131
45 141
179 139
20 55
157 163
73 33
185 136
95 45
118 139
176 78
161 132
64 6
163 118
180 21
167 145
10 2
153 198
31 101
79 104
150 195
173 162
83 171
81 129
27 46
131 78
35 2
62 99
107 191
14 171
33 176
25 151
74 162
70 62
33 57
200 180
2 184
30 37
83 195
103 23
81 79
125 147
163 139
15 159
81 82
39 195
78 185
45 161
193 49
74 198
165 200
161 97
195 30
89 159
125 129
67 118
12 185
185 125
11 48
180 82
35 20
49 163
107 173
173 67
165 193
155 97
33 36
97 200
36 200
81 20
82 68
49 129
33 78
131 36
112 45
163 159
159 166
166 165
185 55
68 158
23 147
163 18
118 101
191 162
147 11
161 141
33 150
129 118
132 38
12 139
141 11
33 31
73 198
162 37
151 155
150 198
74 38
70 127
145 95
199 158
97 104
200 167
47 23
6 107
104 195
184 173
158 10
127 151
106 104
199 21
15 121
185 180
31 119
167 101
38 157
106 131
157 68
64 200
171 101
89 39
151 185
159 101
31 151
20 200
150 185
167 180
132 166
99 79
157 136
37 147
45 146
39 11
38 36
112 9
174 21
6 180
45 46
179 107
193 152
156 117
25 131
139 73
136 139
129 152
153 25
127 25
151 163
139 79
46 1
103 36
179 15
162 157
119 167
23 83
139 33
119 49
82 37
112 33
193 147
166 15
63 25
180 121
162 117
63 62
10 35
155 62
199 10
104 82
2 99
18 119
89 25
152 158
152 161
62 161
9 89
195 23
167 106
11 10
20 74
82 9
165 82
158 18
173 37
185 53
36 1
48 30
55 161
49 141
117 193
176 199
198 199
198 147
119 12
20 62
45 15
173 15
74 33
184 112
33 107
45 198
55 191
167 118
179 31
112 2
136 184
27 184
37 155
118 82
165 171
198 67
112 81
12 191
121 141
97 121
63 101
161 185
119 185
150 199
153 159
10 74
193 15
30 163
173 18
78 166
145 125
121 64
33 39
132 21
155 159
23 1
46 20
9 46
162 38
106 195
171 139
9 199
139 95
152 200
127 1
53 174
35 106
11 145
66 31
10 141
70 74
64 74
150 45
159 63
55 117
47 14
18 145
165 35
125 60
141 30
112 161
6 121
55 27
195 55
198 30
163 97
20 101
15 131
66 185
31 25
180 11
37 150
70 36
162 36
83 81
166 11
184 6
119 46
153 95
83 139
161 11
2 37
73 60
83 97
21 82
47 152
156 195
6 70
165 67
46 81
79 23
158 174
162 125
81 21
163 180
107 11
64 112
39 146
174 185
129 147
82 131
11 139
46 49
20 121
33 53
153 174
141 152
35 139
79 12
193 47
107 121
158 153
1 103
99 104
179 23
68 119
171 63
180 153
45 48
125 39
14 9
179 141
89 99
125 1
145 152
63 74
82 193
23 82
68 78
139 151
131 73
82 125
125 36
49 31
136 171
119 53
176 89
63 117
117 165
82 161
20 18
195 200
81 73
173 20
99 153
68 81
165 9
14 31
66 39
180 57
129 99
167 199
35 78
25 141
60 112
121 67
35 64
117 147
1 180
82 156
83 153
125 21
20 95
14 166
104 25
82 27
46 153
103 171
36 31
45 74
6 38
74 21
127 147
46 48
35 18
155 193
20 179
57 45
104 107
55 125
179 152
12 55
2 48
62 53
82 66
101 46
176 146
36 14
68 11
176 63
125 79
155 9
57 99
23 15
20 6
158 103
18 107
200 48
131 166
33 20
119 48
167 57
9 139
38 57
121 176
129 146
118 95
15 21
184 141
191 158
60 97
167 97
162 83
25 159
81 74
27 20
55 106
145 62
60 21
1 162
167 171
195 193
180 199
30 162
151 39
176 179
136 35
174 23
89 152
191 63
198 64
199 166
73 158
36 141
78 12
47 153
117 152
161 163
119 9
129 193
151 153
48 106
117 103
83 125
11 66
14 159
45 159
180 129
38 176
191 132
60 184
199 141
81 106
162 2
125 112
1 89
18 150
195 66
63 153
48 6
39 152
131 112
27 119
106 47
158 45
200 139
97 174
104 12
18 2
27 33
171 159
10 99
176 81
23 171
141 21
67 117
121 57
136 161
53 112
146 107
89 200
176 112
162 73
6 81
25 136
64 165
62 66
127 129
104 127
199 151
155 57
117 155
78 199
79 153
191 155
6 31
20 39
66 49
68 1
36 79
30 127
173 25
60 68
132 117
132 25
55 37
112 14
53 18
121 63
81 10
158 38
147 171
145 74
25 97
45 157
89 83
35 151
132 101
155 10
191 95
15 112
132 78
89 73
21 161
15 68
48 150
147 14
150 66
78 53
199 162
163 185
155 179
78 117
83 167
159 70
21 173
49 36
33 141
25 198
131 20
157 159
99 30
6 47
53 11
15 101
193 199
11 162
81 200
53 10
171 37
64 10
125 173
129 158
1 37
18 106
21 152
139 107
99 6
179 112
191 199
106 155
179 150
60 46
63 20
27 79
152 81
117 145
68 73
107 30
53 153
64 180
159 121
136 146
179 147
199 15
136 155
78 27
2 131
165 150
141 106
117 45
70 68
146 23
150 112
79 33
30 97
107 45
156 158
30 176
18 12
36 67
60 163
129 97
184 171
46 107
139 103
79 55
101 23
161 46
136 46
38 195
95 199
163 78
158 155
12 37
132 136
165 57
62 31
191 163
200 166
157 47
70 117
199 53
155 14
64 127
156 47
198 66
145 81
165 70
117 97
63 15
20 136
136 151
18 83
48 39
57 106
74 146
89 62
99 27
55 78
165 167
118 153
97 156
195 158
1 97
18 132
107 62
12 162
161 36
95 48
163 11
165 74
146 1
63 185
151 79
131 23
166 129
193 89
73 161
15 174
38 121
132 66
156 21
176 97
37 167
155 195
83 48
67 139
57 103
173 176
78 21
35 60
152 136
89 157
155 45
30 103
165 106
125 2
49 159
99 38
18 180
2 63
18 79
83 136
150 35
49 118
73 20
132 106
35 6
30 157
30 132
165 162
184 81
118 83
195 179
74 89
180 132
62 23
97 132
198 129
104 132
27 118
81 151
179 48
36 53
23 139
48 63
162 25
83 35
83 198
127 39
57 185
118 46
31 48
31 184
68 153
145 174
107 129
119 67
131 30
125 62
9 20
78 198
145 99
67 163
62 173
145 184
12 15
147 82
79 200
139 129
55 136
147 119
150 27
121 37
66 33
70 49
199 152
104 184
136 39
21 2
89 127
165 146
27 30
173 83
107 12
66 193
166 147
37 60
127 60
46 35
185 67
95 195
14 165
15 99
184 146
64 166
46 184
47 118
157 83
174 74
27 191
57 191
156 185
38 15
67 10
31 191
155 127
6 9
70 60
38 146
99 33
38 66
78 30
39 78
150 97
163 198
173 9
36 68
131 101
166 57
174 101
79 166
159 112
173 97
99 78
106 129
155 38
165 6
151 150
46 79
49 173
66 106
119 145
73 45
163 193
151 174
167 127
45 60
82 155
25 10
18 21
166 198
107 48
48 74
191 141
74 14
129 53
199 107
127 199
167 39
83 150
62 74
46 176
180 165
147 136
60 132
30 118
39 79
112 66
95 37
31 200
119 95
132 14
200 161
103 184
68 195
157 158
79 199
127 49
103 67
63 67
9 176
46 95
121 184
198 141
179 119
73 118
23 163
141 27
139 158
174 78
141 103
193 159
179 156
199 31
179 30
103 161
53 179
47 97
31 37
162 166
174 31
36 83
199 121
57 89
81 117
14 33
167 2
174 66
60 15
9 25
73 146
1 117
6 127
73 9
6 78
39 198
191 118
60 6
95 200
104 157
195 89
184 147
185 21
141 117
147 36
12 38
38 165
38 64
119 198
39 166
47 66
104 53
62 159
30 89
165 151
171 163
191 121
18 62
9 33
49 101
200 55
2 139
165 33
163 62
15 14
62 9
118 176
31 166
174 121
127 23
145 158
20 145
9 2
31 198
139 125
146 161
162 64
159 30
193 37
49 131
67 78
67 62
57 60
39 2
63 195
176 64
21 153
45 121
176 10
139 199
101 1
163 179
14 97
89 64
118 99
12 39
10 48
173 99
193 125
121 195
106 127
97 31
152 185
155 112
68 125
11 82
106 173
49 104
127 36
131 12
145 161
146 33
153 155
104 31
38 103
103 89
78 63
38 21
127 10
167 89
174 35
63 33
179 60
48 25
132 118
33 147
57 74
101 158
146 162
200 11
99 1
150 158
35 161
70 83
64 49
60 55
64 173
60 166
152 131
33 70
132 53
198 47
2 66
1 35
163 12
195 184
99 132
99 64
127 152
9 132
162 63
200 104
25 145
119 173
21 62
171 117
103 146
49 195
161 95
6 198
15 67
55 119
