200 10000
51 185
97 154
18 89
108 49
5 30
45 21
12 124
127 124
45 71
171 16
166 123
138 3
86 52
189 84
162 119
45 154
23 53
18 60
122 155
168 190
174 129
120 17
14 176
159 37
38 191
13 118
197 176
127 21
51 89
148 60
107 109
127 186
115 112
96 112
99 39
125 161
59 110
107 92
51 130
103 36
29 194
15 76
158 128
157 28
66 28
107 74
149 85
29 11
99 195
184 173
122 47
100 16
153 123
105 54
20 118
15 186
42 7
18 187
70 98
69 200
94 47
108 109
157 40
107 52
103 191
97 106
133 65
44 118
38 131
137 193
29 140
153 183
86 63
147 40
160 190
80 191
66 155
41 61
69 49
103 61
45 102
86 156
177 146
197 163
170 89
145 130
144 82
145 128
159 95
45 187
178 167
42 136
20 110
133 194
196 139
160 139
59 175
80 28
178 114
20 74
151 167
135 200
153 110
25 150
10 90
162 34
199 71
196 141
66 40
100 49
23 60
157 11
145 71
184 119
51 109
77 186
68 95
178 173
198 152
198 150
18 37
170 31
20 116
144 124
147 57
197 154
180 185
32 40
180 90
87 82
45 146
170 1
162 49
35 176
127 163
94 30
70 19
168 75
24 183
198 117
51 43
125 85
93 141
122 185
41 200
166 109
137 146
181 76
29 30
179 169
198 95
35 3
29 154
5 186
25 169
157 52
35 2
164 136
142 200
166 102
59 123
70 163
107 131
145 194
77 169
127 185
15 82
121 7
196 11
197 55
135 195
29 113
164 88
120 194
188 63
68 176
111 109
91 165
111 186
133 8
15 33
81 67
104 190
125 39
134 37
46 33
159 112
108 60
134 92
111 75
72 129
9 167
120 156
127 98
179 176
170 193
166 49
137 8
189 57
103 113
42 95
25 63
72 62
182 183
86 7
127 130
122 17
198 169
94 92
26 79
80 129
41 193
121 141
126 85
105 169
181 62
81 76
4 39
99 112
198 191
145 175
151 33
157 141
14 2
29 175
182 139
104 109
59 154
26 175
159 114
135 187
151 64
25 1
12 39
196 95
168 167
42 123
32 129
4 53
149 83
94 52
196 112
15 139
198 83
127 192
99 37
162 43
13 1
38 190
35 54
134 117
87 19
127 82
174 62
42 187
171 190
18 55
77 1
127 101
59 195
9 57
125 167
23 16
137 56
196 176
120 139
137 186
127 195
144 187
42 53
70 74
103 173
48 152
182 129
14 7
170 78
70 150
80 39
45 3
45 17
147 64
13 110
100 156
73 60
178 31
27 156
120 90
132 109
73 84
87 118
104 37
166 141
188 119
77 19
166 136
166 156
170 195
32 154
50 28
23 85
58 106
81 146
100 150
9 193
153 11
91 194
41 150
157 16
125 21
159 49
148 71
20 21
87 67
147 116
12 98
158 30
14 40
72 110
151 193
168 194
144 191
103 62
158 83
108 30
38 62
18 62
81 185
151 123
86 39
158 36
96 191
81 139
133 22
145 139
199 2
181 22
73 54
69 56
15 49
159 63
134 191
86 194
174 113
174 82
126 194
48 175
104 167
166 192
179 57
172 2
178 30
145 43
160 22
182 7
171 75
181 191
70 78
166 131
70 152
4 56
153 152
151 102
12 61
127 7
148 185
10 141
198 8
20 85
15 52
164 191
132 33
46 169
59 56
160 36
133 161
153 92
81 82
32 89
50 82
104 119
125 141
162 200
29 156
32 53
137 117
5 130
100 22
115 3
73 36
70 7
168 78
72 139
144 34
174 17
108 118
70 156
115 110
134 56
162 102
197 124
9 131
143 63
125 47
86 64
132 78
145 30
142 110
174 34
44 30
25 75
46 83
10 71
58 192
196 129
99 110
160 131
127 119
77 155
26 64
20 98
20 183
174 89
160 43
32 161
134 190
46 2
162 55
147 63
45 61
181 146
72 33
48 185
144 84
100 31
170 136
122 3
24 169
107 112
29 39
103 47
170 47
12 155
48 194
107 63
25 136
182 154
42 140
13 113
69 169
132 92
199 112
86 47
145 129
198 84
126 106
91 90
51 101
166 194
94 34
5 43
86 89
159 76
197 131
51 136
171 8
68 61
58 67
46 124
24 2
58 83
147 49
197 78
99 22
70 141
157 22
181 55
197 117
142 190
35 19
172 130
99 61
189 8
66 3
32 117
58 136
29 131
97 194
180 161
51 49
35 75
158 118
4 92
29 90
197 130
149 165
147 16
35 17
68 150
189 152
38 114
180 130
196 54
4 128
13 114
121 3
73 11
14 79
41 192
115 54
188 150
196 57
133 3
170 67
104 52
107 175
162 156
100 37
94 22
51 116
86 11
198 167
48 163
182 163
45 95
38 146
103 101
174 175
100 78
93 57
135 117
20 16
59 116
13 146
179 155
25 37
148 117
45 183
15 83
105 33
157 114
143 113
38 65
77 187
15 150
69 185
144 150
180 36
48 140
51 53
94 150
20 101
12 49
41 131
143 117
38 43
25 109
99 139
127 89
151 128
91 136
66 37
153 1
145 84
189 54
149 161
151 11
29 75
94 118
170 102
46 49
18 155
5 113
72 16
143 33
120 98
44 200
18 124
14 21
151 169
132 195
121 75
59 64
24 39
48 57
77 140
133 109
198 39
91 84
91 85
132 146
105 193
174 187
108 195
35 39
51 63
66 43
157 84
10 75
158 37
81 16
166 193
100 6
18 113
197 63
151 150
121 17
125 109
23 54
181 7
145 6
68 113
72 84
133 6
199 64
160 154
196 200
125 17
96 200
147 74
178 6
72 79
100 146
174 1
177 85
137 55
135 54
4 67
160 193
177 95
158 17
188 113
77 7
184 169
93 161
162 98
80 6
58 167
38 112
103 17
132 129
66 156
111 83
166 83
42 110
166 6
104 39
160 89
125 186
111 200
182 55
181 60
58 195
188 88
42 152
137 200
51 34
4 167
4 200
87 163
25 19
86 75
91 67
10 83
45 193
23 169
120 55
135 37
157 173
14 169
133 83
104 64
93 85
9 112
81 173
20 71
4 110
162 67
66 173
59 95
147 43
127 194
158 109
26 62
26 110
189 183
87 90
29 55
172 200
5 129
5 57
32 39
9 54
5 34
151 75
111 89
4 49
179 78
69 60
77 193
188 118
107 156
111 60
179 113
72 165
25 39
25 152
94 124
70 84
189 109
86 88
121 167
80 165
23 187
125 65
70 112
164 83
164 193
184 33
133 92
160 123
170 21
46 98
81 47
5 156
108 8
41 56
132 88
199 92
51 52
184 95
44 54
120 150
127 6
29 112
81 90
93 22
46 21
45 47
35 64
168 11
132 31
147 175
178 112
93 116
24 154
181 163
105 186
51 139
184 60
107 186
122 116
189 165
197 2
91 71
18 90
93 21
196 22
160 49
198 173
199 65
121 16
199 187
41 6
142 140
68 140
157 175
94 98
80 88
115 76
69 150
180 3
157 92
181 74
58 34
153 88
58 33
42 28
198 200
198 37
184 130
148 183
172 83
97 1
105 75
157 101
138 186
18 106
72 154
70 102
48 200
157 190
125 154
81 40
174 194
196 123
133 40
138 150
125 156
20 192
174 78
121 102
41 21
132 114
144 36
9 95
179 88
72 11
29 167
42 128
42 129
196 16
25 64
91 89
69 194
13 116
137 116
188 30
120 92
160 119
178 60
151 106
10 152
42 119
164 186
66 154
51 98
172 141
147 193
18 53
9 90
99 16
174 130
180 101
177 54
199 17
107 64
144 156
149 163
144 163
178 16
103 200
148 102
42 34
159 28
24 8
103 192
20 176
196 185
111 90
68 71
177 116
80 76
174 88
51 64
23 114
18 176
171 39
18 22
46 185
73 22
70 28
41 156
162 139
121 85
143 56
15 192
81 123
103 76
172 161
177 84
10 185
145 16
50 6
126 30
107 84
108 17
184 37
132 200
69 155
189 55
137 194
35 114
4 98
26 21
179 16
159 57
5 88
72 60
15 98
25 117
86 130
162 173
143 155
180 8
180 43
73 89
179 6
5 79
58 49
120 71
171 136
158 88
144 39
32 11
24 150
9 114
162 169
23 154
180 113
14 123
70 128
132 163
121 52
91 167
99 49
127 22
125 56
178 165
125 163
197 152
69 37
184 183
77 102
182 67
115 183
20 95
189 78
68 167
35 67
158 19
81 119
86 61
142 114
127 3
9 36
68 102
70 43
77 52
158 175
168 84
143 187
196 40
135 52
174 119
121 1
111 6
93 186
35 113
181 63
93 28
58 117
115 165
27 186
59 79
38 75
35 55
138 6
168 116
44 36
137 52
24 3
12 187
97 3
93 31
87 78
135 129
24 78
12 167
138 74
51 175
182 109
91 22
80 102
58 186
99 53
38 82
196 71
105 139
35 61
12 112
12 117
45 57
180 39
58 109
80 1
4 183
179 64
168 54
66 161
15 118
147 21
29 152
14 11
168 136
96 7
198 112
5 28
157 78
159 146
91 19
179 65
14 65
41 152
23 139
120 34
59 55
104 85
97 187
46 131
166 152
9 60
96 60
188 141
50 110
159 195
13 176
149 19
149 119
178 169
142 40
68 67
178 191
188 176
188 112
171 118
148 176
135 101
77 98
158 40
166 52
80 60
184 11
24 16
197 57
108 175
70 169
38 109
164 74
15 128
188 191
46 54
170 19
96 57
149 16
182 95
27 118
198 183
174 141
115 7
160 83
182 146
93 53
144 40
143 11
29 136
143 156
70 165
122 11
38 194
180 61
137 53
27 187
104 140
172 119
44 186
162 152
160 163
143 71
174 53
134 131
134 185
29 106
171 84
4 60
5 173
177 156
73 76
166 187
134 34
70 161
108 85
122 49
20 30
91 195
132 185
158 31
107 40
15 64
100 52
111 117
97 152
122 114
196 106
137 152
177 11
25 8
20 129
97 165
86 200
172 155
122 71
177 53
132 74
168 19
94 1
133 47
143 106
4 129
108 28
137 67
100 88
68 55
160 183
149 84
159 40
153 98
179 39
44 31
96 129
91 169
87 187
58 190
12 141
147 194
143 119
103 130
9 102
27 123
96 3
105 129
199 140
108 37
184 193
132 187
189 167
120 22
158 82
5 154
145 33
115 98
26 6
96 163
172 123
196 191
148 114
178 11
135 28
121 117
120 88
142 163
104 128
94 74
178 119
105 65
27 49
50 83
184 61
48 47
27 183
184 101
24 193
144 88
198 110
120 43
69 116
10 139
137 54
91 7
174 19
178 2
164 2
168 36
149 53
178 19
148 123
59 98
199 37
138 155
96 53
32 76
5 1
25 40
153 131
171 114
93 79
145 114
122 167
189 17
180 106
143 114
171 200
32 128
103 194
171 47
72 74
115 1
69 34
5 17
160 30
86 175
44 194
125 22
177 49
111 113
120 113
168 64
23 194
127 19
127 131
29 40
50 57
13 17
12 65
159 92
23 56
158 154
72 88
151 136
148 39
103 169
66 139
160 33
80 62
93 102
14 102
179 71
133 76
68 31
199 118
97 63
149 123
5 83
143 129
122 136
38 195
166 124
160 109
180 56
145 57
104 141
132 54
134 123
168 150
72 83
197 47
9 55
59 130
103 33
138 30
42 195
115 74
105 64
9 74
14 186
4 52
171 186
46 154
27 155
32 118
42 155
157 161
104 30
160 128
23 36
58 89
87 2
66 82
153 176
126 6
73 131
68 154
66 101
122 34
46 140
144 17
12 185
48 186
27 56
45 167
104 176
137 165
51 140
48 61
12 75
97 128
58 57
45 28
145 47
133 141
18 83
100 102
197 112
137 183
58 17
182 169
170 40
45 92
97 39
179 56
87 165
182 192
151 109
32 8
70 47
24 89
51 183
182 161
96 82
111 2
4 19
160 195
12 89
127 150
179 200
80 123
177 33
162 192
142 155
134 106
134 186
164 60
182 28
122 36
157 74
133 19
168 3
107 116
157 165
48 31
157 183
32 114
189 3
80 19
174 98
166 34
45 186
97 7
44 123
48 110
13 2
138 71
172 33
153 49
108 65
18 19
166 31
170 63
142 117
5 140
137 11
81 165
178 71
111 82
143 36
68 129
177 28
162 6
87 130
69 92
103 60
13 150
103 175
13 40
143 30
182 60
20 62
179 30
100 11
184 62
41 98
41 114
147 173
13 84
160 156
41 113
93 67
32 102
162 74
5 67
26 54
178 78
134 95
69 141
99 36
23 156
51 74
196 193
172 21
182 165
111 129
24 118
111 85
184 85
111 16
94 154
133 85
100 56
44 183
12 163
108 187
48 74
135 175
147 195
120 1
18 92
147 101
42 118
15 191
44 34
126 185
9 169
111 173
144 76
86 31
99 140
127 57
66 90
133 78
149 49
149 187
179 185
72 200
100 2
135 7
94 106
4 175
178 116
198 75
177 22
197 98
172 92
94 176
144 74
58 163
86 183
13 165
171 131
135 139
148 31
73 123
148 8
138 22
45 76
42 33
24 61
68 62
151 118
35 139
184 84
59 74
127 112
145 191
108 64
18 192
180 140
51 11
87 175
59 52
143 3
25 195
96 190
51 90
14 193
178 146
96 130
104 21
13 43
108 136
105 192
170 3
32 116
66 192
32 124
77 154
137 65
80 194
27 92
27 71
108 150
24 37
134 124
58 187
151 78
143 76
125 16
172 11
159 56
97 183
58 169
196 150
171 101
138 173
105 167
127 140
126 169
189 76
181 190
81 163
68 110
151 156
159 106
24 21
105 195
199 8
122 191
27 22
189 101
93 146
147 82
93 109
159 98
4 6
42 63
13 31
96 1
142 47
93 19
70 6
174 118
144 61
41 54
115 19
145 60
69 43
111 36
164 176
170 79
42 124
107 161
5 117
168 200
81 17
9 1
96 117
199 176
45 141
196 19
13 155
91 95
104 56
9 136
23 131
93 37
48 22
168 37
159 119
135 55
99 88
164 167
35 30
96 161
94 17
50 156
18 34
188 186
107 117
27 17
104 7
132 193
137 34
159 169
126 113
87 128
14 34
104 163
125 92
153 167
59 85
24 194
38 123
147 183
42 82
148 155
180 75
18 82
172 22
134 55
157 2
126 195
189 128
29 67
66 83
25 110
181 71
120 123
197 52
159 116
93 117
45 54
46 186
77 11
26 37
72 89
105 119
177 63
134 200
149 110
158 123
69 71
4 84
199 40
105 130
172 84
189 117
93 17
9 161
77 39
162 28
70 79
38 193
26 161
138 123
157 79
13 56
10 98
38 52
158 195
23 39
160 173
50 112
45 83
158 43
120 128
80 56
35 195
58 200
25 131
15 194
18 21
66 30
93 176
188 85
147 89
199 123
126 101
72 116
59 36
100 65
111 19
111 130
138 79
144 64
18 63
149 113
121 185
94 139
97 90
132 49
44 106
115 186
142 76
126 2
32 2
184 116
87 17
179 36
170 37
29 6
148 186
182 31
77 119
160 82
147 61
126 119
100 123
48 84
122 74
181 129
103 22
198 71
178 37
145 200
51 8
73 117
196 183
23 152
157 61
149 139
73 187
111 163
23 117
9 53
107 43
162 176
162 7
32 175
197 193
13 183
179 17
149 128
13 3
179 187
80 131
87 89
196 114
46 62
184 47
44 28
168 131
72 191
15 62
127 114
97 161
51 192
81 79
99 106
70 92
14 156
153 117
50 55
104 95
180 40
126 11
153 62
172 62
111 114
115 85
93 165
23 165
120 173
145 2
27 6
197 89
5 110
189 124
170 118
18 57
160 2
153 74
66 61
24 33
147 36
20 113
66 117
44 113
97 2
23 128
5 102
51 124
14 8
143 39
122 61
32 61
137 167
111 123
164 54
20 43
12 79
44 43
170 11
144 139
122 146
27 65
178 92
138 193
144 113
103 118
115 52
144 19
189 129
144 110
12 156
24 146
12 193
125 101
126 187
27 57
58 110
66 79
81 30
121 130
24 200
145 116
69 123
97 17
103 129
66 67
188 67
107 60
134 193
196 37
179 112
10 52
35 76
178 8
164 39
174 54
91 130
166 101
170 52
121 154
157 43
133 1
115 89
168 155
91 31
198 56
15 119
59 152
133 187
99 92
182 76
143 136
9 98
144 118
137 84
196 1
197 187
46 130
105 88
184 28
4 123
125 183
27 85
72 140
125 1
172 190
157 60
180 33
103 31
144 47
27 165
97 146
133 75
198 67
189 141
5 16
81 43
147 131
111 63
138 76
108 75
158 110
4 190
10 113
103 79
97 30
170 187
14 95
97 141
164 116
107 3
144 154
181 112
70 130
166 130
134 165
160 192
26 19
29 195
100 54
87 140
160 74
29 74
196 152
177 89
14 163
166 116
99 152
171 191
105 128
182 194
170 92
50 106
151 83
70 2
182 150
184 123
10 186
100 130
32 88
151 39
73 191
121 161
44 85
188 129
179 173
100 43
46 136
77 183
20 31
46 89
51 173
108 124
10 156
105 150
108 62
4 191
144 186
73 136
188 152
44 1
159 33
100 63
103 146
86 90
197 11
15 167
103 63
23 84
142 56
184 187
182 36
100 131
179 8
93 8
188 55
100 128
111 7
196 85
38 95
25 82
91 33
127 34
138 136
27 124
9 43
26 40
127 83
91 76
9 34
115 75
26 187
159 52
72 78
177 74
151 54
18 75
133 117
100 140
103 55
164 175
93 92
143 165
12 2
13 154
5 106
166 55
91 106
103 7
41 169
41 62
153 7
133 11
142 28
158 200
182 106
14 191
14 165
199 3
149 140
196 74
111 31
171 3
172 82
38 63
50 192
168 21
72 169
50 17
50 56
107 163
44 154
159 89
68 7
126 60
120 8
5 114
48 52
142 112
24 116
121 106
25 165
9 3
44 139
104 83
115 169
51 78
20 89
178 84
160 92
157 155
142 43
170 156
121 57
120 60
133 36
181 1
42 30
179 28
166 85
51 155
59 8
199 191
13 75
9 146
13 140
69 128
120 78
13 53
66 113
182 176
68 90
184 78
72 195
126 129
4 112
93 39
170 101
80 155
174 131
94 141
153 34
180 34
35 8
87 11
189 43
18 7
164 11
168 62
14 146
12 95
69 106
25 2
81 62
99 67
189 139
153 6
96 6
59 128
23 61
14 129
81 31
69 78
181 49
170 169
41 1
68 88
198 185
32 28
72 190
182 43
66 114
86 16
68 136
132 130
20 169
26 156
77 2
94 56
96 89
32 75
147 31
125 84
10 193
105 1
125 90
157 109
104 186
25 173
42 113
189 36
132 43
93 83
198 82
25 98
96 92
5 136
162 75
99 54
24 195
105 19
12 190
80 195
172 118
94 79
132 75
35 79
14 52
157 83
96 79
5 194
35 194
77 40
80 113
87 150
197 186
107 34
158 101
13 57
180 2
148 175
20 63
77 63
73 78
160 141
197 191
68 85
58 173
86 119
126 183
99 118
125 106
86 152
188 154
171 63
42 36
91 43
94 54
26 123
86 19
108 43
149 71
122 128
158 116
127 156
103 84
134 183
48 49
162 21
189 140
27 37
196 49
77 118
179 76
81 21
144 117
99 156
137 6
199 192
86 136
4 21
9 152
23 141
170 55
27 167
97 136
199 163
38 53
23 3
99 6
13 191
108 6
104 173
197 83
4 16
50 65
107 118
170 155
24 71
42 43
134 8
87 98
68 156
5 31
142 116
153 19
143 61
122 129
180 30
59 71
94 33
41 191
32 163
69 31
68 146
177 3
100 74
15 67
27 136
45 118
35 6
180 176
69 88
198 43
46 8
181 154
4 165
41 154
143 17
10 54
121 39
77 47
143 118
125 40
24 173
115 102
168 173
20 19
46 28
24 131
103 92
81 191
91 175
58 64
100 90
23 124
142 173
86 146
166 79
126 112
69 118
171 98
87 139
25 28
171 119
73 37
73 33
151 28
48 11
197 28
115 140
27 195
103 64
134 75
9 8
122 33
170 62
149 17
180 7
177 140
99 28
18 79
166 61
178 52
87 136
159 55
4 156
188 62
171 62
20 191
10 33
99 186
10 85
158 39
70 65
159 141
172 67
107 165
24 65
13 30
143 28
94 49
168 185
44 22
104 55
177 56
188 3
105 40
125 76
162 64
158 130
164 43
189 112
189 185
196 75
137 88
158 150
115 119
105 110
143 21
157 34
159 47
144 106
199 183
80 193
96 16
86 6
29 82
73 40
35 49
100 118
127 141
20 156
148 83
48 109
80 117
100 190
93 118
9 64
23 150
107 194
126 63
68 37
153 155
157 82
23 163
145 8
45 16
166 175
4 116
41 146
164 57
199 21
73 47
38 79
29 88
122 150
162 36
46 92
46 67
15 165
189 2
149 11
97 185
80 136
164 65
147 78
96 195
188 190
143 43
68 106
111 40
196 60
12 83
171 155
20 22
153 65
143 47
115 187
199 75
111 64
134 62
170 6
174 136
46 65
189 6
149 90
27 75
172 16
103 53
177 76
87 1
143 112
160 129
25 36
77 124
104 139
133 169
160 191
87 169
184 163
14 16
145 187
199 43
138 56
13 88
157 116
159 139
45 1
44 11
68 163
20 130
151 17
157 102
151 82
73 61
179 62
189 47
4 117
181 187
44 95
77 167
58 155
160 113
170 85
115 118
80 49
153 53
107 110
149 112
51 83
122 63
45 190
142 74
166 90
174 60
148 192
59 190
144 190
9 119
91 57
111 22
127 129
144 152
32 200
142 62
104 53
197 141
99 102
105 191
35 92
127 16
181 124
27 114
180 119
170 167
99 113
94 67
143 89
177 31
148 116
134 19
164 98
188 64
96 62
10 60
174 191
158 71
133 129
69 110
120 47
5 53
12 85
197 62
12 54
127 78
171 55
160 114
42 85
69 85
197 116
68 195
108 84
138 141
48 106
59 39
108 192
132 102
46 165
189 34
99 55
126 165
149 36
143 1
10 116
100 110
12 119
145 118
171 89
108 52
177 40
9 150
94 19
115 109
46 187
178 53
182 22
115 22
12 191
10 161
135 191
164 192
111 136
148 95
26 60
105 71
69 195
177 71
38 22
127 62
133 163
121 114
38 19
148 2
153 116
179 2
13 190
145 74
10 34
70 187
108 102
174 8
181 195
66 190
199 106
127 128
121 89
23 95
46 161
134 53
42 57
188 109
32 156
86 22
127 90
166 7
138 195
111 155
138 63
125 102
189 119
148 65
48 43
120 102
164 53
189 83
135 154
15 110
93 7
26 78
179 154
184 190
198 33
81 1
45 113
99 89
188 167
23 113
38 102
121 53
107 62
137 95
77 192
104 117
99 114
196 155
168 129
73 7
66 109
18 175
96 118
26 55
87 101
14 57
42 17
164 161
38 185
48 173
188 79
157 64
174 7
99 17
48 64
9 78
48 98
164 84
199 74
172 64
51 7
159 36
100 53
121 30
44 176
23 167
127 88
177 43
162 22
120 57
166 165
184 8
153 85
198 65
5 39
135 128
196 63
70 34
115 176
179 3
29 163
143 64
177 90
147 37
45 53
27 19
80 64
196 154
10 114
15 173
121 118
66 39
80 150
87 191
44 114
132 84
162 114
87 190
45 88
127 146
70 53
10 150
135 78
177 123
145 53
50 117
41 76
72 119
125 193
42 11
177 155
149 61
133 192
14 78
45 150
97 83
159 17
142 124
103 167
198 129
26 16
46 36
105 194
27 67
158 185
164 195
170 130
58 154
14 37
171 163
171 76
172 89
197 185
73 39
59 101
32 56
69 161
73 74
172 98
45 33
134 173
29 173
166 186
143 192
153 40
127 60
45 129
162 123
50 140
184 43
178 54
13 156
66 78
177 88
10 79
160 155
105 123
122 7
159 124
160 101
121 173
87 109
69 109
168 17
18 185
23 22
134 88
108 167
188 117
177 152
172 34
108 106
198 30
177 6
48 176
147 141
138 194
184 192
38 130
142 139
20 114
182 98
86 71
68 53
32 78
99 187
20 8
12 1
73 141
91 55
50 22
73 175
81 92
188 84
108 101
153 75
177 163
182 82
38 140
148 47
178 21
26 167
15 187
151 140
69 101
188 161
151 112
158 192
164 89
20 56
115 67
120 118
29 110
170 131
184 200
24 175
72 185
182 200
143 185
94 152
126 136
147 39
180 194
160 200
162 17
149 54
121 146
93 60
100 85
135 16
107 1
125 175
59 191
73 116
68 130
115 185
199 88
91 113
179 183
94 128
91 65
50 64
120 116
143 152
96 124
138 90
58 19
157 1
45 119
108 90
180 52
26 101
44 52
135 90
10 19
18 11
182 74
73 82
73 118
184 79
151 61
134 31
198 54
46 85
58 141
44 161
184 76
149 98
133 186
196 110
122 57
159 71
133 61
25 139
50 36
184 75
99 131
189 74
181 101
135 163
26 140
198 161
126 192
147 65
81 152
197 16
99 154
48 116
166 112
145 124
178 7
105 141
48 154
188 65
170 7
94 7
105 109
86 195
81 193
172 146
41 167
41 39
160 6
46 109
144 131
15 156
178 150
196 113
138 21
168 106
159 176
13 78
138 34
199 167
134 112
23 82
180 82
162 90
105 78
41 67
105 101
80 34
97 192
38 118
66 175
174 169
158 61
162 109
12 53
58 156
179 53
148 140
197 167
51 186
4 64
164 67
147 56
133 128
180 17
166 75
107 176
125 187
81 88
179 194
158 140
69 102
23 78
77 78
198 156
12 110
41 124
5 152
66 129
24 67
121 83
145 109
70 71
132 98
182 118
157 167
87 53
108 113
182 30
157 136
12 140
9 33
72 57
115 124
9 154
170 129
132 62
69 53
100 17
107 79
86 74
144 90
48 183
126 61
41 49
5 101
166 114
158 187
69 140
189 200
142 17
199 85
170 123
159 123
72 117
58 21
160 56
162 129
198 123
126 90
99 190
188 83
138 110
197 30
151 79
29 95
68 183
86 139
189 1
25 186
181 92
100 55
42 131
50 11
14 118
137 129
66 52
13 74
58 119
12 33
132 37
153 8
66 95
72 6
26 2
151 55
125 11
27 43
14 54
94 112
59 169
149 52
127 65
142 150
168 47
157 3
189 175
107 82
5 61
147 75
41 175
42 185
115 39
134 85
32 155
147 22
100 195
9 195
103 195
145 88
42 139
151 7
48 150
179 109
42 112
135 165
134 89
180 175
142 55
168 43
125 36
181 90
96 175
149 118
91 64
108 128
171 88
96 176
50 186
104 79
148 82
96 167
149 191
107 61
94 102
58 30
126 152
87 22
26 150
197 139
72 183
48 67
159 7
68 83
46 75
99 57
59 33
108 98
68 47
15 40
177 185
86 8
108 47
172 52
24 165
26 88
20 37
4 106
196 163
121 155
144 119
86 17
153 52
9 141
9 175
144 192
162 33
171 36
151 154
148 130
99 123
104 191
70 95
44 117
26 31
99 95
138 49
13 64
171 2
18 130
170 16
44 82
132 131
4 193
26 146
188 36
133 56
133 106
196 36
26 67
103 116
177 64
135 22
59 37
4 102
108 95
132 155
143 49
27 116
73 139
125 55
198 140
132 61
86 30
188 146
143 123
58 75
134 78
148 6
164 112
153 186
38 161
189 90
182 57
168 76
46 190
48 193
145 17
25 76
72 101
12 123
164 90
103 28
138 57
9 83
122 39
174 40
174 195
198 64
135 192
108 54
172 185
135 92
103 156
51 88
197 17
160 61
178 190
93 54
27 193
151 141
70 186
132 83
162 141
137 89
25 161
177 200
38 129
72 146
59 140
184 146
115 95
77 71
145 113
14 43
35 106
13 185
26 152
182 173
10 36
26 85
51 187
151 185
50 136
121 2
181 16
91 82
91 129
26 186
143 83
42 61
5 64
13 167
197 37
15 131
25 22
126 114
126 31
160 47
44 112
12 16
29 83
181 61
157 57
142 30
122 85
137 155
10 101
4 3
35 193
174 128
23 130
197 54
122 40
20 152
137 2
15 2
127 71
166 161
172 65
38 165
68 34
120 110
133 39
147 123
42 56
97 175
125 192
164 75
35 119
196 62
121 113
137 61
80 112
159 11
145 11
168 128
142 54
35 98
46 19
115 83
86 110
178 129
97 34
25 54
125 57
51 113
38 139
122 65
99 71
25 183
149 28
27 102
96 47
41 110
41 65
45 62
18 101
198 22
188 173
72 106
178 47
181 173
38 119
38 39
48 161
134 187
59 155
134 141
18 74
125 74
46 40
126 200
172 60
104 63
178 1
138 190
120 183
104 49
12 64
172 194
171 6
142 161
51 118
142 141
121 140
35 140
73 49
158 34
72 36
196 119
145 54
50 47
80 192
158 11
107 31
73 156
181 150
20 136
73 34
29 116
73 1
105 28
59 2
12 19
144 155
133 101
147 118
59 146
97 62
179 131
138 62
27 30
77 60
189 21
24 98
171 78
26 92
153 190
26 131
164 165
91 102
14 90
25 31
121 136
87 88
81 141
198 2
44 192
122 194
179 55
172 131
14 106
143 190
147 3
145 56
46 55
32 64
188 169
135 83
178 88
144 2
23 19
134 54
42 176
168 192
9 67
73 75
135 156
148 190
120 129
9 155
93 89
174 102
126 124
177 114
181 39
180 112
24 106
87 52
178 155
182 65
13 130
4 140
138 33
77 95
148 139
73 183
104 98
35 155
121 129
135 75
138 83
58 11
137 173
24 60
97 88
171 28
181 155
42 89
5 141
134 101
179 61
26 124
148 21
91 161
48 123
35 85
198 21
145 61
158 3
20 185
153 161
149 67
184 49
87 84
18 64
111 191
135 79
41 102
25 113
27 54
27 101
111 154
144 65
25 124
66 22
42 1
184 71
4 176
107 187
159 1
149 186
108 1
134 47
4 130
157 139
97 49
13 193
73 165
198 119
144 55
189 190
171 139
32 63
177 30
48 3
5 150
26 3
121 22
77 22
122 30
184 154
5 167
149 169
126 57
126 47
135 185
51 141
32 79
160 54
25 167
170 56
46 102
68 152
91 192
91 2
133 110
26 89
145 98
158 102
10 8
157 8
180 62
69 186
125 130
198 17
70 33
12 130
171 90
159 152
12 62
44 124
164 131
32 141
137 123
18 30
18 67
142 90
4 124
172 193
115 190
143 62
14 110
38 21
135 82
158 119
142 57
58 1
168 163
27 130
181 102
29 161
58 124
180 84
46 152
162 11
99 34
77 28
145 112
86 163
133 154
158 92
46 95
20 150
58 61
96 74
162 40
125 165
134 114
50 63
29 102
41 183
103 30
162 92
164 52
96 186
168 195
105 117
164 123
12 109
48 117
73 102
14 152
96 36
69 28
105 124
18 3
105 200
151 163
13 49
69 21
189 7
10 190
126 28
184 195
42 169
81 175
138 84
115 130
24 155
97 82
80 114
172 8
147 112
164 36
73 56
168 85
120 112
125 43
29 71
132 22
94 175
137 131
10 16
178 187
23 31
10 7
125 89
105 136
132 21
97 176
104 161
5 95
149 56
77 117
166 53
197 136
147 92
70 131
181 3
133 95
20 39
20 33
170 82
32 74
97 186
149 79
103 85
25 74
181 128
121 28
68 1
181 192
26 75
158 63
198 19
10 49
149 124
46 116
132 71
108 79
87 36
159 21
159 84
144 85
159 31
77 3
198 175
135 146
147 139
20 11
153 194
121 49
143 169
73 63
133 55
160 165
147 17
100 200
9 31
166 195
42 22
72 109
188 102
14 49
142 49
72 161
153 71
29 192
80 21
148 62
15 193
66 36
12 76
81 36
27 128
162 54
97 131
166 89
45 109
189 193
51 6
24 62
32 136
35 33
172 30
15 61
9 82
46 16
91 88
96 8
51 128
138 98
46 192
158 84
94 65
87 64
18 84
77 56
172 167
5 183
26 76
142 71
5 82
177 60
93 169
159 2
13 90
133 88
157 154
122 139
73 88
24 28
81 110
111 33
100 101
35 102
174 65
162 52
14 194
27 152
189 88
81 128
77 30
105 57
81 98
142 61
148 173
38 67
59 60
164 124
13 67
68 101
24 34
184 175
35 53
143 167
160 117
44 65
27 33
134 90
94 3
51 33
4 161
14 89
160 57
100 176
107 139
177 191
170 84
50 34
197 119
93 129
132 47
188 183
15 101
184 52
91 118
70 39
38 34
32 101
41 78
41 37
48 191
42 186
199 110
122 90
66 176
80 63
72 156
58 146
148 64
41 31
166 98
94 131
72 8
72 56
100 152
178 195
73 192
168 165
178 106
111 183
13 192
91 37
138 156
115 167
103 82
91 92
46 79
120 65
94 83
122 89
197 109
93 106
15 11
77 84
44 6
132 183
15 60
145 169
13 36
4 163
171 150
59 119
145 185
182 16
158 47
41 117
68 57
48 128
45 74
178 55
147 8
144 31
198 49
18 193
108 116
46 22
189 39
41 106
38 176
58 150
99 175
46 163
162 56
151 116
142 60
45 101
184 112
115 131
15 28
9 128
198 124
149 194
23 63
87 113
157 36
182 84
188 21
107 98
45 79
104 34
69 61
72 28
66 71
168 154
13 131
38 36
93 1
38 56
29 56
15 183
143 173
197 84
4 74
111 1
199 56
44 78
27 176
172 95
147 79
42 37
148 28
94 88
115 61
120 109
115 33
70 200
58 191
29 85
93 84
41 82
134 28
126 117
148 76
80 175
108 173
27 84
182 187
132 67
134 30
196 187
115 55
120 31
97 191
10 110
99 11
87 54
134 156
12 88
80 78
179 19
104 187
170 173
142 176
148 3
196 98
133 193
80 190
180 47
158 90
157 113
58 39
122 56
66 200
178 161
171 130
148 17
181 176
153 130
171 192
164 117
29 109
171 109
41 30
72 128
29 190
9 40
12 129
4 95
120 82
166 95
111 79
93 154
87 47
115 195
197 118
97 119
51 131
107 102
135 64
72 30
93 40
81 85
14 76
18 49
164 21
32 119
104 185
50 79
144 30
151 63
122 101
132 112
73 65
162 112
108 31
41 128
35 43
29 36
44 62
179 90
94 169
142 7
26 17
24 6
35 150
168 110
170 190
108 34
157 71
96 156
14 161
166 8
188 76
151 19
15 89
15 39
105 74
32 190
81 176
184 1
77 6
174 31
81 192
138 60
107 200
96 114
160 136
41 36
179 85
145 167
178 140
105 21
126 176
96 131
164 129
121 186
172 139
97 57
104 54
96 193
171 175
158 186
122 98
107 83
24 92
189 98
108 183
59 165
93 56
126 89
20 194
168 88
77 128
197 3
10 95
184 63
143 82
126 141
127 79
38 6
121 192
160 186
132 76
35 152
25 106
23 40
50 124
20 28
66 116
80 33
107 67
196 56
93 113
162 76
148 78
86 76
58 90
27 140
144 37
86 173
81 65
50 53
147 154
199 156
59 65
93 194
44 56
15 8
105 76
197 190
174 152
184 40
142 185
151 88
91 173
135 19
12 136
144 11
181 141
45 165
157 31
97 193
86 154
97 98
72 75
144 140
148 40
145 90
137 124
153 22
199 155
159 82
178 123
162 194
171 67
87 75
179 167
162 140
149 195
127 183
115 2
153 192
13 195
166 3
58 95
32 176
178 75
153 106
105 17
197 60
126 123
182 114
104 156
99 161
96 33
87 74
86 102
151 90
122 88
127 123
149 152
164 119
179 163
69 33
184 7
125 37
168 83
174 200
122 2
50 200
137 39
73 119
24 64
20 109
50 146
27 21
132 173
29 101
182 92
24 82
149 185
133 155
132 113
94 6
125 53
69 136
162 175
32 55
196 47
66 33
168 71
23 37
96 110
18 161
120 33
45 11
58 78
196 109
126 76
164 139
72 95
45 89
27 3
20 36
105 60
66 98
45 90
135 40
44 155
77 64
115 53
125 150
153 16
135 84
166 71
69 22
177 183
70 146
182 112
184 131
86 65
44 150
126 173
147 124
25 200
180 163
44 92
104 136
181 30
73 28
103 1
111 185
172 152
174 16
14 17
138 106
148 57
107 119
68 112
181 193
148 113
23 192
59 102
41 53
58 7
103 124
44 74
188 28
188 193
42 75
91 54
171 57
182 89
18 56
50 89
13 34
103 67
166 88
41 19
188 185
32 47
104 65
80 139
122 54
80 43
115 101
24 52
38 2
66 163
198 128
27 119
96 84
153 118
87 192
115 92
188 128
179 141
4 11
42 141
179 82
180 123
48 78
51 1
170 65
51 71
142 154
24 83
41 116
120 75
148 92
153 114
122 92
151 191
48 8
10 200
147 146
14 53
121 128
70 76
199 173
59 114
142 75
160 16
149 60
50 176
107 191
197 161
170 161
13 101
153 191
4 136
94 114
132 7
12 192
111 52
104 8
69 17
179 22
100 75
174 109
94 31
69 2
180 63
181 85
96 140
199 7
142 123
111 74
181 47
70 89
46 61
87 63
133 33
159 53
168 140
103 110
151 52
68 2
121 65
80 106
148 7
177 75
10 155
199 62
188 101
151 21
46 63
50 2
10 62
70 194
157 85
10 165
164 63
148 19
120 62
72 102
50 43
51 84
135 167
120 21
41 55
97 11
153 21
174 75
188 187
125 114
134 113
189 173
180 110
105 30
182 52
138 39
32 67
108 33
9 130
44 190
199 130
177 2
122 37
162 131
188 82
9 190
138 113
87 3
66 146
105 176
80 118
69 193
5 60
147 60
14 55
149 76
135 31
196 161
147 169
77 37
72 61
50 40
153 193
44 8
145 155
172 49
144 116
59 187
166 200
97 109
166 84
86 28
15 21
91 193
15 75
199 161
127 63
100 92
25 21
168 34
142 64
29 78
70 83
18 167
70 124
91 116
151 76
50 95
145 21
25 6
20 131
138 47
105 55
23 65
26 102
125 98
122 62
105 165
138 187
199 52
15 102
35 156
86 186
29 84
32 110
81 194
94 63
180 141
104 31
120 185
12 116
142 169
181 169
197 113
174 28
138 1
174 21
104 6
121 90
126 155
20 161
127 167
32 36
97 43
66 131
25 187
5 65
81 71
20 88
111 156
180 139
45 195
172 57
87 62
145 79
127 175
59 194
38 7
174 36
145 3
177 176
66 194
182 2
10 53
180 1
181 109
149 102
138 19
180 49
93 131
157 76
111 3
105 173
125 190
184 129
93 34
48 53
86 49
50 16
157 55
181 183
27 117
18 139
158 194
48 114
58 8
126 193
14 88
18 61
23 55
144 52
70 82
132 17
177 150
149 154
80 8
138 92
18 17
147 85
180 183
50 175
196 67
25 155
91 49
59 176
91 39
182 47
166 155
133 63
86 128
97 163
168 60
5 71
94 62
181 194
122 6
126 128
174 124
23 112
26 95
137 141
104 146
178 101
70 175
86 34
104 19
91 8
32 82
18 129
189 37
99 90
168 114
103 19
174 76
132 2
166 150
45 65
86 85
26 194
134 136
182 131
171 74
104 3
45 36
58 92
26 83
70 176
135 124
69 57
24 102
199 76
94 156
144 200
104 22
108 61
132 95
10 146
172 54
198 76
42 200
171 34
96 173
188 124
87 155
4 101
13 119
12 28
111 28
48 7
66 55
23 89
171 31
81 8
59 183
66 63
151 6
108 82
179 118
120 165
121 195
99 21
68 131
35 141
45 63
143 57
69 192
50 128
133 64
172 106
180 57
170 74
87 16
126 34
69 129
126 64
41 74
137 190
35 36
178 185
103 16
41 79
69 175
59 84
9 61
81 113
120 74
96 55
38 74
199 150
135 123
164 37
196 146
142 53
15 7
99 8
172 28
182 113
135 186
181 95
68 124
198 40
168 123
27 64
135 63
81 109
10 136
80 85
132 165
41 28
80 110
24 123
44 71
135 34
107 169
4 173
137 191
93 11
73 106
184 185
10 119
188 2
51 65
59 109
12 101
51 36
149 22
168 1
72 173
45 6
10 3
81 106
198 116
80 79
103 71
174 154
180 89
179 117
142 92
180 167
132 169
111 84
41 140
160 169
120 19
91 17
137 163
197 53
81 52
121 193
24 113
125 191
20 165
148 194
73 85
46 139
135 33
164 156
44 21
132 55
14 31
171 79
172 3
148 37
142 78
108 67
120 95
23 136
111 88
199 53
157 152
96 146
32 165
25 16
134 49
18 78
107 71
38 101
199 154
10 183
147 1
5 40
142 82
86 185
29 60
151 43
107 130
171 152
133 37
158 113
127 30
134 64
14 185
93 185
172 175
93 49
35 128
107 124
66 16
45 55
10 6
174 30
9 85
38 169
20 92
153 139
29 7
42 90
29 22
135 39
68 141
25 190
127 47
184 186
105 95
24 63
148 16
137 195
148 109
77 33
147 47
107 37
178 163
46 114
46 155
188 140
97 89
121 152
159 62
35 1
142 52
111 193
26 114
24 128
96 76
126 19
171 95
32 146
68 6
15 17
132 79
181 54
9 28
115 84
35 16
126 98
174 165
77 191
137 90
59 124
121 40
69 7
178 118
15 79
115 146
188 192
120 195
51 194
132 117
127 191
178 175
171 60
15 136
135 190
66 102
94 40
81 64
91 117
164 62
179 1
151 130
25 102
91 154
103 190
35 118
170 200
143 161
86 106
162 118
42 191
99 194
181 53
69 173
138 112
108 7
104 78
38 187
81 3
137 22
158 176
151 30
50 54
149 34
143 16
91 140
122 161
10 154
42 116
50 78
99 141
73 31
168 176
143 194
159 102
122 152
58 101
69 3
24 129
70 56
153 76
179 67
25 79
159 163
50 123
137 106
35 57
170 53
12 146
23 146
177 79
94 95
149 21
103 40
35 71
77 55
151 139
172 128
121 112
42 114
182 152
68 54
177 161
137 130
199 79
172 6
151 95
48 76
120 40
81 33
29 150
38 136
99 43
138 163
68 109
72 40
137 31
80 61
10 43
91 139
138 75
197 49
20 79
133 67
29 191
135 98
162 190
80 37
66 124
122 110
149 106
115 37
168 57
68 92
77 43
44 67
158 54
5 116
48 65
5 47
18 95
164 150
122 60
23 190
172 129
94 39
177 83
15 37
148 49
97 110
196 195
148 52
120 140
159 85
164 140
13 128
27 78
103 65
18 191
50 1
125 195
23 21
94 21
5 109
87 110
120 192
4 131
127 40
58 52
12 165
59 43
181 114
174 67
132 192
26 82
137 98
48 165
184 109
96 116
4 146
145 67
20 55
100 47
177 21
133 165
77 16
13 152
44 119
4 47
70 60
42 76
199 6
68 40
107 11
86 2
99 78
48 130
44 37
142 167
159 200
26 176
177 187
189 89
46 176
100 19
137 63
70 193
77 113
168 169
111 57
15 3
153 200
179 165
144 53
170 176
32 34
68 200
199 119
25 30
138 117
199 128
5 193
133 52
111 161
59 136
14 56
48 169
97 37
120 167
96 119
160 31
32 57
80 47
111 195
199 33
138 52
135 8
153 56
72 131
69 63
73 176
59 173
48 63
174 161
93 16
157 146
80 161
93 61
171 195
14 112
104 175
105 56
94 101
147 98
121 84
168 7
81 117
50 30
158 78
105 82
111 110
5 76
96 2
121 64
15 88
100 167
158 6
97 173
137 60
184 128
100 33
134 146
166 118
26 53
104 124
138 183
35 136
134 116
14 28
126 33
68 192
10 55
158 79
121 61
178 130
108 57
181 106
100 39
164 163
159 186
134 110
160 85
162 8
35 11
126 67
15 95
25 141
46 101
198 193
96 169
51 16
100 8
97 139
87 114
174 47
172 43
105 113
199 136
115 150
181 31
170 116
23 90
145 1
197 7
164 130
151 183
32 65
5 98
145 140
50 141
158 152
144 169
58 6
180 78
70 62
145 119
44 173
77 152
100 185
151 92
24 141
73 52
50 60
135 67
87 55
24 163
87 146
38 117
188 57
80 31
142 3
137 83
147 150
153 31
29 61
44 146
135 152
45 56
25 47
13 76
72 113
125 173
125 71
15 92
153 128
122 117
80 140
133 156
27 8
197 19
97 31
77 109
180 154
115 90
35 83
77 129
27 88
66 17
189 106
9 124
126 130
26 193
196 186
50 190
198 52
145 22
121 119
97 16
177 136
26 119
97 95
137 175
179 49
159 117
115 30
14 200
166 65
4 65
77 75
182 116
68 75
143 40
182 8
180 169
93 130
199 82
70 90
108 63
162 39
157 117
180 19
143 7
149 92
100 109
100 163
27 62
107 183
148 101
29 129
134 163
164 56
81 124
51 154
51 79
14 74
171 187
160 176
134 140
199 124
12 114
23 43
87 71
45 185
59 83
94 165
96 185
170 34
93 112
120 37
38 11
162 30
9 140
177 112
73 130
180 79
51 163
99 31
10 65
35 52
18 112
26 117
50 131
48 79
107 114
59 156
10 2
198 106
122 67
50 84
107 89
104 106
133 139
138 146
159 110
144 71
184 155
189 67
103 155
50 21
189 150
94 36
66 60
138 40
44 175
126 190
9 139
142 34
171 54
41 90
171 70
29 107
35 164
18 100
26 29
177 178
162 138
32 120
166 48
148 188
48 198
122 23
189 96
107 125
24 97
151 153
159 120
122 24
134 13
9 70
115 59
27 94
188 174
68 93
145 80
197 23
127 80
122 80
86 184
27 127
149 142
69 171
188 35
171 5
153 99
23 174
174 159
59 80
99 134
170 160
178 77
177 105
158 42
182 94
148 134
199 5
91 164
126 42
50 72
50 86
147 97
66 166
77 81
182 174
174 144
29 137
38 72
44 160
104 66
138 180
73 181
170 159
143 168
125 13
115 9
127 157
59 86
172 81
104 86
20 122
153 142
72 144
41 20
58 81
26 97
5 26
46 70
100 180
69 135
158 9
174 46
13 5
29 104
26 149
25 142
70 142
58 115
127 94
144 148
132 20
81 29
178 137
115 50
86 145
58 127
58 137
24 172
4 137
23 160
115 145
91 111
13 144
80 168
168 100
81 25
100 12
77 157
38 59
197 178
120 138
188 41
4 143
27 179
174 70
111 134
177 42
180 189
29 197
181 9
108 132
4 20
26 172
27 80
182 160
94 12
50 29
120 158
111 48
48 105
14 29
20 133
177 122
14 99
181 115
27 38
188 91
103 91
199 144
107 121
151 137
164 172
132 181
108 20
68 59
166 44
137 94
105 184
87 103
198 45
103 72
182 45
135 182
58 29
24 48
127 59
135 58
180 170
144 107
14 59
96 198
181 199
134 72
96 178
164 184
94 108
134 44
153 77
87 23
160 126
48 137
153 125
184 18
42 153
4 135
179 174
149 70
138 121
189 44
133 104
108 199
4 18
104 72
164 143
38 197
96 179
107 153
137 26
199 86
25 182
138 42
134 77
177 199
149 80
25 86
68 198
45 42
159 27
199 179
196 162
143 27
170 177
168 172
66 126
153 50
81 132
151 80
179 166
170 72
133 138
151 12
142 104
168 148
94 42
122 81
115 41
58 180
144 182
20 9
196 51
132 25
115 144
158 121
121 168
70 147
120 80
44 99
122 26
111 10
41 26
170 153
15 35
70 182
32 166
46 24
15 197
121 184
86 72
9 80
144 189
125 51
25 10
48 45
148 93
27 174
145 111
157 25
68 158
144 38
27 48
178 41
133 42
122 166
103 73
180 20
122 12
87 45
196 159
160 197
70 125
145 184
199 159
51 199
148 184
70 120
160 87
125 94
27 41
97 20
127 50
23 142
12 157
97 23
15 25
69 35
153 97
149 69
72 145
132 199
171 120
13 10
72 177
115 121
174 86
20 172
126 137
189 73
159 115
97 198
46 115
104 151
70 15
68 66
41 87
99 180
170 38
149 48
179 164
134 80
87 138
199 125
24 180
100 137
132 126
126 35
171 13
143 97
121 99
5 170
68 133
14 27
126 23
143 142
46 143
157 160
25 166
134 100
81 51
182 138
189 133
120 27
96 14
162 145
35 32
132 13
12 132
104 69
133 135
15 182
197 104
66 15
59 58
48 103
138 151
23 178
166 46
86 38
69 188
80 172
41 25
143 111
26 125
29 41
44 48
177 137
188 4
51 170
24 58
108 69
51 66
135 122
135 24
164 148
168 23
143 120
51 164
162 144
45 143
153 45
105 197
10 66
196 38
120 23
145 18
121 91
44 177
115 177
164 145
9 29
41 182
24 26
142 103
91 162
180 18
189 10
148 197
58 97
23 159
168 13
145 24
121 32
121 104
107 120
132 29
143 42
162 35
107 18
24 143
197 135
189 97
198 42
157 159
46 69
91 107
14 171
127 188
142 35
66 181
14 147
158 108
59 29
168 68
73 188
42 105
180 168
172 149
170 58
178 32
122 96
168 96
172 125
197 142
41 160
158 48
160 5
166 133
179 87
42 96
174 170
177 94
104 127
151 166
13 153
12 184
157 166
70 159
158 164
10 73
107 14
147 38
50 189
86 41
73 126
45 172
51 157
44 122
25 125
188 160
177 45
70 94
18 58
73 151
42 184
144 159
170 93
4 91
125 137
143 14
46 91
143 178
35 99
103 44
12 149
15 59
25 199
145 188
51 149
25 149
58 45
10 108
115 4
12 69
13 199
159 197
111 107
41 42
145 147
111 81
104 96
4 103
189 103
68 104
143 66
77 15
25 87
162 42
68 182
142 188
184 35
126 107
66 93
133 134
148 180
14 103
32 127
77 91
100 13
166 189
153 177
149 35
38 10
50 160
14 46
38 12
198 20
59 168
145 41
111 144
48 188
199 170
23 91
179 151
134 145
86 164
188 143
144 15
180 41
162 59
135 189
153 188
121 188
121 38
14 159
153 15
148 12
197 137
103 45
172 68
26 72
51 143
178 14
135 198
170 164
160 70
12 164
72 166
4 100
18 69
94 14
162 179
46 162
72 196
166 127
105 86
159 25
69 115
18 51
46 170
178 29
159 42
199 153
97 10
168 144
198 35
188 170
20 27
46 58
157 58
168 147
70 151
24 179
100 45
9 144
87 144
115 15
159 122
26 182
51 177
157 147
38 5
189 9
133 107
108 138
42 127
86 158
171 42
14 66
134 151
32 70
38 23
38 177
179 51
93 27
15 159
72 70
12 180
126 29
171 86
133 126
69 29
133 132
44 198
137 105
66 135
160 177
145 168
145 177
59 174
66 46
121 143
72 105
35 145
137 111
29 13
42 69
69 99
32 157
122 162
153 166
77 42
160 103
162 25
197 121
162 48
188 32
100 127
81 126
157 144
199 91
4 87
122 127
44 147
182 96
122 133
115 122
180 151
41 45
149 42
135 142
27 196
162 10
108 32
100 125
174 80
51 9
81 142
97 188
147 177
51 13
172 41
104 91
198 70
198 179
24 111
137 134
111 138
157 50
87 171
133 158
46 182
27 35
166 103
5 180
134 178
143 23
46 145
69 197
32 138
18 188
151 100
120 137
134 196
45 46
29 80
51 127
137 96
181 138
96 197
99 97
137 86
10 196
18 162
196 5
105 87
20 111
99 160
38 91
115 86
81 125
103 27
133 81
41 197
41 100
18 108
5 158
42 59
14 134
158 126
15 196
100 70
181 166
162 81
48 142
4 38
138 144
126 9
48 14
127 164
51 87
41 164
48 77
199 107
166 168
66 122
108 120
81 174
73 134
153 135
99 42
159 38
158 197
23 188
149 198
172 181
147 120
9 105
29 143
4 151
104 147
10 149
162 104
50 27
42 181
115 180
96 35
197 93
157 104
26 107
196 48
68 96
10 69
179 80
149 13
48 172
181 107
104 15
29 96
15 162
164 104
178 9
133 14
178 72
145 73
174 66
10 45
9 97
51 72
181 94
149 134
81 157
15 41
91 171
142 93
15 73
134 160
10 86
134 48
27 100
44 142
48 99
70 18
93 20
25 77
25 174
149 24
80 148
148 179
180 80
148 149
179 35
86 68
198 126
32 142
125 147
5 162
172 180
166 99
51 158
134 143
9 26
157 5
143 125
100 108
94 144
177 189
184 107
177 172
45 196
180 35
196 149
151 184
120 73
132 158
58 189
134 127
135 38
94 134
14 121
120 181
24 51
115 44
5 45
189 160
93 45
32 69
26 179
29 168
23 15
164 44
46 138
184 108
179 122
170 179
168 138
70 138
23 29
73 27
42 144
45 107
4 164
81 107
172 25
91 143
50 198
13 145
41 171
35 144
126 69
100 97
81 4
38 145
148 15
180 142
198 115
94 199
103 25
41 50
87 104
111 59
23 12
199 26
45 171
159 32
157 108
26 91
45 9
35 91
138 59
188 66
9 108
182 66
126 153
35 9
159 164
108 25
50 81
25 151
93 38
97 138
158 93
104 26
105 121
125 86
184 158
66 69
122 168
164 132
91 179
94 18
159 58
77 44
96 87
135 170
69 177
15 179
174 51
10 199
199 134
177 143
189 178
147 135
197 181
127 91
122 144
147 184
97 135
184 197
20 94
145 121
147 174
188 70
4 13
59 181
178 120
180 27
181 4
59 160
44 58
168 162
13 9
132 144
120 184
122 87
104 97
80 73
58 41
96 44
4 142
41 77
93 188
143 147
142 189
59 170
81 104
166 121
26 196
182 59
127 144
105 70
196 44
20 121
32 199
46 5
133 115
199 157
5 178
70 68
86 18
184 181
181 127
149 166
97 133
32 73
48 135
68 126
59 142
94 59
58 25
23 166
158 94
70 97
51 68
58 198
23 149
68 18
48 72
9 166
73 153
29 125
182 132
137 20
181 81
181 144
158 174
107 73
179 50
153 51
45 133
105 160
159 68
58 80
149 93
107 134
10 23
151 164
26 25
9 99
25 189
23 5
4 107
138 177
12 162
26 69
87 184
50 38
18 189
23 13
120 103
70 153
15 10
122 170
91 51
135 126
94 44
174 199
100 160
182 81
159 80
188 164
5 73
157 14
104 115
99 20
160 35
41 121
69 148
94 50
35 177
198 134
35 104
153 44
26 147
145 125
86 24
135 14
103 174
177 50
184 73
180 126
42 97
147 198
46 147
23 77
125 142
196 73
4 172
198 14
48 46
73 179
199 147
46 177
20 135
72 69
132 51
160 199
41 198
151 196
168 184
120 122
189 138
26 120
151 81
111 197
59 121
93 103
9 198
174 26
77 20
72 157
103 81
147 132
166 170
81 46
149 115
111 127
189 100
91 170
171 18
99 50
198 157
177 97
198 86
13 70
9 196
70 172
15 48
94 58
149 94
20 158
198 18
143 197
104 25
132 35
142 179
69 20
93 179
137 99
50 149
180 25
94 103
120 172
127 138
149 188
80 5
121 48
158 100
59 184
42 68
69 164
104 148
181 97
164 26
164 87
143 132
132 10
108 38
138 99
134 4
134 35
81 115
170 108
135 181
179 44
58 14
108 160
103 147
50 125
15 38
35 115
15 100
144 120
66 77
10 147
133 120
25 144
189 68
50 91
142 122
100 38
160 149
135 137
137 45
111 122
182 5
86 162
162 41
181 196
127 18
93 105
87 143
87 18
132 44
93 9
97 87
157 35
178 157
96 180
182 196
108 180
87 145
115 27
91 29
99 51
42 25
15 137
66 180
137 66
73 20
51 111
121 179
59 12
81 197
38 94
10 180
68 107
132 172
111 96
105 18
4 177
197 132
151 181
87 15
120 18
179 107
148 162
66 81
94 13
143 18
27 91
125 58
96 15
171 59
81 143
103 148
125 108
184 134
100 126
147 45
132 103
164 97
9 10
133 32
86 108
93 171
138 96
162 180
77 10
50 178
177 10
91 197
189 104
153 24
26 144
23 107
122 93
148 157
160 125
77 171
157 59
115 111
68 14
198 4
199 100
166 26
103 157
94 25
13 66
178 184
80 77
182 172
5 121
23 133
177 133
115 38
198 5
38 73
120 41
179 147
170 77
184 159
181 168
77 46
48 25
199 111
99 96
4 126
142 46
24 50
26 12
5 24
198 72
166 70
91 42
20 23
12 166
50 181
38 134
24 121
80 42
58 105
197 171
35 158
153 93
184 115
181 159
96 86
96 151
100 174
68 26
58 23
172 87
157 68
198 148
133 105
97 50
133 93
5 9
13 86
12 42
73 87
137 87
27 72
29 70
177 120
151 199
42 4
58 158
105 80
153 178
135 168
69 189
115 172
143 181
120 145
153 157
10 41
32 51
80 100
108 174
196 171
105 15
177 32
10 179
171 178
46 135
45 181
170 87
189 86
180 105
32 4
197 27
72 143
168 151
135 77
151 178
198 162
99 145
46 171
115 158
59 69
168 199
162 4
179 97
120 14
188 111
122 10
46 73
132 178
42 48
42 51
99 105
73 137
179 181
91 145
162 199
166 174
18 168
196 199
126 103
97 170
15 174
80 198
10 137
171 32
32 148
46 23
133 80
144 14
108 115
171 189
96 144
120 127
12 138
13 174
135 27
142 38
96 171
26 10
59 48
182 44
148 158
44 171
162 14
45 178
153 143
41 96
132 196
148 196
153 96
115 73
160 29
166 134
126 148
149 127
125 14
68 81
196 111
91 20
188 9
94 121
93 134
73 132
68 5
27 132
72 42
105 122
15 50
197 162
171 198
108 81
12 103
143 108
122 32
172 145
91 93
18 138
69 184
149 14
159 198
199 172
188 157
180 158
189 38
179 70
94 180
180 178
99 172
142 160
138 9
97 115
103 66
159 105
166 20
41 13
103 182
46 159
143 149
87 199
29 172
133 13
81 199
196 24
166 148
4 174
172 179
103 5
145 27
111 12
137 171
168 142
58 184
126 108
137 121
104 50
93 137
157 151
77 51
27 111
5 137
164 171
96 177
148 115
134 177
198 174
35 171
13 45
96 170
171 138
99 25
103 180
35 182
103 159
99 133
91 105
198 120
108 107
133 144
14 177
10 197
159 13
12 181
142 107
24 80
68 73
73 149
145 15
27 153
72 160
13 111
153 103
134 46
134 120
160 153
147 105
97 137
151 51
13 27
41 73
58 122
27 158
35 168
107 147
105 14
132 125
10 99
196 138
126 143
184 9
197 25
162 159
10 174
96 13
133 58
159 87
13 26
26 189
20 168
153 72
58 179
9 160
148 133
99 158
13 121
153 179
189 162
100 145
147 178
158 143
172 73
46 68
151 42
25 138
121 172
197 97
144 145
87 162
107 51
93 5
24 199
188 197
5 181
69 58
142 111
151 170
50 46
170 48
174 97
13 44
107 72
111 151
32 115
9 24
144 51
100 69
51 97
59 5
135 196
189 111
72 32
108 121
9 162
148 105
107 99
168 10
105 164
159 108
72 135
164 125
26 100
104 32
132 18
105 27
160 174
77 120
111 179
149 81
103 23
51 108
45 127
122 188
93 24
27 178
142 13
127 24
12 25
182 157
138 166
122 48
69 151
162 77
12 153
198 184
126 182
198 196
23 145
174 151
120 142
120 59
159 72
35 5
70 199
170 172
26 73
189 13
93 77
133 182
32 151
132 153
91 137
15 111
115 26
171 4
171 58
24 25
158 25
4 138
12 24
70 77
9 151
144 29
179 86
66 105
157 126
91 81
45 189
196 126
26 44
188 58
135 174
70 107
121 25
32 94
179 120
20 24
184 103
77 58
13 58
45 12
177 86
46 160
59 198
93 127
9 133
29 133
77 38
147 50
99 100
99 198
147 164
148 4
100 24
184 138
120 68
145 135
44 168
162 160
143 13
149 120
170 125
160 104
170 134
45 73
151 44
138 198
178 4
72 147
41 23
25 27
137 35
166 160
97 86
29 138
45 166
111 69
178 181
145 196
158 135
121 86
144 179
134 87
149 59
73 166
10 182
198 87
26 126
99 181
137 51
68 35
93 35
142 24
94 80
143 9
105 45
125 32
9 132
80 199
66 91
86 182
29 20
135 96
189 14
184 32
126 164
147 159
121 81
138 58
178 115
172 50
151 10
46 72
44 68
58 120
38 66
197 77
81 59
132 94
196 147
44 66
99 132
178 158
111 158
162 96
122 121
81 5
10 96
48 148
29 5
18 93
94 91
18 29
91 13
180 135
46 59
184 96
5 107
45 35
196 184
68 29
197 164
142 121
132 66
46 126
108 46
44 145
127 20
107 97
189 134
180 174
151 171
188 12
77 12
59 35
133 121
178 107
58 166
149 104
13 97
87 24
4 99
126 97
24 44
142 170
58 86
100 96
23 72
135 68
171 180
177 126
197 32
42 23
126 189
99 168
182 137
93 44
103 122
41 68
157 172
41 142
46 18
94 72
103 178
142 157
32 170
45 24
184 72
159 5
72 14
142 58
94 170
77 100
197 20
32 172
122 13
35 170
135 41
189 137
81 120
159 125
142 127
77 96
48 181
180 147
12 120
66 48
174 50
178 81
93 80
157 66
38 143
178 105
104 125
66 59
100 20
145 151
135 134
181 100
164 96
15 5
29 135
121 72
99 68
24 158
127 115
172 97
18 48
35 50
81 20
18 96
13 166
144 69
86 178
18 181
100 121
125 12
69 81
107 100
51 46
160 164
107 180
27 99
122 107
188 126
105 179
184 77
12 107
177 125
138 86
115 188
93 145
25 4
81 189
144 32
41 111
178 87
42 66
133 72
9 25
104 166
151 45
199 48
93 12
184 15
27 162
127 121
12 172
182 180
153 171
46 180
148 35
25 59
115 126
20 48
44 72
41 122
5 69
107 48
86 46
145 32
196 32
142 51
18 66
77 199
157 115
94 73
5 100
27 5
66 148
144 97
87 50
5 12
5 149
197 151
87 174
147 23
125 80
99 104
13 158
180 42
93 135
20 184
93 120
18 153
107 10
4 26
174 137
166 105
68 91
42 29
24 197
50 188
73 125
29 115
38 105
80 70
12 171
182 197
160 181
125 148
73 177
181 162
162 26
164 180
4 147
35 4
12 73
115 20
184 50
13 24
91 174
138 160
177 41
108 12
172 196
86 91
148 68
68 132
20 157
45 94
168 5
120 132
157 70
58 20
81 23
172 147
137 160
86 94
41 157
182 69
184 25
172 111
87 38
177 103
151 158
157 135
145 29
96 158
15 13
20 145
23 93
105 181
142 132
86 142
199 44
104 153
174 99
38 178
188 29
111 18
178 145
171 111
108 80
70 189
153 196
38 198
10 127
38 45
105 132
15 81
73 25
179 168
104 70
13 181
18 126
196 179
177 80
171 126
14 168
107 24
32 99
168 66
121 199
15 32
137 77
166 4
121 157
145 137
94 104
66 189
178 133
23 18
94 96
15 68
80 41
50 69
149 144
151 50
111 87
144 172
32 149
184 80
148 70
35 18
120 69
96 160
97 162
196 164
147 151
184 171
50 77
145 59
145 81
73 77
164 48
51 198
170 127
27 32
127 135
26 108
148 94
41 46
172 137
93 126
86 153
153 38
170 4
125 144
158 32
59 133
166 59
147 108
99 178
80 115
35 138
162 45
69 107
170 9
51 103
184 135
179 20
70 81
24 182
58 196
121 132
121 126
120 15
93 46
44 41
99 135
26 93
179 178
166 111
120 10
188 44
91 58
108 59
18 196
184 91
66 179
10 125
5 44
44 107
14 126
9 157
51 58
184 104
93 143
184 94
44 125
199 66
38 138
105 188
158 107
72 171
20 38
104 42
127 87
162 143
137 14
27 45
23 182
32 44
122 69
29 72
179 69
45 125
181 14
197 157
144 18
13 105
138 153
105 103
108 104
160 68
15 45
23 132
24 103
50 159
48 125
174 145
127 158
45 120
13 14
105 46
9 73
4 23
126 162
148 5
32 77
73 111
99 77
96 199
91 108
153 5
153 159
66 100
108 127
174 24
199 68
59 93
103 133
151 189
73 147
9 148
151 132
26 51
94 133
149 122
80 48
77 132
15 122
134 20
174 20
72 142
69 133
160 168
25 134
166 14
159 4
103 179
180 120
125 149
91 196
97 159
168 178
9 168
24 29
13 46
9 137
122 125
70 108
50 44
44 170
168 38
77 196
13 38
14 153
111 177
135 159
70 196
18 149
69 162
32 105
180 121
172 93
166 132
70 103
96 148
24 68
45 174
32 189
73 121
99 86
12 27
38 158
66 32
149 159
148 121
59 13
18 151
73 171
126 151
20 68
168 197
115 87
35 97
86 23
86 188
168 42
142 9
177 99
105 107
168 149
24 99
66 9
104 143
135 70
182 111
149 108
111 126
142 80
97 38
181 157
158 41
12 104
144 171
168 25
158 80
172 77
15 12
50 51
158 15
69 27
80 26
44 138
125 93
171 50
198 10
162 73
134 15
166 172
168 45
171 177
122 51
120 182
143 127
138 23
182 77
23 196
147 58
12 197
72 12
166 27
4 133
29 157
51 148
104 100
68 4
46 148
80 72
66 196
86 127
174 133
94 46
162 38
80 107
138 125
180 97
170 12
45 158
29 25
46 188
127 23
177 93
179 138
29 121
159 24
4 45
184 27
105 153
38 182
125 68
86 73
9 15
127 9
73 168
197 44
170 132
144 105
158 77
158 188
182 145
77 87
51 104
134 66
153 4
111 5
174 32
14 182
178 42
157 94
148 182
41 174
197 45
103 171
25 164
99 41
178 174
180 184
166 87
69 147
170 69
59 197
14 188
15 42
105 44
149 111
58 178
159 143
170 103
51 172
164 138
122 29
70 25
189 181
59 23
137 108
142 26
127 41
151 29
99 197
143 115
134 68
143 170
80 4
100 148
68 115
104 44
69 181
26 138
168 51
125 18
58 177
178 46
181 26
100 153
188 159
86 157
94 77
134 121
24 134
96 196
50 14
27 68
20 59
72 127
122 4
172 160
20 189
145 133
134 180
87 100
147 48
145 96
198 122
164 94
107 188
148 20
5 42
199 137
91 147
14 127
132 24
164 9
50 23
26 103
189 72
159 166
103 115
122 50
164 122
107 96
4 14
126 5
38 26
196 197
151 148
149 105
18 72
20 143
68 171
12 81
164 144
133 15
174 162
94 172
42 132
29 87
127 66
125 35
107 196
72 148
20 18
42 50
68 179
69 168
44 87
196 127
94 105
24 148
10 87
108 66
159 69
59 26
171 188
132 5
12 10
91 172
162 137
182 164
164 5
97 32
108 27
14 111
87 80
189 77
148 45
159 96
42 108
142 10
10 32
70 162
108 133
15 160
29 38
199 12
168 111
171 24
177 108
81 144
93 182
127 182
87 72
149 151
182 48
59 105
18 10
81 48
103 149
66 147
100 198
143 198
177 158
15 188
27 66
5 189
87 157
100 44
170 25
199 178
80 171
44 12
35 80
181 153
132 15
93 10
188 151
51 133
4 189
73 148
91 70
197 144
158 147
164 99
198 178
104 180
91 198
18 137
125 59
182 158
181 182
115 170
100 159
10 80
133 50
170 41
70 10
179 132
86 168
103 198
23 171
48 29
96 166
20 126
68 142
96 72
171 97
126 134
4 94
100 135
86 197
133 100
104 199
180 93
32 181
126 80
93 160
170 66
160 69
104 103
105 29
42 18
73 14
27 18
147 12
50 9
166 97
77 35
157 91
180 160
77 160
70 50
137 147
46 127
66 58
144 50
35 122
87 126
172 135
160 143
108 164
10 133
35 48
142 91
77 86
45 111
189 108
122 14
199 182
93 181
48 144
170 147
70 164
149 138
188 135
27 24
145 9
184 111
138 51
142 100
100 164
164 27
26 188
135 104
134 23
97 134
14 97
196 121
81 14
35 174
135 91
97 48
125 99
149 189
147 111
48 138
12 121
157 99
107 177
125 127
48 41
120 42
130 150
82 79
124 119
119 34
22 102
16 3
3 186
119 112
173 187
71 152
52 141
37 40
114 165
156 194
22 128
165 65
114 154
106 7
3 67
175 136
146 39
34 152
117 167
53 22
185 6
90 112
28 167
124 169
117 79
130 6
89 11
82 130
195 101
7 194
8 31
154 7
74 139
110 63
60 43
74 76
169 95
17 56
22 175
30 187
176 21
79 49
37 118
16 163
60 79
57 116
67 76
129 155
139 161
57 183
150 101
176 11
3 116
36 61
92 21
83 52
185 140
61 124
17 36
192 131
98 34
78 146
131 102
84 3
57 185
2 95
185 123
102 98
76 165
101 11
117 75
185 113
61 173
1 92
112 106
183 190
19 193
83 65
200 65
156 131
31 22
17 37
62 52
114 82
200 2
163 53
194 11
154 173
67 106
118 60
22 124
123 186
54 75
114 119
3 130
152 31
114 152
78 21
102 193
139 106
185 31
11 116
16 190
65 114
30 163
129 119
39 52
62 123
176 130
173 155
62 114
169 123
71 109
114 141
83 61
116 17
43 88
95 90
163 56
136 191
116 167
92 74
17 11
167 183
106 57
30 169
175 56
169 193
11 6
92 16
193 31
195 118
117 95
154 106
78 11
193 131
39 17
186 16
21 1
82 183
95 61
74 22
52 74
85 17
92 165
141 193
129 57
165 190
88 156
34 123
101 31
37 163
7 200
36 98
52 82
76 185
36 129
71 114
16 154
155 185
102 76
152 167
146 83
106 78
30 106
131 98
163 119
193 152
22 163
163 82
190 82
116 109
79 75
53 110
63 187
167 119
114 85
176 193
139 2
123 60
118 102
123 40
109 67
161 84
140 136
62 113
40 140
139 31
43 36
101 76
161 195
39 114
53 98
2 78
190 140
55 1
113 8
33 194
55 22
173 31
194 47
123 61
155 3
16 82
110 84
154 19
52 150
173 183
37 3
90 110
53 39
19 84
140 11
63 176
64 117
55 61
53 118
146 7
39 150
52 173
193 129
49 155
37 19
65 47
186 191
83 40
190 161
1 95
175 176
39 78
19 52
53 186
53 28
36 76
118 63
90 67
141 74
169 106
118 89
114 76
47 8
17 71
124 187
88 83
71 74
40 49
61 150
33 190
28 113
98 187
57 67
54 7
16 75
150 76
129 19
84 40
60 165
150 47
17 110
43 131
117 186
40 113
175 6
161 187
17 113
16 175
88 187
74 163
65 101
89 21
185 36
193 150
52 95
84 112
89 8
186 109
52 146
109 173
57 114
92 183
63 76
7 156
21 47
101 165
128 154
150 95
82 56
175 146
98 21
176 106
43 75
106 21
95 57
33 19
194 112
47 57
43 7
67 40
110 54
92 176
163 89
43 54
61 60
83 195
65 117
116 186
136 192
65 191
136 195
83 150
128 90
169 113
52 156
67 130
163 129
136 102
113 102
65 28
194 65
131 124
200 192
61 165
169 183
176 136
2 175
200 90
8 136
17 192
84 116
60 176
183 55
30 83
139 3
74 49
136 116
141 6
34 82
176 61
124 136
31 76
116 95
163 21
88 128
3 49
175 33
139 98
155 37
140 129
90 150
84 114
2 90
62 83
40 75
16 117
49 150
161 173
141 154
190 176
56 139
79 118
112 113
156 124
82 83
11 67
117 28
74 62
152 98
90 124
75 33
131 117
191 75
8 195
98 200
114 92
92 78
21 187
89 53
92 8
62 139
53 6
85 163
124 19
33 200
200 113
16 169
11 65
84 152
28 40
64 130
37 95
113 52
194 118
200 30
22 116
36 119
33 60
82 156
131 19
130 136
139 124
193 28
102 65
60 39
161 21
36 139
75 52
55 194
60 185
2 19
185 63
194 187
191 109
161 71
186 52
141 118
31 63
130 31
154 84
79 128
61 17
19 92
90 191
55 74
7 82
82 85
54 31
3 22
1 49
141 128
155 191
89 64
146 95
129 30
85 161
40 187
124 43
16 64
54 19
57 136
150 110
192 63
119 16
136 95
200 193
11 36
141 163
84 190
176 76
31 64
11 146
64 185
64 140
118 95
19 95
63 19
119 67
52 71
33 61
154 17
101 106
82 57
190 129
155 186
95 82
75 152
191 114
83 117
54 55
49 176
21 28
76 146
60 1
155 128
187 140
21 116
16 167
62 195
123 30
75 60
176 56
55 6
150 84
152 33
195 57
83 63
8 30
109 187
22 1
102 43
169 139
88 165
6 78
61 187
67 136
112 193
83 56
2 141
49 33
43 150
34 128
60 37
88 52
90 183
88 54
186 175
167 36
34 131
150 163
71 65
65 146
124 150
79 163
37 57
195 152
113 47
117 63
49 60
28 156
117 11
165 193
60 190
49 169
62 131
110 183
47 98
155 7
114 78
150 19
79 146
57 17
49 6
11 192
85 56
98 63
79 123
187 84
165 183
146 33
102 90
101 102
106 185
150 7
191 98
83 55
88 30
8 7
22 195
6 64
175 192
61 154
63 109
54 156
156 47
79 57
22 39
83 112
31 146
40 130
163 161
154 63
156 55
61 98
190 36
36 117
60 141
62 40
130 173
112 8
195 128
113 7
57 156
71 102
3 112
82 195
36 191
102 200
163 31
130 76
186 163
53 76
22 34
194 165
102 169
165 140
130 95
37 191
156 155
62 141
54 39
176 53
40 1
124 67
187 62
119 1
82 119
65 136
47 101
30 49
118 119
6 57
84 124
76 187
63 169
90 165
124 141
161 74
34 173
156 36
64 161
109 49
57 92
176 22
71 98
39 141
63 112
191 169
55 71
6 155
85 75
67 22
30 71
6 192
47 75
67 167
19 109
62 30
130 161
79 83
98 176
98 116
31 90
39 193
34 109
186 98
141 89
11 114
75 140
156 163
183 129
175 1
101 34
193 8
2 195
34 167
191 85
116 6
186 194
109 74
40 101
76 65
150 116
53 154
112 39
139 1
54 119
95 71
56 113
47 78
141 190
21 119
90 37
139 39
193 175
200 37
119 140
173 56
79 124
89 183
36 52
155 2
124 6
109 37
106 62
119 53
21 95
62 116
11 109
92 85
43 173
6 190
52 140
6 67
154 131
175 21
88 113
47 191
43 90
55 195
47 37
186 187
67 186
124 16
191 39
113 163
113 22
191 49
76 88
200 183
106 16
116 156
140 76
90 28
141 28
11 112
92 84
155 56
183 56
34 185
55 7
101 17
106 186
47 71
56 31
1 155
190 110
124 183
8 152
16 173
130 56
117 169
146 155
71 3
161 109
33 186
118 1
155 21
64 175
47 61
140 63
113 95
117 1
8 6
33 163
123 28
194 175
190 131
61 3
192 116
3 136
62 39
1 74
76 8
84 123
6 79
118 2
101 84
63 30
8 34
128 173
78 152
101 130
74 90
165 33
65 19
79 95
193 146
116 139
56 193
200 152
183 74
39 95
167 194
116 154
37 150
64 123
40 169
62 2
63 90
176 39
123 139
3 76
173 110
16 112
117 119
90 146
89 123
185 88
43 8
83 47
33 128
79 88
113 1
61 141
146 130
79 36
194 37
64 17
175 28
75 169
17 6
155 57
192 187
52 176
140 146
83 36
63 52
37 1
71 110
75 1
185 85
85 7
78 118
128 89
165 49
30 34
71 84
54 82
195 167
34 92
43 89
98 49
61 140
85 98
102 167
89 187
88 118
89 78
187 119
129 8
112 62
128 136
118 34
106 155
21 82
54 60
92 190
119 185
187 117
92 129
176 74
140 6
131 88
83 114
112 129
31 131
78 185
169 195
52 175
57 175
56 118
117 21
176 2
183 106
155 175
156 185
1 101
194 78
6 63
114 110
161 110
57 176
19 55
193 90
61 78
191 187
65 75
63 150
141 65
152 161
39 90
119 186
167 175
43 109
183 130
61 37
114 52
34 6
89 30
40 128
83 37
155 47
6 136
191 128
114 36
33 130
98 65
82 62
6 60
83 11
40 54
165 79
124 129
49 82
61 89
37 130
36 194
187 57
60 30
130 191
78 79
109 129
88 21
49 156
92 28
57 33
109 82
19 17
95 101
8 90
106 129
106 92
52 195
195 3
185 71
7 95
92 3
33 21
112 61
161 116
28 155
128 56
176 67
139 8
190 79
131 136
21 200
186 78
61 67
89 112
1 79
71 119
36 173
161 61
43 169
116 200
89 114
187 114
98 106
106 36
185 39
161 136
194 146
8 119
191 33
194 28
47 53
55 106
176 194
19 186
57 90
54 169
36 31
65 34
39 3
146 109
75 67
3 114
56 53
131 1
67 128
128 169
156 101
150 183
163 152
152 82
57 165
62 79
155 40
139 112
114 109
64 8
11 106
36 2
55 112
63 53
53 19
17 112
85 167
150 79
39 195
33 6
16 200
192 183
37 79
110 67
98 33
118 28
53 173
28 165
129 139
76 83
140 85
71 150
52 7
90 119
61 186
175 163
169 110
139 183
56 33
8 154
175 156
175 154
139 40
195 123
98 113
62 76
65 6
82 110
43 30
156 31
109 165
8 52
65 56
61 113
200 62
84 85
1 78
49 54
54 74
118 64
102 129
124 161
173 186
30 65
47 56
19 88
136 63
63 119
33 141
56 74
64 139
30 54
130 83
79 90
152 128
39 36
191 156
155 195
21 139
16 31
33 101
183 8
190 193
28 102
21 101
98 110
106 161
78 63
109 90
30 64
161 185
139 78
85 43
56 34
154 112
78 176
63 123
17 40
194 109
61 130
113 84
106 102
165 39
33 154
19 128
74 192
192 112
192 31
175 187
49 131
6 176
167 191
150 92
85 28
112 85
102 67
98 57
131 92
131 57
156 117
185 43
2 123
128 82
34 113
113 118
16 49
150 112
175 78
11 195
63 7
88 161
101 7
19 89
195 186
95 53
155 116
65 88
195 40
56 40
192 190
39 75
185 75
146 8
71 49
71 19
49 19
114 37
102 47
141 8
152 101
31 67
92 191
78 156
7 191
191 78
129 1
112 152
63 128
92 82
98 163
173 163
7 2
76 30
40 88
200 187
192 154
167 3
154 74
53 55
161 92
98 123
34 53
139 117
155 30
22 60
47 39
154 130
1 123
192 163
140 78
195 193
173 19
61 40
21 75
161 128
195 65
83 53
192 167
76 161
141 173
123 47
173 83
47 82
90 155
114 163
109 102
34 33
61 8
64 56
61 63
110 49
2 60
11 200
128 71
110 101
76 128
37 187
156 3
155 83
156 187
3 62
128 167
78 53
82 37
146 156
62 173
61 11
173 7
19 102
124 101
140 55
191 95
56 169
187 141
101 28
34 3
167 185
161 31
139 200
167 55
88 119
102 194
173 156
54 57
163 6
2 130
163 101
1 190
190 43
37 192
75 62
161 65
53 92
183 19
165 117
90 47
106 49
167 37
64 82
17 156
16 90
34 175
140 33
117 161
98 54
131 130
76 2
155 79
49 88
89 17
61 7
155 131
19 152
43 192
136 36
123 183
57 200
61 190
193 110
136 185
85 37
193 161
7 118
167 22
55 17
112 88
102 124
140 101
98 83
167 60
34 85
117 113
67 53
165 167
89 75
200 89
155 19
22 52
57 141
106 65
90 98
154 150
194 128
43 161
2 156
78 33
61 163
22 16
110 117
200 55
128 92
124 31
53 140
173 37
85 3
150 31
82 75
113 75
136 193
154 176
195 117
62 190
190 31
155 165
28 128
11 54
194 89
123 191
117 22
110 88
123 76
116 36
78 117
167 139
185 47
34 156
89 2
63 36
40 90
71 156
17 195
90 61
119 84
3 117
3 192
139 60
11 43
117 118
139 176
156 56
17 129
57 193
40 78
110 30
117 114
136 123
140 17
150 118
176 187
67 154
102 40
53 165
123 7
113 131
102 191
52 64
106 53
194 19
185 92
136 64
55 185
131 165
124 85
11 119
28 54
64 187
169 89
3 176
75 88
6 52
89 110
101 191
161 8
155 192
83 190
34 37
49 118
19 57
2 71
1 109
155 176
54 114
75 192
156 84
165 89
2 98
200 173
187 136
109 167
112 131
19 62
43 3
193 43
112 101
57 152
64 102
3 88
37 11
62 90
90 190
40 191
185 33
109 56
139 163
114 17
113 71
40 109
21 57
154 185
154 169
22 129
43 155
186 62
95 11
190 191
116 114
36 7
169 74
124 53
34 129
56 106
62 102
1 64
56 98
30 75
39 71
62 63
119 156
57 83
194 113
131 187
39 187
102 190
165 106
88 84
16 192
169 116
34 192
194 84
190 67
113 167
161 118
28 49
106 124
146 17
176 36
52 194
7 1
117 34
175 118
78 110
3 65
49 102
33 150
1 102
71 85
7 60
7 195
85 139
16 40
61 136
119 136
190 169
33 82
95 85
37 146
129 47
152 52
167 54
55 39
183 60
65 116
8 118
43 21
191 161
169 33
47 118
116 43
110 165
64 129
195 150
79 19
150 185
33 64
19 114
79 119
22 92
19 16
112 146
152 187
67 169
71 192
146 74
154 101
3 102
49 85
39 116
140 90
63 152
136 19
62 92
47 49
61 200
21 17
101 55
140 37
136 83
123 129
28 89
130 30
34 146
21 141
71 33
60 82
22 109
95 92
129 185
130 106
95 75
34 31
67 28
47 95
165 195
161 16
98 39
8 165
31 71
33 7
106 2
98 118
109 52
52 37
118 169
76 17
110 79
128 7
21 6
173 22
34 63
102 54
141 54
90 84
62 110
56 88
161 30
124 123
161 165
118 54
82 78
92 156
49 140
129 194
60 130
75 92
124 34
195 47
6 84
34 141
62 16
21 136
37 152
16 85
175 128
106 110
186 37
101 75
146 139
43 136
110 128
89 79
11 131
76 64
194 85
106 175
2 194
163 191
56 8
36 152
92 67
54 79
55 141
152 150
39 16
11 76
36 130
92 98
136 62
200 84
130 118
1 8
74 114
131 84
193 47
140 28
191 84
84 167
146 131
89 167
89 98
37 30
95 156
119 55
55 28
8 2
190 19
6 123
185 90
192 89
22 194
140 1
47 54
22 114
21 16
28 152
193 163
124 71
78 154
83 22
163 3
192 78
83 154
190 64
130 79
146 19
75 183
119 130
186 63
62 167
62 60
52 84
186 165
1 67
140 167
78 195
83 175
194 74
95 40
117 140
47 85
56 75
7 167
190 34
167 112
89 154
40 33
186 113
165 40
84 192
39 124
195 113
60 124
53 52
129 156
194 1
114 139
1 16
113 49
67 2
31 95
136 22
119 39
102 141
56 95
30 2
16 33
109 33
194 169
152 22
131 123
33 195
54 53
30 40
183 187
109 39
64 183
101 71
173 88
74 186
116 7
175 36
190 75
64 36
47 63
186 54
116 183
30 28
124 65
55 123
92 152
200 36
19 169
2 173
118 11
2 22
186 130
92 36
40 156
176 31
85 2
40 76
76 190
40 163
36 6
40 131
110 64
67 85
109 193
11 173
7 11
131 3
49 21
64 141
200 112
128 192
194 6
183 40
152 53
75 163
195 139
156 109
95 63
146 192
19 187
22 30
136 98
1 90
190 7
67 187
76 56
8 60
112 118
185 28
43 17
64 28
95 60
190 85
110 192
1 114
7 131
163 83
85 117
101 183
165 95
187 53
85 61
79 129
109 84
85 110
63 194
19 31
57 89
146 98
54 3
161 169
110 76
74 195
112 7
11 34
76 1
79 65
152 119
136 55
106 47
21 128
75 131
101 192
155 78
110 36
30 92
200 54
7 75
49 101
146 185
2 39
101 78
54 52
169 140
161 194
31 55
53 183
112 56
139 165
75 6
89 191
21 61
39 11
21 8
62 129
43 39
53 65
193 139
47 169
165 176
88 167
56 60
33 173
31 17
193 123
187 2
129 74
185 16
6 173
28 17
155 200
36 53
183 191
131 186
152 185
60 152
82 176
33 31
84 82
84 2
183 22
84 57
43 117
85 52
6 40
76 39
39 61
114 28
8 106
55 8
6 92
123 54
146 36
7 39
118 30
112 31
82 186
155 84
74 64
124 78
49 175
55 88
79 186
64 40
130 129
106 113
57 88
57 11
60 57
62 85
183 31
65 63
117 128
88 130
187 82
63 71
116 146
98 194
191 82
74 117
130 49
130 155
55 47
43 163
62 67
37 55
155 33
193 154
40 173
173 175
146 110
119 106
22 37
88 71
194 193
3 60
110 167
28 62
116 28
116 55
92 139
37 49
2 79
43 65
152 156
155 98
21 150
17 8
154 55
165 11
74 30
56 39
124 74
2 190
75 186
21 90
64 131
62 191
65 60
39 88
71 76
192 102
191 64
114 128
200 85
52 33
117 192
163 200
128 185
109 190
161 79
123 43
67 17
114 106
67 191
74 110
28 192
175 124
16 65
67 129
200 6
84 33
195 43
141 140
60 71
36 49
123 71
112 57
116 110
88 169
8 16
31 123
136 82
194 152
78 119
92 17
74 167
2 150
1 169
39 155
7 84
56 200
47 92
150 11
113 124
34 140
67 33
130 98
119 83
30 21
141 7
116 128
17 106
163 55
2 43
175 113
131 194
43 129
116 112
136 186
146 43
167 106
7 74
88 102
116 140
130 141
43 19
7 53
17 190
163 154
67 165
28 37
192 185
60 34
67 193
78 98
175 61
186 154
30 39
173 191
79 192
79 200
128 101
8 71
109 92
62 21
31 49
167 31
95 6
165 146
95 8
34 61
17 52
124 63
186 31
191 154
2 191
113 119
31 78
30 53
130 116
88 191
52 56
16 176
43 79
141 146
31 11
173 150
55 169
31 75
34 187
40 47
63 16
54 2
60 88
195 173
112 185
98 95
28 34
176 30
16 155
118 185
92 192
8 130
109 192
84 47
33 123
102 128
78 43
17 193
78 36
22 193
154 85
192 19
67 114
8 176
75 116
183 17
176 152
152 79
114 176
173 113
60 92
114 146
129 89
106 3
89 47
118 3
124 7
83 90
85 156
30 57
195 175
30 167
131 71
117 37
57 39
49 76
83 128
129 192
7 176
154 161
193 191
152 109
36 67
200 130
109 155
52 2
54 165
55 79
52 28
31 114
190 139
3 109
129 175
155 11
123 165
110 60
114 167
63 139
140 156
21 34
167 83
167 65
129 173
30 190
150 156
71 193
16 116
187 163
30 79
154 82
124 165
56 84
19 85
95 186
11 154
61 54
16 165
186 83
56 90
119 150
49 183
75 128
161 1
150 169
62 53
141 123
185 30
6 102
116 123
146 82
52 183
65 113
63 141
117 101
101 37
52 139
155 17
195 192
74 123
90 49
130 47
82 6
76 193
11 102
36 141
101 8
43 140
124 163
64 88
1 110
76 98
195 21
74 75
64 176
53 175
21 173
31 43
183 185
79 56
116 54
161 175
53 82
76 154
47 116
52 16
61 131
53 112
83 84
16 83
117 88
110 130
119 98
102 75
76 43
128 193
28 43
200 150
190 128
194 34
152 90
76 112
37 84
28 82
8 22
1 85
102 150
165 21
117 56
131 56
17 62
175 54
124 83
2 109
154 43
84 140
183 21
74 131
2 192
156 186
131 119
1 17
129 55
156 8
136 139
186 71
90 64
175 112
34 83
183 65
65 57
64 163
154 129
185 95
6 117
60 67
128 85
101 131
82 161
183 140
54 16
113 109
113 39
110 65
150 67
152 11
136 54
128 62
141 113
129 85
114 186
150 28
28 7
186 169
140 22
63 28
60 119
90 65
57 146
7 175
154 28
57 169
53 129
173 65
11 74
85 146
128 64
146 3
118 101
161 176
150 65
117 61
117 190
113 187
49 89
8 28
60 155
129 63
30 152
28 3
60 169
47 1
118 83
36 193
101 123
165 34
67 65
176 185
140 163
102 84
106 140
53 117
62 33
112 79
194 141
136 11
139 6
173 3
82 71
136 141
183 118
187 101
78 129
136 90
54 64
55 75
141 19
57 173
88 195
3 33
11 113
40 3
60 200
83 39
74 60
74 3
11 161
119 62
193 49
71 173
131 2
183 113
140 200
156 98
21 192
89 22
74 19
130 71
52 123
2 47
118 74
43 92
152 2
1 82
156 195
89 186
55 161
183 146
167 130
186 76
55 191
3 64
117 30
16 37
22 141
130 21
165 118
55 152
85 101
124 130
146 200
175 74
136 118
102 83
193 124
195 163
195 119
193 183
17 128
200 110
67 139
146 176
92 146
195 190
200 141
176 110
74 200
154 98
176 192
33 1
31 106
71 187
6 118
3 95
16 95
192 67
112 52
141 109
186 88
113 63
136 30
128 163
194 123
36 89
89 88
88 28
173 185
75 136
193 130
8 54
36 88
200 190
88 16
169 79
95 194
194 57
55 49
139 34
128 187
139 30
78 123
62 88
34 47
141 185
6 167
95 187
102 140
185 22
1 56
141 92
8 85
39 85
131 22
113 156
19 56
53 79
64 75
79 154
75 90
123 140
3 193
75 63
56 129
152 129
82 55
113 31
136 169
56 102
76 169
191 131
175 98
116 88
47 146
17 84
64 152
112 195
119 74
155 117
40 2
53 21
118 131
200 67
140 194
129 200
139 76
22 112
124 89
36 192
60 11
112 82
106 84
169 61
63 156
7 57
43 1
106 109
1 192
43 64
169 31
84 78
173 60
67 152
101 39
22 54
89 109
161 114
116 74
123 112
92 52
56 54
2 116
37 119
194 150
74 83
40 89
167 21
101 114
52 154
37 78
187 79
163 78
95 140
112 186
85 89
53 64
131 109
155 64
49 154
1 154
124 195
176 40
113 140
37 102
65 54
118 190
7 90
65 139
141 84
19 185
89 54
55 175
200 101
109 183
83 141
187 33
11 167
118 71
34 16
61 6
54 146
110 139
78 150
30 140
47 6
118 76
76 89
106 60
53 31
8 191
21 124
71 64
75 110
22 95
165 2
79 141
169 71
175 92
55 63
28 83
74 102
7 71
175 85
150 167
118 22
190 65
49 167
11 88
152 131
54 139
155 119
192 64
3 119
152 40
161 22
165 191
140 36
116 76
193 37
154 110
190 136
123 49
123 57
191 22
139 113
17 30
3 1
150 129
110 124
16 89
183 47
129 2
106 131
40 200
55 186
200 22
36 101
62 95
117 17
195 141
6 98
173 102
123 37
165 116
176 116
89 119
110 109
65 193
183 163
53 74
175 67
78 136
61 109
173 194
169 114
114 193
90 17
112 161
55 84
17 16
124 52
102 117
