200 10000
32 37
111 91
48 81
139 10
158 76
137 157
155 15
90 161
119 72
140 152
186 106
119 161
110 142
162 93
97 129
102 151
6 5
7 59
84 134
169 20
23 117
177 144
178 134
50 136
22 167
138 176
40 107
12 192
181 197
113 141
145 5
27 120
173 72
94 89
38 80
174 195
90 182
132 195
41 36
34 8
90 197
111 72
34 152
102 86
26 54
125 71
26 168
190 62
114 100
25 152
150 52
162 149
159 192
1 115
160 176
126 100
13 133
99 149
132 187
110 144
194 87
109 167
130 118
186 70
34 21
22 135
102 29
126 70
27 148
95 46
169 72
178 195
163 85
74 120
63 4
199 120
94 17
22 98
33 120
45 57
16 8
128 133
110 161
39 89
35 144
66 56
114 146
41 115
101 198
174 91
23 123
61 15
32 81
63 115
138 15
9 24
51 55
140 129
26 127
26 193
113 149
147 191
186 187
53 146
186 54
6 47
170 127
99 4
51 4
78 198
160 156
111 106
153 148
30 4
90 37
40 37
101 31
162 148
95 129
6 79
128 151
6 152
104 70
194 182
2 166
145 167
125 70
126 191
159 59
26 144
90 65
67 161
140 135
179 182
171 76
26 18
169 37
90 83
30 21
3 143
103 129
25 64
102 180
13 11
48 69
43 75
28 117
110 86
101 123
90 175
140 127
178 81
27 112
88 52
130 142
23 37
95 65
147 11
84 168
23 56
124 148
1 133
38 86
22 129
12 71
50 152
119 4
96 172
109 193
13 64
153 81
101 122
32 193
132 65
110 98
128 46
7 68
145 57
43 127
163 195
104 100
9 21
90 172
158 115
159 191
45 5
1 136
12 85
95 85
158 144
22 193
61 81
90 56
22 176
173 167
110 136
43 59
200 54
66 91
169 70
160 198
53 62
163 192
177 10
49 64
190 11
6 135
125 166
188 149
110 122
114 57
140 17
171 100
32 70
1 86
124 106
67 107
1 197
99 21
188 122
154 21
181 20
145 92
26 83
138 91
26 191
125 136
177 151
177 29
103 182
137 107
121 29
131 91
158 36
163 136
165 17
119 56
35 64
41 166
163 122
95 120
104 21
43 10
104 115
41 184
82 176
145 192
35 184
39 106
45 193
60 146
105 183
140 115
99 197
150 59
28 198
66 164
170 86
95 80
109 166
2 122
188 69
119 68
9 4
16 143
94 65
154 56
170 91
99 69
25 127
84 37
13 52
194 19
61 18
147 100
82 156
189 157
178 149
40 79
125 42
181 117
119 127
138 37
1 36
147 85
88 187
95 64
25 42
158 192
40 5
138 80
171 115
41 55
145 164
12 197
154 192
35 59
30 108
101 47
94 79
102 168
101 5
96 120
178 56
147 58
45 4
196 166
50 31
63 197
145 55
12 69
26 81
41 183
125 195
6 120
38 118
171 122
43 93
63 168
26 136
95 83
27 129
74 44
48 134
88 46
90 31
186 42
32 157
88 156
174 185
114 120
40 81
32 44
153 57
23 64
50 52
114 85
9 5
179 19
82 195
158 69
33 77
128 18
103 168
60 80
50 166
45 77
128 72
7 42
25 168
33 100
33 143
130 183
170 168
140 120
163 46
16 89
102 77
23 118
90 18
41 31
114 21
194 157
51 98
96 79
60 161
121 193
7 76
73 141
7 151
111 4
109 133
12 92
153 69
194 14
150 100
94 185
32 141
1 187
101 143
124 14
22 184
171 164
78 152
66 167
150 115
49 72
160 191
22 87
66 195
94 164
40 20
26 85
45 98
165 24
60 120
16 80
53 18
88 161
147 175
1 58
96 116
126 77
63 164
99 100
78 108
155 81
111 164
1 79
178 15
147 134
196 8
99 19
28 175
33 151
158 152
188 70
25 70
155 143
200 76
170 19
159 123
177 122
177 59
140 19
103 166
95 144
49 5
49 86
88 79
140 149
121 157
131 117
137 184
50 44
162 198
33 81
3 68
25 52
181 79
153 5
88 172
25 197
9 91
137 133
125 133
66 146
179 62
35 161
3 107
154 152
99 118
194 123
140 46
159 14
96 166
50 36
104 62
63 81
181 182
41 182
159 187
25 116
162 151
174 77
96 136
13 10
60 19
40 180
51 107
170 151
48 127
99 44
121 31
158 62
73 14
50 19
137 108
140 134
147 135
82 123
50 85
105 123
124 64
138 52
199 146
39 166
28 168
26 10
199 93
125 76
110 8
73 185
34 69
35 198
2 55
188 15
13 142
121 91
13 79
28 107
3 117
28 72
6 85
188 182
82 115
124 10
174 176
110 69
30 143
150 80
186 65
113 70
165 62
111 141
103 164
27 64
111 152
159 86
35 57
103 76
119 54
7 195
40 83
74 112
140 21
147 180
162 197
138 77
49 135
194 77
186 100
200 191
16 167
160 100
82 42
95 71
114 46
49 70
111 191
170 24
25 36
137 55
97 56
158 54
96 24
160 71
189 52
97 71
139 123
165 134
170 71
171 57
78 37
103 152
67 135
132 144
181 81
163 17
27 31
158 64
40 59
82 93
165 59
88 107
45 47
105 86
51 167
160 91
88 8
163 15
30 122
154 193
160 18
179 141
43 136
138 122
34 46
88 195
39 180
145 93
145 112
139 180
153 129
45 161
179 133
139 71
90 116
150 57
138 8
39 31
51 144
186 142
53 14
23 55
179 116
196 57
6 91
140 161
113 37
61 4
150 123
188 143
74 76
74 107
188 29
163 37
30 15
194 183
138 175
6 168
154 68
131 69
9 83
124 92
139 122
188 193
1 54
90 135
23 65
137 24
178 123
179 55
114 62
173 80
94 192
128 71
110 71
12 11
104 151
121 134
178 92
97 161
51 152
186 149
2 115
121 185
48 161
190 123
177 142
33 183
169 164
121 175
105 106
41 116
190 70
165 69
139 116
32 19
145 157
35 143
28 144
26 172
99 29
125 29
111 44
169 76
38 10
124 107
137 141
174 152
145 36
196 46
61 44
27 161
174 14
177 182
128 80
2 69
74 77
97 29
9 68
43 4
102 198
41 168
155 20
41 4
60 64
66 118
103 92
190 44
43 180
189 5
125 176
49 68
66 134
74 83
170 79
99 87
153 107
190 161
188 58
113 161
170 123
88 81
200 122
67 122
131 164
154 117
1 64
170 117
40 80
113 191
16 83
163 180
33 176
99 123
82 89
101 86
97 14
160 8
39 64
22 17
186 92
74 123
139 87
169 197
199 65
139 143
33 89
188 106
40 176
25 55
178 192
126 76
111 46
173 127
33 14
88 44
165 164
88 89
131 185
155 122
113 52
12 75
40 167
28 54
97 182
101 100
179 79
131 76
27 193
121 191
159 122
153 122
181 195
158 107
150 5
150 76
125 129
109 57
131 62
82 31
61 77
94 71
23 134
50 71
9 31
194 106
90 141
150 129
45 100
196 69
66 106
41 65
3 176
40 21
155 42
155 18
150 127
155 198
163 69
28 36
1 4
199 107
173 92
130 36
138 72
196 134
174 47
27 180
96 31
155 17
140 92
73 71
16 141
138 112
113 136
177 184
7 44
170 42
2 62
114 87
96 108
38 195
169 24
145 148
179 152
128 59
1 164
78 70
88 65
150 185
7 135
104 17
196 141
60 134
39 197
150 180
173 133
188 185
125 10
125 148
63 93
114 185
49 83
181 58
73 77
27 56
67 156
41 54
2 72
103 72
159 167
95 185
12 156
121 71
131 36
153 180
48 46
45 144
78 149
49 136
181 68
150 143
145 37
137 65
39 47
40 98
200 144
196 68
88 135
41 149
132 76
61 91
119 117
147 21
132 62
125 152
186 191
145 127
128 161
119 11
26 120
186 5
99 11
138 166
196 80
32 4
126 176
38 148
130 81
63 58
200 149
2 148
140 64
26 80
131 152
96 149
50 21
7 157
38 93
82 71
16 70
82 64
158 142
137 142
131 129
160 37
35 11
74 87
96 144
126 58
160 24
181 116
147 10
165 8
103 187
110 191
145 156
35 17
190 120
111 14
177 187
25 92
121 58
3 112
2 180
99 180
39 168
137 83
159 172
51 76
171 191
130 195
60 85
41 127
38 180
165 75
138 134
49 142
48 70
114 108
111 193
101 65
41 24
124 52
3 185
162 133
199 192
137 75
39 98
154 135
110 18
200 167
179 36
105 148
137 92
43 184
25 69
88 185
171 11
95 172
124 65
7 127
139 118
39 17
160 92
126 143
6 92
1 142
162 21
34 172
61 166
171 98
78 57
139 79
178 21
178 70
73 193
25 20
67 98
181 148
114 157
45 52
23 21
162 36
114 123
128 77
97 55
84 20
153 183
169 56
165 122
16 31
159 83
130 161
190 68
189 142
137 46
111 151
34 112
94 57
114 141
97 183
173 15
45 141
131 107
163 142
132 85
22 185
138 31
177 161
159 108
103 64
150 75
73 59
102 166
162 14
147 157
39 86
147 182
105 120
111 19
128 65
189 14
153 19
160 70
102 164
130 191
67 55
171 112
66 83
199 86
90 136
150 120
51 129
88 76
150 69
99 55
51 85
130 156
97 4
25 54
105 172
101 151
12 55
6 198
102 65
199 69
124 42
102 5
153 91
99 18
105 21
82 65
23 77
186 93
95 10
51 133
126 15
27 8
173 148
114 59
131 85
181 161
63 151
153 46
200 123
95 115
174 191
27 164
154 93
74 57
63 166
53 52
110 184
16 65
32 176
50 87
27 36
9 143
34 157
190 81
155 92
154 62
78 176
23 42
170 44
188 18
6 193
169 29
28 69
48 149
155 87
200 172
66 24
12 70
170 166
170 55
45 185
82 168
153 52
39 151
49 141
160 81
119 52
34 151
74 129
124 197
60 122
169 46
145 58
189 68
53 120
9 117
94 21
170 54
178 182
132 18
13 175
154 58
105 87
32 24
28 118
113 148
178 168
101 118
199 17
139 62
190 197
105 112
95 56
110 20
102 192
41 112
173 122
61 185
74 152
84 71
53 81
111 187
1 195
138 79
13 146
124 136
145 70
171 4
145 142
25 175
190 85
155 21
22 77
181 83
200 52
61 198
186 24
178 18
200 91
63 185
102 70
26 198
99 143
130 92
38 14
163 71
188 54
7 197
128 58
101 152
33 136
26 19
66 98
114 10
73 4
73 79
196 195
22 168
67 8
119 31
154 79
155 144
28 52
2 183
114 107
160 10
94 120
40 116
189 72
154 116
53 107
119 15
25 89
196 58
131 115
28 136
170 157
48 20
199 187
190 185
38 164
154 180
67 192
104 65
101 19
90 58
48 68
73 15
66 175
103 98
9 19
84 36
9 141
188 168
90 115
169 54
131 156
158 68
189 85
200 142
94 134
113 176
189 184
41 29
171 85
2 75
153 55
49 69
7 80
60 184
32 15
162 107
188 75
82 68
61 191
170 197
109 168
114 115
113 92
3 29
171 62
105 91
78 72
33 142
121 11
33 59
165 108
170 58
51 36
48 168
95 20
174 59
33 46
30 118
2 175
13 76
27 156
114 68
41 107
179 127
32 166
35 136
190 46
78 98
165 168
16 10
194 93
109 182
165 71
60 185
200 112
53 175
162 11
163 166
16 175
63 86
155 182
78 20
103 151
163 116
48 172
163 198
73 187
101 72
200 193
155 191
9 70
84 120
147 166
49 176
104 57
9 36
158 118
165 81
154 19
48 100
53 115
3 81
12 134
113 129
22 65
137 56
189 58
160 120
90 193
16 59
190 108
119 175
174 116
1 185
171 46
194 151
6 19
78 135
60 183
186 127
199 55
138 47
73 146
27 83
113 80
33 180
155 44
45 112
43 56
128 98
170 81
114 112
82 87
154 20
140 143
188 47
96 112
169 146
61 83
104 92
188 42
39 116
173 187
99 193
159 168
82 167
153 80
160 182
137 156
113 180
82 175
35 116
196 193
41 141
26 141
94 54
139 47
78 44
196 24
38 29
189 107
35 87
48 195
84 52
13 166
158 24
189 29
84 180
132 42
110 100
38 175
169 14
51 42
49 184
114 56
145 176
27 123
125 55
104 64
33 71
97 166
6 80
35 4
53 31
111 118
109 136
131 176
16 21
190 172
190 58
99 146
82 15
165 54
48 164
158 183
101 157
159 157
2 198
2 46
150 148
171 79
49 20
48 185
82 10
200 107
147 79
84 146
3 19
109 15
139 4
194 46
169 141
111 122
147 17
126 135
130 4
131 93
9 29
125 117
105 29
33 112
171 156
95 193
66 183
154 77
181 21
138 136
121 55
113 98
84 176
139 56
27 44
90 148
128 107
124 120
111 100
43 21
33 146
97 134
94 93
40 172
169 100
109 36
155 166
159 57
49 166
78 118
174 37
32 52
16 108
2 59
200 152
173 86
138 87
38 141
171 141
97 36
9 81
186 183
34 10
128 152
139 36
126 57
132 81
132 134
23 59
32 64
188 184
138 151
105 164
102 47
32 47
99 57
188 175
61 164
30 72
177 8
163 8
13 98
130 117
126 47
105 31
173 152
150 11
153 195
88 36
22 107
178 77
35 80
125 127
50 69
82 129
32 14
40 89
130 87
111 75
97 136
189 135
132 46
99 20
159 55
194 187
165 127
188 183
147 167
84 129
33 108
99 52
96 11
84 127
179 108
119 146
1 144
99 14
196 11
132 106
128 17
121 85
88 122
194 57
145 144
155 31
9 152
16 57
35 106
101 58
74 141
102 15
23 36
160 64
49 149
171 71
119 86
84 198
188 68
99 80
101 92
96 21
13 136
153 17
41 172
196 157
111 89
30 86
150 184
13 129
137 182
173 117
22 172
45 70
32 83
113 5
173 146
126 29
6 161
1 75
163 157
84 59
48 57
103 71
49 106
109 44
88 71
96 62
110 93
84 77
119 157
130 52
194 143
158 87
110 115
147 54
165 85
147 20
53 20
33 91
147 123
130 180
12 136
12 161
82 18
178 180
6 164
23 76
90 127
113 44
173 76
32 5
139 37
3 24
73 151
43 24
119 191
23 127
95 79
99 59
145 184
147 42
50 115
147 117
6 76
170 4
27 143
199 133
90 79
97 172
196 98
125 142
97 62
1 72
121 44
114 65
199 24
102 156
9 118
158 10
173 161
159 68
13 77
130 106
121 81
84 75
155 118
27 151
78 8
113 120
53 185
35 156
194 116
190 10
121 36
140 86
170 36
28 112
174 112
154 64
74 197
35 187
169 184
190 107
16 185
27 86
9 168
159 92
103 37
99 166
3 83
121 8
35 68
97 127
67 185
61 76
160 5
154 149
159 11
9 47
101 107
88 116
94 144
113 175
26 75
104 89
170 135
41 91
126 164
28 195
34 44
94 184
104 191
179 93
159 149
2 57
67 72
67 14
23 98
1 168
26 176
171 187
186 21
78 164
113 15
82 75
137 161
74 175
181 100
95 86
97 20
3 14
163 156
27 68
113 167
174 148
95 198
162 42
25 29
153 176
154 69
131 183
199 112
74 17
66 4
190 182
48 197
169 10
78 58
41 100
113 17
73 17
178 100
9 112
90 143
124 98
13 24
82 62
131 19
30 36
104 172
150 70
177 91
2 120
145 31
102 91
111 62
45 107
105 5
51 56
165 18
138 161
188 17
6 18
104 59
130 133
35 69
162 106
41 198
22 123
158 133
186 167
50 161
2 20
50 151
30 91
102 135
74 89
35 148
200 20
34 54
105 89
171 192
50 37
119 184
82 142
188 164
131 21
26 108
165 144
73 182
138 5
9 42
61 149
200 8
96 4
60 56
102 71
40 100
125 134
95 36
109 19
132 108
162 76
103 198
38 198
139 115
174 65
96 185
99 127
94 91
49 14
153 112
177 85
128 127
145 87
41 42
40 193
153 71
196 149
33 122
40 115
126 106
6 192
63 146
177 77
140 116
97 47
189 172
78 120
200 55
188 14
9 75
39 21
27 71
104 167
199 176
186 4
138 19
78 52
51 108
53 117
200 100
102 54
103 58
111 166
170 195
73 143
63 143
67 149
186 116
179 120
45 166
94 14
23 180
16 100
32 197
109 117
153 134
132 118
25 183
186 134
1 15
7 87
23 20
150 142
63 47
119 17
140 182
163 112
28 29
104 185
178 187
111 69
97 120
126 141
30 197
73 21
25 72
101 68
137 20
28 37
179 118
194 115
27 57
49 108
174 129
178 198
28 108
12 184
188 89
190 152
163 75
84 76
170 182
61 168
126 161
32 20
194 52
60 136
16 56
84 106
177 157
32 31
189 31
147 55
97 77
94 191
130 24
66 19
124 18
40 143
170 149
145 120
169 166
102 56
34 76
43 85
140 172
67 47
102 17
126 37
28 123
173 193
126 142
181 187
196 106
103 5
99 86
173 44
125 83
67 58
39 172
40 17
103 116
61 62
125 80
13 152
119 71
99 98
28 62
66 182
189 198
174 71
124 29
131 172
147 89
140 8
82 86
158 100
82 17
95 156
109 151
163 118
30 152
101 192
158 47
38 117
154 198
74 142
165 57
49 167
9 164
12 79
95 21
43 46
45 142
50 18
27 10
154 112
181 98
119 183
53 157
137 106
6 166
16 166
66 141
145 89
121 118
153 89
125 151
53 116
30 129
189 168
199 77
139 152
34 192
113 152
90 183
12 193
186 115
177 18
139 107
190 75
53 156
190 100
121 143
96 183
178 129
158 58
179 86
3 21
13 8
190 118
3 151
110 24
138 198
114 164
49 187
95 68
1 182
40 112
124 17
128 93
66 191
165 14
1 89
1 156
119 185
1 10
119 172
38 107
78 180
88 141
43 115
174 106
171 149
73 161
23 136
45 75
22 42
40 44
162 57
2 93
23 193
104 47
119 83
179 57
73 31
40 142
150 37
67 5
48 135
153 8
102 157
130 20
110 5
67 146
179 107
153 29
2 47
163 65
48 11
94 4
51 187
16 184
35 5
126 156
170 193
30 195
140 83
35 14
150 117
25 151
150 77
145 168
74 71
179 15
153 68
50 118
186 31
139 185
160 108
109 59
2 18
26 92
101 117
186 182
53 92
43 72
33 192
9 107
12 58
32 91
7 72
9 116
109 122
35 71
109 5
30 136
114 36
25 59
28 141
95 92
150 197
39 55
99 17
84 157
88 85
84 115
38 5
158 143
60 197
23 172
173 8
41 37
132 79
27 17
137 52
171 17
25 193
95 157
103 83
200 184
88 87
200 129
6 133
26 5
22 89
67 18
169 86
130 185
63 193
162 182
2 135
171 182
32 62
199 80
163 144
132 123
60 21
200 89
131 65
39 15
60 8
181 36
16 112
51 75
61 117
174 149
113 166
61 115
131 134
190 76
181 69
74 10
109 156
63 19
43 144
30 115
101 57
189 8
90 185
13 176
94 142
63 116
2 133
145 185
114 143
34 117
114 182
53 183
63 108
200 182
165 187
181 151
73 164
63 31
50 76
163 106
103 148
102 44
132 142
130 146
126 46
173 120
113 55
22 14
139 193
173 14
97 133
73 56
138 146
163 108
48 184
40 134
48 64
194 59
26 107
153 118
97 156
96 57
189 180
96 36
82 37
132 92
189 100
179 71
131 24
178 54
200 79
13 134
2 192
170 59
39 70
154 18
78 117
23 69
199 11
53 100
66 172
119 134
30 79
199 8
39 143
43 69
126 21
101 81
73 166
121 166
104 93
50 192
125 57
12 112
145 14
61 172
38 92
150 152
104 5
102 75
3 31
90 192
124 11
181 18
32 42
147 69
99 182
103 24
199 167
131 118
126 134
35 172
188 117
73 108
171 42
32 89
111 115
94 176
22 164
40 72
73 148
190 106
196 75
53 54
38 100
51 29
188 135
95 37
139 24
111 87
34 118
160 52
154 87
41 89
96 151
34 52
9 55
97 118
101 17
194 133
45 157
196 54
67 148
74 148
137 71
177 164
16 76
178 197
90 87
188 76
110 87
126 180
162 92
104 123
74 14
94 42
63 120
196 71
95 58
51 100
111 146
137 42
153 144
88 151
39 81
13 70
163 143
139 91
155 157
121 156
12 141
96 184
165 151
113 76
113 151
22 198
103 55
105 8
104 29
39 142
13 36
88 42
158 161
163 42
137 62
199 56
104 106
132 129
128 10
173 166
39 134
150 91
131 116
99 31
103 106
159 62
189 144
110 182
38 98
171 142
158 151
101 184
153 136
109 191
61 79
126 36
101 193
43 76
130 65
163 164
61 65
140 72
163 11
111 120
194 168
114 183
147 71
125 37
153 135
49 47
53 55
16 149
23 17
7 5
159 64
7 168
110 62
138 172
199 180
178 69
159 24
34 70
132 59
84 197
119 152
12 146
12 65
200 108
105 185
12 54
67 71
111 81
30 175
119 92
109 89
147 65
82 108
12 100
104 24
109 118
165 65
23 8
6 187
7 146
78 65
126 182
110 19
111 182
67 77
104 46
154 37
40 36
1 69
38 135
1 87
27 92
26 116
199 68
6 54
105 127
73 54
39 182
3 57
13 197
163 58
140 5
73 176
48 157
105 117
188 56
96 93
190 176
181 65
30 149
28 192
128 5
99 129
171 75
131 89
7 86
28 59
53 133
6 69
25 4
32 8
105 144
25 85
104 135
34 93
128 134
16 69
131 148
101 24
199 59
2 123
153 56
131 197
33 70
189 164
200 56
125 172
173 98
22 57
9 52
35 141
66 76
23 152
82 192
38 191
78 24
131 144
82 77
173 19
186 176
186 56
43 65
99 195
13 59
94 85
174 10
162 175
119 79
61 31
25 108
63 80
155 85
173 79
159 193
154 151
105 57
105 10
194 144
160 93
30 176
45 117
128 44
170 20
61 175
30 133
181 157
41 58
74 52
200 143
165 77
66 11
97 191
158 116
2 31
66 148
145 54
3 198
162 183
186 143
61 21
43 161
114 148
155 68
35 19
153 197
113 83
171 5
96 20
9 123
74 185
90 86
6 31
39 83
33 167
150 68
169 11
102 142
7 187
73 191
113 193
132 100
173 168
177 19
158 112
26 122
26 20
95 127
160 76
126 56
162 118
194 146
113 116
84 143
177 136
128 172
124 86
109 93
138 76
153 54
73 24
104 107
186 89
22 118
174 68
186 197
200 15
109 72
139 197
194 76
60 11
114 72
32 127
6 136
178 80
128 4
84 44
48 144
40 62
74 192
163 89
51 58
114 192
51 193
33 83
60 148
160 193
96 142
28 46
22 19
13 168
13 19
130 83
119 62
125 11
60 59
109 20
174 76
53 149
179 42
94 8
101 161
35 62
126 116
199 14
84 191
105 75
119 58
28 91
94 152
2 167
27 5
177 70
41 157
88 17
23 168
162 62
154 191
90 62
139 168
199 117
111 20
41 123
34 176
67 92
22 166
7 91
32 17
94 175
38 151
178 5
35 180
145 135
125 56
189 148
3 93
45 83
39 8
169 157
147 115
145 21
22 180
45 8
88 134
186 118
73 134
128 115
3 123
53 198
40 136
12 164
97 5
170 134
101 4
82 80
2 85
94 86
110 89
171 120
130 166
95 166
7 172
104 108
102 115
165 161
67 168
113 112
170 161
113 143
155 116
16 81
158 180
51 106
139 166
140 195
13 42
196 185
63 20
189 106
16 5
190 127
190 175
26 15
102 161
39 76
63 141
32 108
22 115
3 136
150 122
200 47
140 185
173 77
3 187
174 187
3 55
45 56
196 55
181 141
45 187
114 161
12 198
94 135
28 64
130 8
63 176
38 37
26 149
22 58
126 98
2 44
139 106
109 14
90 133
25 122
66 100
196 70
170 18
40 122
13 80
174 52
30 37
51 59
178 55
121 141
67 166
12 57
95 152
25 112
170 10
162 191
7 117
147 77
28 143
124 134
53 182
50 24
78 62
160 135
140 14
162 24
199 135
109 175
140 10
95 164
137 19
200 180
169 65
67 117
181 134
177 31
114 180
110 57
199 151
51 62
28 184
160 192
137 191
22 64
171 108
153 108
138 64
53 11
48 141
26 112
139 18
74 75
16 197
16 123
39 14
113 19
145 166
155 77
34 134
9 65
99 142
1 108
196 108
96 46
35 70
138 106
109 115
26 156
105 44
119 77
60 168
67 112
53 136
165 183
45 18
188 156
132 15
171 14
155 46
169 92
130 149
111 175
130 192
45 72
51 21
132 136
101 136
147 29
150 47
104 91
61 157
126 93
103 31
41 151
3 72
173 55
165 83
109 108
132 157
121 127
105 77
165 87
34 89
137 167
132 87
121 183
66 85
199 185
103 46
200 17
63 69
41 120
137 176
159 141
43 146
16 152
26 8
178 144
105 157
126 64
7 116
158 37
179 17
74 18
43 135
7 81
49 57
119 44
33 144
90 146
125 135
23 175
96 19
155 4
73 62
23 24
170 85
34 106
7 47
67 184
160 187
173 91
84 72
130 69
194 180
3 11
96 55
114 166
110 80
94 195
196 198
169 106
194 198
48 89
160 167
165 149
160 55
60 52
12 117
48 143
102 117
128 144
121 42
121 77
61 127
170 120
45 191
121 93
43 118
7 192
174 167
159 148
23 164
39 127
199 183
27 136
2 195
99 148
105 133
13 15
6 185
45 24
51 117
160 14
38 69
48 152
48 106
101 15
40 85
155 62
110 148
160 146
186 144
170 129
28 197
179 83
137 116
51 8
186 157
67 123
158 120
159 44
181 64
194 72
174 24
95 184
159 79
154 133
27 69
155 57
38 156
49 71
114 79
196 56
189 122
27 183
194 31
45 106
162 72
110 42
162 56
50 98
51 70
140 180
61 80
102 191
177 118
51 91
66 18
159 87
130 75
3 70
124 108
84 117
2 144
7 152
27 187
190 136
35 54
32 57
16 29
159 18
49 10
40 157
48 120
34 80
113 157
131 98
34 180
179 134
82 11
23 198
53 135
137 112
43 19
179 46
162 70
177 69
73 55
179 20
88 123
50 83
160 172
33 86
25 15
78 15
74 156
130 193
102 83
154 141
33 29
103 144
35 24
97 116
200 5
12 42
169 123
126 81
138 86
60 92
84 14
6 118
162 152
163 76
39 20
7 108
170 152
45 91
67 183
165 148
200 135
104 180
67 76
90 195
174 54
3 172
63 10
128 21
32 175
173 141
97 112
160 168
170 62
104 134
105 151
186 57
169 81
181 11
67 89
66 180
48 15
178 93
196 18
34 86
23 52
34 123
60 18
48 146
90 98
131 106
150 17
173 87
178 191
126 127
22 92
38 68
138 142
94 5
96 52
33 152
90 44
178 79
137 146
103 134
67 120
61 58
78 87
138 116
32 11
178 36
60 62
181 52
78 141
169 182
13 122
160 129
13 187
139 31
111 11
63 85
34 183
63 198
139 187
45 79
12 10
178 122
3 133
111 83
181 198
39 93
109 143
49 87
102 107
34 187
159 85
97 146
90 156
181 107
178 167
30 10
12 152
173 36
128 55
177 107
110 72
2 8
6 55
90 15
90 191
140 81
96 141
179 80
165 133
199 54
88 146
174 86
103 136
103 142
155 115
40 87
6 93
2 141
188 71
26 44
90 10
33 80
51 168
102 59
153 59
124 133
78 47
155 86
138 115
179 129
45 36
33 19
173 142
105 136
128 187
45 192
3 77
186 136
32 144
43 149
189 187
110 183
160 183
188 144
186 152
43 195
66 17
174 92
12 14
103 19
189 112
66 80
33 195
130 143
26 129
26 115
158 135
6 141
96 86
66 64
105 184
12 167
110 192
170 17
22 191
155 98
111 98
155 100
105 83
73 86
63 77
169 68
61 148
35 151
84 98
30 157
82 5
132 54
188 57
194 81
9 17
25 98
104 86
50 64
73 42
27 62
153 120
39 52
30 193
30 184
102 183
33 5
188 127
6 108
1 85
147 14
45 11
145 175
30 144
73 87
25 81
30 148
147 98
48 92
126 197
97 167
16 164
74 91
177 75
162 123
25 58
103 197
177 37
150 20
128 156
110 21
162 193
99 93
50 11
179 56
101 46
128 52
13 85
171 54
23 47
139 112
186 198
63 72
186 161
61 64
174 123
38 79
177 108
82 133
105 167
121 4
94 55
194 17
3 157
43 71
177 156
190 144
40 187
50 92
39 191
73 29
23 156
9 198
34 64
9 183
34 11
67 172
35 86
25 141
96 135
113 108
90 89
178 31
7 161
153 20
33 36
99 62
190 71
171 15
139 93
2 191
147 52
110 134
103 120
124 187
82 79
30 57
154 89
159 133
45 195
39 193
169 64
50 183
179 58
38 46
32 129
171 146
121 117
163 24
94 59
131 157
28 18
153 86
53 65
147 107
61 167
177 54
50 75
140 184
181 47
199 31
30 187
102 37
53 4
7 185
124 135
145 56
113 142
194 65
119 156
3 80
33 184
41 86
51 151
49 8
6 14
138 20
163 79
49 172
109 77
74 37
194 24
30 81
90 167
50 143
160 58
139 167
138 193
3 134
49 55
169 129
162 91
50 89
94 168
119 65
39 4
95 107
95 17
196 29
43 176
160 175
124 185
43 87
34 193
50 80
160 47
30 191
113 123
43 36
97 91
196 87
104 44
41 134
150 14
9 192
119 197
190 91
139 8
97 75
13 44
66 31
13 185
171 92
111 85
169 167
102 118
159 164
28 47
40 42
154 157
73 198
84 108
174 157
147 195
66 197
6 144
132 107
30 116
27 98
165 56
104 183
139 11
110 127
128 180
78 123
125 183
82 44
147 184
173 68
139 133
23 11
60 167
109 107
125 52
63 18
103 85
43 92
125 46
101 129
158 42
74 183
110 133
110 151
137 47
189 136
34 19
7 62
60 36
171 193
23 18
137 185
137 64
50 156
67 36
159 112
39 79
181 127
109 183
189 80
181 57
33 172
181 123
97 100
53 118
94 161
38 120
121 37
158 85
30 71
9 149
25 172
23 54
67 79
30 68
63 195
178 85
7 176
41 81
200 37
150 55
128 185
38 15
130 175
125 8
138 156
102 149
53 68
26 62
132 135
103 141
153 42
137 44
97 59
78 42
131 64
125 168
124 80
170 68
48 37
196 83
170 148
179 142
60 83
1 37
194 156
28 133
66 129
48 93
145 83
194 8
124 191
194 167
177 56
178 75
131 5
145 183
12 98
102 133
189 116
1 183
155 117
3 106
186 11
111 68
88 148
63 100
199 108
188 37
165 15
163 161
131 151
73 156
50 187
124 168
110 4
99 117
103 108
111 136
67 100
43 175
147 86
101 195
171 184
105 108
33 17
119 144
131 42
181 156
40 46
126 144
162 184
22 55
159 21
199 20
41 69
119 167
196 89
103 193
2 86
60 108
45 87
51 65
49 56
40 55
48 80
114 54
97 15
128 142
7 17
162 64
9 106
48 55
189 195
73 10
179 89
50 175
105 20
124 72
121 161
50 106
35 195
48 115
165 116
200 24
7 54
145 29
109 24
126 118
173 24
41 117
2 127
22 143
169 85
188 8
179 29
63 142
1 83
105 122
96 176
190 143
121 146
48 19
35 108
49 144
48 24
128 100
6 142
12 129
25 120
189 127
33 31
1 98
170 187
49 79
3 118
139 182
1 11
33 134
7 64
132 58
125 72
155 127
13 198
150 79
45 14
160 148
124 157
2 87
60 70
160 123
131 68
181 71
94 136
103 185
67 93
90 52
1 161
38 115
50 182
131 168
84 47
113 75
90 93
82 76
132 175
60 89
6 62
96 118
74 115
33 198
53 98
154 46
82 185
41 77
121 112
26 52
194 127
74 117
150 195
178 193
111 29
78 29
23 106
140 54
155 106
41 144
74 56
41 161
35 117
121 197
45 92
41 146
78 75
162 98
63 127
111 172
13 72
38 75
95 52
94 149
114 47
114 24
110 157
140 29
173 143
38 142
6 29
60 29
25 47
130 79
200 75
181 180
113 135
169 115
121 133
194 56
12 36
138 81
105 129
38 62
137 68
110 70
78 146
82 141
32 55
174 64
94 92
103 56
22 81
189 10
1 157
119 149
159 91
163 72
110 123
102 184
102 195
66 29
196 47
13 141
48 98
40 168
66 15
124 182
124 46
200 69
155 36
41 180
97 187
16 172
181 133
199 144
111 47
113 4
181 76
73 118
12 19
179 47
104 148
63 122
90 24
48 108
200 18
177 89
63 91
102 197
105 4
78 55
49 175
109 4
67 69
139 58
147 91
178 175
181 112
124 195
60 55
96 17
12 80
94 106
16 64
103 133
48 14
114 83
88 70
3 59
169 17
26 187
163 184
88 168
188 87
38 122
25 142
74 133
119 75
169 193
105 69
3 184
174 193
63 37
132 193
88 21
26 42
34 135
45 127
158 89
73 135
137 135
130 182
124 146
147 56
23 31
128 195
84 80
13 172
154 44
22 68
9 69
132 29
73 107
159 135
190 122
7 166
128 129
96 18
171 80
163 18
74 144
84 195
188 198
163 107
1 175
189 11
34 195
51 142
2 164
174 133
155 10
51 69
102 146
138 120
63 156
110 65
131 70
109 112
96 161
125 115
179 31
173 100
88 118
34 29
174 143
84 10
53 151
170 106
51 115
3 65
174 57
163 149
60 195
43 151
169 62
200 71
126 31
1 149
61 54
25 80
145 180
159 19
22 75
60 129
103 175
153 193
132 198
12 127
67 19
43 54
179 81
95 69
177 58
53 8
145 123
34 31
177 92
153 156
177 112
190 167
181 42
138 168
147 75
110 91
188 107
189 175
170 176
162 164
96 8
111 127
3 44
6 129
159 81
125 5
125 149
43 68
173 31
199 70
194 80
163 19
94 183
7 70
171 64
40 133
169 122
173 115
137 5
97 122
124 58
33 37
84 17
39 87
9 93
9 86
6 86
41 46
173 136
95 59
1 118
132 148
165 46
150 36
150 21
186 72
33 55
137 21
174 5
95 141
177 143
78 54
2 89
35 120
126 19
74 193
84 64
49 120
63 149
23 70
132 71
132 192
190 20
30 89
131 47
101 80
190 4
25 157
41 197
51 116
51 57
53 42
125 92
110 54
171 168
126 195
50 57
61 52
67 83
82 112
27 122
199 47
154 31
12 142
160 115
28 172
186 29
39 80
139 52
119 69
49 182
196 192
38 70
22 72
22 24
38 172
45 149
140 136
53 184
196 156
154 100
43 20
90 4
96 77
49 156
128 29
27 77
103 44
138 71
177 129
97 142
78 143
124 70
43 80
170 57
128 197
128 31
181 164
32 198
104 75
104 87
9 191
66 120
189 161
199 184
99 184
174 15
162 141
2 118
128 20
125 75
40 93
84 19
160 65
40 29
30 14
7 107
147 161
128 85
61 161
154 184
60 198
78 182
139 144
194 185
158 193
189 76
188 59
43 18
139 68
102 187
119 129
173 185
163 129
158 65
140 197
74 151
199 106
124 164
53 79
110 52
99 136
51 24
186 117
190 148
16 58
28 115
97 195
137 31
74 166
130 136
41 72
33 44
61 36
61 129
33 47
153 133
39 122
13 81
162 54
173 37
138 58
155 70
130 21
2 107
28 68
130 18
90 72
131 133
111 57
190 187
16 134
132 20
121 187
162 195
94 58
169 79
6 100
97 79
150 92
82 29
95 197
126 167
188 148
9 166
126 44
177 106
84 87
30 31
25 191
189 98
131 46
114 184
163 87
102 10
105 15
49 85
181 19
7 65
165 167
45 182
113 65
174 62
150 19
190 112
6 59
178 116
6 148
139 81
12 72
33 64
111 183
177 76
101 71
162 129
32 10
94 81
66 107
121 46
150 42
39 91
99 46
196 5
171 167
162 31
109 17
153 83
101 197
96 195
25 37
163 187
111 198
51 11
165 146
114 18
43 62
32 100
102 19
27 54
171 143
190 129
96 42
88 176
6 123
169 142
132 143
63 118
78 18
194 11
50 135
181 146
60 187
78 85
27 93
126 89
160 116
186 69
84 112
125 69
179 122
6 98
48 118
51 10
73 98
165 47
33 182
109 71
9 89
181 14
34 85
97 8
49 76
199 142
3 10
53 144
35 81
33 149
165 192
199 191
32 68
177 123
73 100
154 164
105 93
101 11
95 81
153 15
153 31
50 47
28 193
48 76
60 46
110 106
130 77
130 129
16 151
1 93
1 80
39 68
35 8
132 172
196 152
109 192
154 29
88 10
158 172
189 46
96 148
126 72
125 107
169 195
140 146
132 93
174 21
1 91
33 72
173 192
28 164
96 168
49 183
3 71
12 180
140 175
28 87
196 100
35 47
43 134
97 92
111 42
158 86
137 93
38 168
61 106
66 65
43 148
109 46
74 187
78 100
82 36
171 10
179 149
163 4
179 176
53 141
140 44
45 44
159 116
173 149
163 83
23 167
169 77
111 176
88 115
170 87
160 15
174 151
23 142
174 100
12 107
67 133
132 4
194 75
82 151
186 62
38 182
154 47
60 17
23 116
12 87
126 17
139 192
67 59
32 161
128 108
138 184
160 31
121 108
39 10
103 10
9 37
99 76
139 136
61 93
140 89
189 79
50 72
159 10
51 148
48 193
178 176
121 10
63 89
7 180
159 175
30 80
101 85
109 141
186 85
66 20
27 20
33 129
61 146
155 93
188 85
124 37
32 123
32 46
174 122
104 98
130 176
158 164
196 143
53 47
139 76
132 77
125 14
78 112
189 62
170 5
16 92
124 149
119 116
49 193
23 192
50 123
169 120
16 191
130 57
139 92
131 182
28 167
28 183
82 152
88 77
6 46
104 4
154 75
130 46
101 8
109 52
66 46
194 192
162 15
9 64
51 141
96 70
199 44
39 148
128 191
97 198
43 183
189 21
140 166
60 141
188 180
50 167
25 156
145 143
124 167
199 89
111 37
35 21
12 37
131 184
132 72
22 146
84 164
200 133
113 93
38 24
158 75
196 91
188 151
49 58
104 56
3 168
22 37
113 58
23 85
6 72
124 93
63 79
27 142
128 68
110 141
16 19
38 187
165 98
95 44
22 11
188 98
28 55
104 77
169 107
174 83
88 197
162 136
189 167
130 93
1 5
22 86
25 17
88 198
170 11
140 198
23 183
128 122
7 123
125 143
121 198
171 58
25 118
13 92
104 141
105 176
97 42
26 123
137 79
140 122
26 157
26 4
169 47
82 197
189 83
40 183
113 134
126 193
66 115
125 157
173 129
26 117
34 161
128 69
40 70
114 122
145 59
2 184
102 136
23 46
174 192
26 89
147 151
145 118
38 11
169 19
38 144
1 107
3 108
16 42
2 14
50 146
43 164
84 149
165 106
154 10
140 176
94 47
181 15
66 135
181 176
137 122
150 146
74 172
113 146
121 59
177 4
9 197
159 195
23 100
94 36
103 65
140 191
60 5
48 58
126 55
196 135
53 91
74 184
121 144
132 80
30 172
196 197
50 164
179 180
90 70
159 4
173 65
82 72
99 116
150 107
28 146
121 80
3 167
154 83
28 81
3 8
150 108
22 122
13 127
45 71
128 183
39 192
130 64
34 197
162 142
43 106
67 29
170 184
3 54
61 42
26 31
66 116
155 148
48 156
30 182
194 15
49 36
165 193
30 47
7 92
16 192
114 75
60 180
178 146
173 42
2 151
74 198
88 59
105 47
50 134
2 157
163 68
111 156
160 75
126 148
96 152
13 18
162 144
154 197
7 115
199 79
28 85
178 58
199 123
140 123
137 127
35 36
96 64
74 21
43 11
30 29
78 122
139 14
50 129
53 10
51 112
49 152
95 57
32 149
194 86
94 18
200 10
189 133
73 44
110 29
158 176
74 164
43 185
125 68
101 54
154 142
162 176
194 47
150 98
41 156
25 117
125 180
179 10
1 20
22 56
196 37
73 76
97 143
154 148
147 59
22 192
188 192
105 168
104 116
137 77
124 129
159 58
53 29
178 133
2 112
41 136
16 98
84 58
63 14
138 127
113 118
50 65
27 184
27 106
125 106
60 71
95 108
158 93
53 187
189 197
30 167
39 11
60 57
125 89
104 168
45 42
82 56
97 18
28 185
109 129
7 8
101 83
27 135
158 91
155 184
199 157
61 134
124 166
1 146
158 15
154 176
35 112
194 5
190 18
188 115
138 83
3 127
27 24
109 92
139 164
158 77
45 152
28 157
99 185
13 93
190 79
137 91
9 92
138 89
132 120
27 198
121 83
13 192
1 77
196 136
145 8
74 146
48 65
48 83
155 59
131 75
174 175
155 161
105 46
114 29
16 77
78 183
200 156
186 146
101 98
200 198
177 62
90 81
78 184
126 123
190 14
171 144
119 115
84 152
60 143
155 133
104 52
60 127
102 141
27 166
165 198
196 112
94 56
199 72
162 116
1 56
150 18
25 195
105 71
119 24
158 117
171 56
101 148
153 10
104 136
53 191
26 195
95 70
88 86
1 106
145 98
145 44
137 172
190 180
165 136
38 20
104 83
105 14
25 133
103 87
13 161
63 134
88 106
34 62
6 87
199 37
67 20
153 24
125 175
61 100
119 120
190 116
165 52
43 156
154 80
99 167
27 133
25 57
111 133
189 87
177 5
110 44
60 166
103 68
162 120
173 93
34 56
60 93
13 87
186 108
179 77
40 120
32 168
99 85
38 123
138 123
131 92
177 197
90 36
186 20
61 24
94 37
39 167
128 87
53 69
137 115
114 167
23 149
73 46
16 15
181 166
66 187
109 83
124 172
171 72
190 117
95 15
30 65
2 21
178 148
28 15
51 52
153 64
177 21
27 21
74 176
45 81
7 79
27 55
23 83
27 149
160 19
66 14
109 64
130 168
60 149
78 46
9 62
41 17
102 18
131 57
39 195
90 20
179 52
35 107
196 76
162 117
66 127
154 92
30 100
154 4
160 87
101 18
41 11
102 20
63 75
145 152
74 68
38 59
121 182
179 112
95 151
99 72
139 59
22 152
177 175
155 197
22 59
67 182
147 76
41 47
40 198
32 192
12 21
109 70
179 98
3 47
43 129
88 93
200 164
169 156
163 81
113 183
159 71
66 117
177 11
102 175
132 127
88 11
66 36
138 164
26 142
196 4
35 185
131 100
39 57
7 14
109 116
74 15
9 108
200 29
34 167
32 92
114 134
34 91
177 42
63 29
97 152
186 75
66 71
126 86
130 58
53 86
113 192
189 15
12 118
60 24
194 120
190 8
124 44
104 118
178 151
196 115
61 5
61 192
94 157
78 91
179 8
3 175
138 69
16 127
155 52
119 122
169 134
38 176
26 135
103 117
140 117
109 31
22 52
153 62
119 192
128 192
177 135
174 56
2 106
173 52
7 55
160 98
173 85
178 183
155 167
73 180
171 44
101 172
84 42
30 75
145 182
6 89
171 151
124 81
38 54
95 118
53 58
147 112
104 8
51 192
34 68
16 116
200 42
51 83
32 122
130 91
101 175
160 42
35 15
2 182
49 75
84 65
199 100
88 4
162 167
3 149
114 44
67 37
101 64
99 191
67 44
13 21
61 107
130 17
181 183
95 54
147 62
96 182
78 80
199 134
45 54
186 87
3 91
49 100
9 76
78 5
158 21
121 68
121 172
25 79
109 91
169 168
84 69
45 65
170 122
67 116
51 64
132 11
103 146
103 75
200 36
26 70
154 144
186 129
150 44
138 11
88 29
110 195
121 19
190 191
99 54
178 19
158 5
16 118
6 20
114 77
101 37
113 89
12 176
27 185
147 133
51 93
97 144
39 75
22 117
84 79
189 156
124 56
165 55
22 79
178 64
165 117
131 180
155 187
43 166
147 129
61 152
25 143
104 120
7 156
174 135
67 42
34 133
181 149
66 157
49 19
96 56
6 117
194 176
140 75
140 118
124 77
111 15
132 161
174 156
147 87
196 182
147 152
178 142
30 146
90 187
158 187
188 191
119 176
26 86
159 166
145 64
179 191
61 123
113 85
51 14
119 164
179 59
138 36
13 180
32 72
78 133
150 191
109 135
35 135
94 108
49 117
190 54
121 64
159 185
12 46
171 20
132 68
105 56
9 18
38 72
150 161
159 180
97 70
159 17
200 120
131 29
78 116
73 112
28 58
73 36
137 85
105 80
1 127
145 4
16 135
139 148
140 192
63 59
189 89
126 79
34 164
140 68
95 149
33 20
16 4
114 172
194 18
67 17
165 4
179 54
84 91
82 24
103 86
35 134
61 8
13 106
194 141
63 175
124 15
110 76
40 75
137 166
2 70
114 176
12 175
178 112
13 184
28 156
34 175
155 58
124 91
7 85
34 4
119 142
162 86
174 44
90 122
49 59
28 98
84 116
97 149
30 134
84 18
82 8
114 11
96 81
200 77
82 122
7 37
130 31
39 164
165 157
88 98
145 197
169 52
40 56
88 54
50 59
94 166
32 80
177 191
50 172
188 77
179 146
74 143
158 55
45 135
155 175
73 195
153 175
96 143
105 81
34 15
40 135
40 69
171 47
130 184
163 148
49 180
125 58
196 21
51 68
35 76
40 22
34 154
105 88
196 88
177 186
84 40
153 90
25 194
61 63
194 45
177 99
145 97
50 181
28 114
194 159
109 140
74 13
66 13
67 131
101 189
153 30
126 125
90 23
121 153
125 194
121 28
16 154
78 53
165 32
186 95
30 3
158 140
25 41
40 66
190 155
13 23
104 16
95 194
199 150
1 199
132 124
190 34
139 97
30 78
159 3
137 190
111 170
66 78
43 82
110 105
160 178
103 114
13 73
128 60
130 102
162 139
66 162
179 39
111 61
13 1
74 111
111 179
199 78
190 119
170 173
23 34
78 158
35 88
190 140
132 110
40 128
32 181
171 49
90 84
124 40
150 51
82 67
13 28
186 158
124 114
160 28
190 22
110 163
99 171
49 137
163 39
39 63
25 45
162 103
132 45
27 96
49 1
78 13
78 154
139 109
153 128
61 114
125 165
162 174
194 196
125 78
53 200
126 170
90 190
181 114
109 88
33 41
63 196
84 33
73 188
74 45
140 13
30 2
30 104
155 111
139 125
16 171
130 110
174 188
48 45
49 48
53 113
30 94
22 186
102 49
169 34
74 130
26 28
30 190
113 186
189 35
137 150
50 150
39 199
200 178
48 61
130 132
28 124
60 90
132 145
63 139
200 173
171 125
84 7
190 73
132 102
137 45
6 60
158 163
111 35
30 96
104 50
124 145
67 130
160 147
95 139
94 153
82 199
104 199
153 139
50 131
67 181
102 30
7 90
25 22
101 190
39 128
178 41
6 196
113 66
105 103
181 190
196 9
104 155
90 27
48 130
194 186
114 96
126 140
28 159
48 23
33 138
171 158
34 16
35 6
23 147
125 9
171 159
96 7
97 181
3 32
200 189
111 12
170 9
39 38
121 7
99 33
126 158
95 49
153 170
6 200
1 101
158 104
12 186
2 95
67 113
39 140
109 103
38 155
82 35
23 159
153 186
128 132
38 16
39 188
103 63
16 128
33 105
113 153
171 12
155 32
155 199
82 169
33 200
28 34
78 178
173 153
199 158
49 99
43 1
163 53
96 16
27 78
51 82
140 6
165 137
119 130
199 169
33 171
125 1
2 50
7 49
63 163
181 40
60 45
114 171
170 6
63 199
169 26
103 158
78 104
179 40
200 155
82 63
126 121
190 39
109 188
177 169
190 61
130 99
40 131
114 104
179 26
126 159
131 2
150 67
128 171
26 174
103 90
66 121
163 7
49 186
25 181
189 162
38 110
194 38
95 45
114 88
16 39
1 30
147 16
45 111
53 2
173 9
194 121
90 178
147 145
137 60
181 194
173 88
88 153
73 27
121 50
154 32
90 159
132 153
40 119
88 138
50 158
78 177
196 138
145 150
53 63
22 158
38 169
84 153
43 154
174 35
41 131
131 179
25 125
23 196
111 53
63 74
171 124
105 155
162 178
63 154
32 16
53 137
66 158
23 82
147 130
95 138
25 43
38 94
43 95
27 63
178 111
139 51
35 41
23 189
7 94
12 138
169 132
119 16
40 60
113 38
105 132
13 200
158 7
165 2
145 131
173 169
48 13
84 121
74 131
109 138
194 97
48 145
162 128
41 130
49 138
119 13
132 35
90 181
124 13
94 154
145 114
33 3
39 102
162 194
153 74
154 147
82 94
110 94
147 43
102 178
162 169
188 160
169 171
159 38
2 154
178 99
97 1
174 121
150 30
78 189
99 138
119 49
147 48
189 3
199 16
155 95
73 147
111 163
30 48
194 9
103 35
7 22
32 39
94 124
199 126
41 179
110 159
155 51
181 102
51 39
154 39
99 61
84 63
162 45
23 30
35 32
121 169
137 154
27 101
82 74
162 188
26 73
165 73
158 28
147 153
159 114
169 50
170 171
170 2
171 73
119 48
94 186
1 109
147 178
158 88
102 12
51 43
125 38
30 200
25 126
105 154
126 50
155 9
35 33
178 27
6 189
104 125
25 124
3 169
67 189
67 114
45 188
105 121
186 99
147 38
101 114
9 96
88 23
6 154
125 173
200 125
186 101
101 3
101 162
113 35
154 145
30 158
114 126
181 45
50 155
165 23
159 137
113 111
9 22
155 189
16 179
22 1
51 73
194 33
60 109
40 6
199 49
130 138
178 53
41 190
188 96
32 48
196 2
181 84
61 22
170 103
27 110
16 74
95 48
22 189
74 160
173 110
26 189
1 12
104 131
78 109
178 97
7 199
61 162
78 159
84 158
99 30
27 173
28 73
139 177
51 99
130 150
30 177
84 174
48 2
138 104
12 145
131 94
3 39
137 38
110 171
32 200
196 158
1 137
130 9
9 7
104 110
119 22
103 190
139 105
170 13
181 3
163 139
104 90
125 96
109 150
104 128
33 43
179 126
158 13
23 51
53 26
39 200
61 16
40 186
159 27
130 16
186 50
194 78
45 160
73 22
33 158
28 99
60 97
169 7
45 103
60 163
39 162
105 28
26 125
26 67
128 99
160 34
177 190
132 158
27 140
128 23
95 199
41 154
137 3
111 165
109 34
50 179
25 34
137 177
9 124
125 3
188 154
1 40
186 45
186 9
66 190
196 101
45 104
102 40
165 101
105 97
7 189
84 105
50 48
104 51
174 45
88 162
40 53
67 94
163 41
22 155
104 2
188 66
130 165
90 113
28 147
45 33
7 186
188 16
171 96
39 181
130 153
23 102
94 150
194 177
181 53
137 119
181 111
67 7
139 84
163 61
190 26
169 194
125 163
25 189
114 82
139 61
125 6
140 113
105 35
45 84
84 199
99 173
49 94
95 9
101 63
199 38
67 194
23 137
84 34
61 1
154 162
114 158
45 63
154 35
66 94
103 84
48 131
63 51
6 33
131 170
174 88
102 155
131 150
188 25
128 124
94 9
61 6
51 188
169 181
140 162
179 105
119 131
113 179
145 105
137 16
38 163
43 97
48 60
150 171
67 38
121 27
196 160
188 138
97 114
170 194
22 16
109 66
128 74
104 53
114 154
7 50
200 111
126 6
67 170
104 113
74 12
178 104
90 169
73 140
160 103
27 109
60 165
110 2
101 34
94 43
113 131
186 3
102 48
109 97
63 32
155 12
178 173
7 102
162 60
63 6
28 51
113 165
181 163
99 32
179 88
13 199
126 73
102 145
6 3
34 111
88 61
49 128
114 45
3 1
196 27
130 78
48 96
165 119
34 174
40 74
190 88
169 49
199 60
119 61
6 102
3 110
178 7
174 16
145 104
121 3
35 188
43 84
186 169
63 145
51 113
43 181
28 35
150 74
158 45
97 22
2 200
177 145
190 170
159 178
130 196
138 90
128 105
25 23
160 163
162 160
194 119
95 25
88 49
96 82
121 196
51 137
40 28
67 102
158 153
139 200
169 179
90 173
2 147
160 41
97 162
132 39
181 170
2 9
1 155
111 6
13 126
61 140
171 189
132 82
73 173
154 27
110 84
200 121
12 66
139 34
23 94
23 131
60 153
41 99
96 160
114 113
34 61
200 194
28 61
51 50
150 48
61 178
163 101
171 132
96 102
200 95
111 49
43 67
74 179
34 196
165 159
131 189
78 170
40 158
165 30
177 200
82 194
153 140
196 60
173 78
45 16
101 126
41 67
26 200
32 150
128 102
63 186
181 28
63 16
16 177
154 177
159 177
173 154
60 138
6 9
35 60
38 50
35 12
33 90
12 45
60 28
147 51
16 23
74 39
113 154
102 101
110 190
12 22
121 132
132 88
137 173
97 35
30 126
128 103
199 174
78 49
61 138
6 169
186 103
163 130
179 12
114 173
26 158
178 30
39 84
3 61
147 173
174 102
174 173
200 35
43 132
74 138
82 110
171 165
110 67
63 178
169 174
159 119
125 35
171 153
12 121
50 196
96 74
12 137
104 162
181 60
130 22
169 13
155 41
173 82
27 155
3 41
132 113
137 39
16 103
74 101
102 41
169 200
3 96
39 22
105 82
32 53
96 33
113 30
67 158
150 158
101 95
171 105
73 41
170 165
200 78
74 163
6 96
114 162
28 163
39 41
138 25
25 162
67 12
150 121
169 1
170 179
109 94
16 25
103 178
165 25
84 16
74 38
147 102
160 155
60 104
174 99
22 200
33 111
7 38
74 60
90 25
34 165
159 7
90 9
124 160
163 66
113 124
40 140
1 145
102 34
12 40
128 145
194 153
16 138
33 196
34 63
96 147
125 170
6 139
119 99
158 188
174 125
179 128
38 53
189 199
82 125
43 113
102 121
27 35
53 84
163 33
66 25
138 22
43 13
130 61
39 119
34 32
199 179
128 22
153 82
88 128
53 124
165 160
49 158
137 171
199 43
96 124
125 63
9 132
82 174
179 145
33 199
66 159
165 150
40 111
38 101
74 88
186 96
132 41
121 73
32 95
165 186
154 109
147 84
13 178
53 33
9 179
174 189
102 124
140 103
90 32
159 51
105 194
121 45
22 26
26 113
169 196
61 137
160 186
1 28
145 189
196 78
96 95
186 51
40 39
150 126
103 73
121 26
1 50
189 113
60 110
162 126
109 196
173 6
186 27
73 178
139 39
90 12
51 102
153 63
165 51
95 60
60 67
190 27
9 105
114 99
132 63
96 162
63 40
196 99
61 23
105 113
110 40
147 190
110 138
23 1
174 50
40 38
199 200
103 48
26 50
53 188
121 125
162 28
190 111
96 194
155 196
110 53
126 7
178 171
95 102
13 139
154 101
3 165
73 43
50 153
12 170
145 155
199 139
61 126
2 41
140 111
39 105
150 9
84 13
181 177
103 154
179 66
27 124
78 39
43 173
102 35
150 188
51 48
101 2
45 41
51 61
9 163
95 40
138 103
139 178
159 41
6 160
32 23
33 12
53 90
78 165
12 32
53 88
105 181
132 48
169 170
113 150
23 194
25 105
196 163
102 104
174 61
73 110
97 196
25 158
43 131
61 104
27 22
67 128
53 158
38 82
2 40
26 61
94 97
153 34
23 99
73 102
137 179
63 121
159 109
171 41
32 145
188 26
130 124
1 140
1 190
189 181
188 40
150 28
13 125
179 3
103 179
160 63
67 174
6 165
155 66
27 137
73 109
26 74
159 16
102 165
139 102
109 111
43 114
84 49
34 186
160 109
40 145
30 63
170 32
190 9
45 97
162 73
48 173
170 40
33 110
174 190
131 26
111 105
53 82
119 200
153 41
78 137
132 200
60 2
147 162
40 96
177 162
121 48
189 95
6 188
9 23
125 109
169 12
139 23
34 60
73 94
88 188
163 105
95 124
16 114
88 140
35 50
160 181
138 6
61 153
49 33
53 41
88 131
43 6
145 13
188 139
49 43
160 94
41 9
101 159
3 171
23 188
121 181
84 3
22 95
189 128
60 178
196 96
171 26
99 125
28 186
74 34
114 111
95 28
128 3
96 200
154 38
78 88
111 119
1 124
84 35
160 139
111 97
84 6
110 124
16 88
35 63
159 73
97 171
43 38
111 2
88 95
13 6
23 163
1 27
94 1
9 109
138 186
61 50
113 74
169 113
126 97
155 194
153 145
74 97
82 126
28 137
119 34
32 73
153 43
137 104
9 101
179 99
103 9
181 124
27 3
104 22
61 35
22 173
78 41
178 130
60 96
82 25
61 43
82 139
126 200
73 95
155 43
51 199
169 124
170 90
186 145
88 102
121 177
73 53
7 103
128 121
39 2
124 200
131 27
163 189
39 150
2 171
63 190
48 179
131 139
1 102
95 169
140 171
28 82
102 163
154 66
33 150
174 49
45 177
60 171
140 84
50 96
132 160
109 178
173 186
177 163
13 41
66 160
128 130
73 50
84 109
194 34
174 154
125 94
174 194
124 170
26 25
25 2
3 190
38 23
95 27
138 41
30 171
50 162
41 34
22 171
110 150
78 139
84 130
32 137
96 26
50 105
53 138
196 53
51 153
155 169
131 12
13 131
94 130
33 101
177 51
163 99
84 101
153 181
199 188
30 60
50 23
181 125
138 113
67 154
96 2
199 101
165 67
96 170
155 61
101 30
27 66
181 51
155 82
165 132
35 178
188 131
110 74
165 128
90 125
137 140
189 30
63 25
41 1
119 104
179 114
174 53
165 97
95 110
97 28
194 138
61 102
126 12
199 160
78 60
16 35
27 34
178 174
73 60
194 128
9 13
7 3
179 45
173 95
194 49
96 159
165 196
119 113
170 16
159 95
43 99
158 165
128 9
190 154
2 173
139 66
39 35
158 48
128 114
178 128
138 66
74 109
74 23
32 121
114 153
160 189
12 124
170 66
39 130
43 26
177 7
178 48
41 147
22 51
140 128
40 27
26 27
22 114
188 67
7 188
84 189
147 104
99 113
174 139
61 49
189 124
63 49
43 124
88 178
82 163
140 97
78 113
111 132
67 103
48 177
189 12
35 160
43 171
99 110
124 103
40 190
32 101
16 33
190 7
138 114
66 49
60 38
160 200
53 16
50 199
119 7
49 34
13 50
73 113
32 171
121 51
94 104
105 74
34 90
53 126
34 170
28 43
22 30
128 169
121 38
6 124
125 22
196 126
138 163
88 41
84 94
96 28
88 154
53 179
155 40
147 30
101 35
169 163
82 102
160 40
200 174
67 74
38 173
3 147
103 12
125 199
51 88
35 34
7 196
25 27
154 121
158 124
119 177
113 125
188 9
158 35
114 147
25 7
159 132
12 48
12 178
50 189
190 78
26 38
82 13
137 160
177 2
105 34
12 27
173 160
3 111
90 119
6 113
103 28
196 177
170 139
1 163
30 154
6 147
34 121
131 16
132 90
186 128
145 159
178 194
177 97
155 125
1 114
53 199
74 126
66 26
74 199
119 125
158 60
101 147
23 155
99 165
2 32
140 119
67 34
140 90
74 188
109 33
121 186
30 84
132 32
103 111
140 78
125 74
137 189
190 126
49 132
170 128
139 40
51 25
113 9
48 28
94 159
102 140
181 63
137 40
102 190
165 28
155 94
35 139
45 101
199 66
126 147
114 94
189 139
109 145
109 179
200 66
67 124
121 6
138 119
61 2
67 139
109 25
104 49
163 26
138 126
160 3
179 188
139 121
2 66
131 49
140 32
174 30
33 97
145 25
73 189
169 23
178 26
174 109
173 131
114 6
95 7
139 16
128 6
84 124
181 126
78 6
97 199
94 51
154 150
126 186
1 73
7 26
174 2
189 119
171 139
153 109
177 173
171 119
53 7
188 38
73 45
173 96
45 82
101 99
105 147
16 28
63 60
7 130
110 30
61 38
97 159
97 96
114 63
121 130
30 35
138 159
124 190
90 49
49 22
30 28
63 38
147 165
12 7
49 125
84 50
125 23
177 131
173 25
163 186
26 103
101 158
101 111
95 78
177 34
40 33
190 50
200 82
179 171
126 45
162 84
96 145
41 140
53 51
67 84
153 178
104 188
48 41
84 125
177 74
140 196
114 102
160 13
13 3
35 38
113 88
154 140
126 137
88 43
3 188
97 41
13 102
174 9
147 82
88 48
113 39
154 1
150 138
1 95
162 119
103 155
128 181
38 145
124 101
165 27
145 61
28 174
199 113
102 119
119 163
95 39
73 67
3 49
124 155
124 153
49 165
99 26
67 104
39 196
126 103
63 140
174 38
104 27
113 1
16 145
162 67
3 82
30 90
23 104
190 199
173 163
125 53
186 30
22 3
16 163
84 178
186 170
73 99
22 101
2 150
169 131
97 150
43 66
12 26
9 43
26 140
23 177
63 162
162 105
97 189
137 84
130 181
95 51
32 25
13 105
41 162
109 104
174 12
140 94
23 140
88 94
34 114
128 159
147 188
78 162
22 124
121 109
101 41
169 160
126 67
26 41
110 25
34 1
30 53
186 139
66 33
67 3
121 23
25 199
78 22
145 137
26 160
140 28
63 26
131 110
147 155
124 99
109 2
196 48
3 97
9 33
140 150
132 131
50 114
159 113
160 126
50 53
27 171
63 188
82 165
38 84
94 171
171 199
147 170
41 12
155 48
51 78
41 119
23 49
137 95
177 138
162 23
103 153
131 137
90 155
96 190
88 97
30 82
48 128
165 7
111 138
126 48
171 109
88 177
6 109
74 154
179 200
103 51
2 140
7 45
109 41
125 103
13 25
111 78
96 132
50 95
12 139
32 6
181 1
102 170
131 128
34 173
110 126
200 41
94 27
27 99
2 103
132 174
49 67
145 27
145 196
61 12
94 28
103 121
159 199
50 90
109 53
104 130
7 27
39 33
158 173
90 45
73 179
194 1
105 101
97 32
102 160
130 103
66 84
110 7
150 103
51 111
189 179
177 61
186 61
33 155
78 50
138 140
32 96
101 170
196 124
7 170
110 34
61 189
125 159
7 174
88 126
38 165
3 9
1 153
41 43
99 40
38 138
137 199
150 53
13 35
171 181
200 99
102 63
196 30
82 160
178 45
6 162
160 111
49 181
88 63
105 124
190 12
194 16
3 60
181 88
13 95
97 113
48 9
200 73
60 174
95 94
43 63
131 155
99 39
48 154
26 88
190 196
7 43
130 177
194 140
22 103
40 16
97 66
140 3
155 73
35 159
60 39
179 132
33 128
103 23
3 132
84 9
178 67
138 1
137 170
137 67
190 28
94 61
9 119
169 22
90 137
67 22
170 73
104 196
162 1
1 119
48 40
12 105
147 179
160 145
12 196
97 188
2 22
7 147
150 60
60 170
145 84
139 3
66 51
139 27
150 43
150 155
35 138
131 200
90 189
33 188
66 132
99 84
26 78
162 30
196 94
9 153
158 9
173 119
190 97
1 39
179 150
45 138
131 174
162 179
105 158
12 158
200 12
111 9
188 2
7 88
74 189
173 50
177 105
128 43
22 34
9 137
67 90
162 33
125 150
194 109
119 32
125 132
27 60
154 130
169 101
111 110
132 16
132 27
139 88
154 189
165 90
53 95
12 160
130 101
53 48
126 33
6 181
137 103
114 137
16 113
51 40
28 84
16 60
110 22
1 88
49 26
169 126
3 196
158 43
28 38
38 95
104 153
159 67
99 38
1 111
25 61
45 163
50 140
35 53
33 153
124 104
39 23
25 163
138 13
186 13
96 66
163 73
43 170
73 34
155 34
128 109
131 186
74 30
30 194
35 131
110 26
179 90
43 137
128 38
25 99
199 48
113 181
130 95
33 154
49 114
170 82
7 35
109 28
88 84
33 160
194 12
158 130
6 26
90 145
155 6
189 130
51 170
2 99
45 50
159 6
189 188
147 199
160 130
163 147
121 162
103 131
177 103
74 43
23 40
194 40
96 105
102 105
126 51
119 96
194 104
188 177
125 12
119 101
132 60
102 45
153 26
66 104
99 16
74 165
28 119
174 48
155 88
26 94
2 194
188 60
96 25
90 174
189 158
38 33
48 7
38 179
97 40
132 150
103 99
189 105
99 147
177 111
114 32
174 25
97 153
121 159
97 147
66 60
1 165
179 35
51 171
51 124
45 1
158 34
199 3
67 179
174 186
28 132
128 96
109 158
13 132
3 150
101 110
173 12
23 33
23 97
49 38
139 114
153 99
50 159
121 33
181 178
82 97
40 34
32 27
105 169
53 27
186 23
153 155
114 105
34 30
169 145
139 94
165 163
38 2
130 126
66 101
50 145
154 169
119 2
66 110
194 32
97 2
104 189
22 181
190 162
159 160
43 194
94 34
90 186
39 174
131 194
13 163
101 113
145 66
124 150
74 41
61 82
138 124
109 13
113 60
162 90
39 67
159 111
150 73
130 200
181 73
32 163
66 95
22 94
97 163
154 126
160 110
60 22
99 145
189 126
147 60
48 35
41 95
101 26
121 43
94 3
153 196
174 103
196 173
95 131
51 190
13 45
48 139
169 159
186 1
7 39
48 33
84 26
169 33
84 128
177 39
121 99
41 28
30 26
137 63
132 163
94 74
171 177
32 177
119 150
66 32
6 179
104 95
169 28
12 25
1 174
119 30
145 51
150 178
35 128
177 147
194 137
90 105
145 6
159 200
181 66
78 32
25 131
33 82
110 128
61 150
41 110
101 50
160 177
196 26
48 188
43 32
53 177
140 53
177 90
41 173
132 101
160 131
145 78
171 74
40 94
150 170
50 138
179 49
131 1
173 103
179 25
173 74
130 113
154 111
38 162
132 147
194 39
189 66
9 45
49 105
99 6
111 90
145 181
181 173
34 13
53 97
94 101
53 49
155 13
132 140
90 154
82 130
114 199
196 139
99 162
43 22
16 165
16 2
177 43
190 138
125 160
140 22
73 96
130 27
114 3
150 78
114 51
50 111
170 132
12 73
178 186
101 6
196 178
95 90
74 78
150 147
126 178
7 105
51 110
153 35
121 53
63 158
111 153
119 154
147 40
138 67
102 32
109 82
190 33
165 121
26 97
67 33
190 109
32 130
110 145
173 124
188 110
61 9
173 138
194 110
125 177
94 194
145 162
28 90
194 165
159 163
35 2
27 119
41 137
51 131
165 88
121 78
121 2
160 104
110 199
82 154
130 169
140 45
61 147
48 16
32 22
2 138
61 78
9 12
27 111
78 153
173 23
125 188
45 113
39 103
181 95
38 114
178 6
114 66
90 13
174 105
199 119
82 49
179 60
32 138
97 131
159 45
50 110
109 155
199 109
9 39
28 23
49 13
13 96
38 140
7 2
63 173
96 39
188 27
6 95
173 30
188 30
66 73
34 3
103 96
174 165
170 105
67 111
178 165
90 147
190 113
63 111
2 153
158 32
13 104
170 140
105 66
199 32
26 137
105 125
28 27
181 110
101 139
13 171
170 50
177 124
104 97
45 67
50 34
178 190
158 23
131 9
139 169
200 188
140 104
25 48
9 177
163 35
28 130
99 78
45 170
170 114
179 153
82 188
102 25
25 74
49 39
113 155
169 45
104 126
119 145
128 150
82 189
154 51
6 66
189 138
111 96
174 138
2 43
33 22
121 179
9 88
49 60
162 171
109 119
186 2
171 35
139 159
49 163
102 131
63 128
96 109
74 50
88 200
99 66
169 2
179 78
130 73
67 171
16 94
131 30
178 145
32 188
155 45
132 38
94 178
155 186
159 30
200 48
196 119
25 154
7 111
27 126
105 40
140 200
25 3
130 125
200 186
32 126
40 150
88 12
82 22
170 30
1 200
51 173
73 137
74 147
124 73
82 159
110 189
82 119
3 124
200 7
139 104
200 147
66 53
113 94
196 186
25 130
13 196
124 78
183 184
192 55
71 127
46 19
146 76
172 4
107 144
46 79
65 192
151 195
70 69
46 70
180 198
172 157
85 172
148 8
182 70
197 42
83 168
112 156
118 52
59 44
100 135
14 24
59 184
146 115
197 70
175 71
112 164
192 18
134 52
116 42
36 116
81 57
107 100
183 164
108 182
122 120
100 127
54 42
133 15
11 120
152 117
77 148
182 17
76 79
192 76
195 4
151 68
91 127
77 176
197 148
44 86
152 68
192 123
64 167
29 64
182 71
65 87
122 20
134 156
80 143
146 157
92 81
180 89
8 184
68 77
120 184
59 89
89 172
168 148
4 161
54 71
117 116
149 98
17 144
187 127
164 108
100 65
198 148
115 133
142 76
135 79
198 89
80 85
10 20
70 81
62 14
198 152
193 89
64 136
157 46
195 141
108 161
93 59
44 122
87 44
180 72
58 80
172 156
123 187
20 127
156 70
112 76
36 115
98 8
115 152
92 185
8 77
143 18
70 29
115 106
195 157
65 117
5 59
127 148
5 4
21 141
87 92
55 92
19 192
29 68
87 176
5 141
85 86
76 108
57 172
19 86
56 133
19 11
18 185
36 87
157 152
83 56
107 37
193 24
69 143
183 71
20 56
129 107
75 149
127 55
44 134
185 85
117 64
183 11
17 80
172 70
195 20
31 17
151 141
8 182
107 15
31 142
117 77
17 11
69 151
191 59
184 134
161 191
64 57
70 198
187 152
37 117
18 92
198 187
37 71
20 143
164 100
81 69
185 29
37 83
89 85
127 98
56 166
47 72
136 17
10 47
156 83
80 151
36 57
187 120
17 197
175 76
143 183
4 31
116 118
148 157
148 83
17 75
15 64
87 112
37 19
134 123
77 198
175 17
191 54
86 17
59 4
106 36
148 118
127 36
176 58
135 168
157 168
37 123
133 37
46 83
182 157
164 92
98 4
100 86
123 116
58 8
142 166
68 71
14 58
57 149
10 42
15 175
129 185
180 135
146 15
183 76
65 89
117 123
47 91
76 120
36 59
187 18
46 129
144 142
167 149
116 89
100 72
76 115
92 72
164 182
100 46
14 83
183 129
191 46
69 79
166 172
72 89
24 62
123 69
116 5
135 19
108 98
91 72
69 46
65 81
136 77
198 4
18 117
98 157
54 197
129 47
108 141
31 79
191 187
175 68
167 123
149 76
166 5
5 21
70 93
136 168
167 72
24 89
106 141
135 108
176 85
70 57
198 193
42 80
89 52
21 120
183 187
36 83
17 176
166 62
156 14
93 80
15 68
81 36
191 80
136 42
144 47
80 118
21 115
134 191
11 157
24 80
106 44
77 191
122 182
166 20
92 100
157 42
193 21
118 15
151 127
75 21
31 122
87 116
87 91
100 141
19 134
184 152
157 180
19 98
195 93
81 148
157 120
36 15
14 54
79 127
133 71
112 57
77 183
68 37
133 168
75 24
175 106
134 79
156 167
57 10
172 146
98 144
116 52
192 183
8 161
168 195
187 42
93 24
108 180
100 161
11 52
108 166
195 175
77 87
193 118
4 83
58 46
175 123
182 83
144 180
57 176
18 62
85 52
10 31
54 117
117 14
31 20
175 143
146 118
10 136
81 87
46 81
57 68
69 156
85 10
129 120
15 167
151 184
172 19
146 92
5 197
161 42
107 72
143 116
183 118
167 198
152 133
59 192
5 54
136 116
146 81
143 55
17 184
151 183
156 92
68 98
122 77
176 79
36 135
72 122
185 175
184 21
57 136
70 87
184 18
18 44
143 193
143 21
86 127
187 185
151 166
62 5
197 52
157 18
161 120
129 56
141 14
122 148
17 5
76 98
135 172
20 164
31 42
57 152
195 152
76 92
64 71
44 135
129 151
18 122
70 76
47 8
100 197
107 115
62 175
106 59
151 157
72 62
36 44
164 167
151 117
10 141
148 62
115 93
86 79
193 144
192 71
8 68
79 118
161 64
184 112
175 92
68 187
11 14
11 72
107 136
18 176
79 152
76 83
65 11
89 185
47 164
11 75
172 81
10 11
11 36
8 15
166 141
19 8
31 58
46 107
152 59
116 133
72 79
76 91
168 193
156 184
55 58
62 116
167 17
143 86
68 115
29 76
112 116
11 89
168 142
68 10
14 120
24 143
93 8
182 89
62 185
106 144
55 18
15 76
136 117
72 157
136 47
176 29
123 77
107 167
193 75
11 58
47 135
11 4
112 187
54 133
180 133
129 149
134 5
143 8
59 10
106 135
71 36
180 69
83 187
15 69
136 58
168 80
89 142
197 69
117 76
64 120
17 117
14 198
76 36
120 85
182 192
69 75
175 42
86 46
19 80
4 175
83 116
42 134
197 64
172 46
18 135
187 167
76 166
185 58
91 24
157 4
187 8
197 20
37 62
69 83
164 11
57 127
57 80
146 134
187 143
24 58
117 172
180 141
72 187
19 24
156 183
58 59
167 18
127 68
195 24
151 115
98 197
83 118
4 115
31 75
19 116
157 69
72 197
193 47
87 152
197 164
141 79
92 91
8 76
46 98
46 89
108 197
42 24
65 85
168 17
195 133
115 42
143 100
120 31
62 122
14 57
148 142
198 141
59 164
31 11
176 183
79 146
107 176
157 149
133 106
42 36
135 93
198 52
21 58
198 129
136 56
44 64
184 92
80 107
8 144
10 167
184 107
183 8
122 5
59 166
117 115
75 180
98 191
69 47
149 112
93 123
148 161
197 71
116 70
69 135
24 36
92 65
81 56
112 64
85 15
62 106
55 129
120 198
116 122
62 11
91 149
58 87
152 166
87 164
142 85
118 4
19 65
17 15
192 29
15 193
127 112
123 198
75 161
64 70
85 197
79 91
81 100
91 116
157 44
21 146
31 195
142 5
65 182
123 168
152 17
106 76
146 14
83 75
19 191
55 62
106 164
37 57
168 29
81 77
55 47
52 142
135 176
64 5
136 72
89 91
86 192
72 152
37 56
161 176
46 91
183 87
142 184
46 44
71 57
182 85
116 134
157 187
148 187
134 11
52 86
135 77
106 143
55 54
134 161
180 146
98 175
157 118
10 112
5 46
116 129
17 55
77 14
156 93
4 122
193 70
42 68
21 46
127 77
151 55
149 123
87 149
47 167
146 46
148 184
91 115
108 134
197 81
157 115
10 18
20 144
193 58
112 136
106 5
112 142
75 123
81 168
127 168
148 182
29 166
149 14
56 70
72 81
5 57
15 144
55 164
143 75
152 65
107 21
108 185
10 86
31 8
21 106
157 59
71 184
144 11
68 191
37 143
118 62
92 47
87 134
176 149
152 70
156 89
193 56
185 86
64 123
133 129
55 106
197 141
64 4
44 83
185 117
20 47
77 142
180 68
42 11
17 57
71 21
166 136
193 80
89 14
55 5
106 69
76 72
83 183
175 197
133 167
8 166
183 29
141 47
180 134
44 56
164 142
52 93
192 85
8 57
58 148
141 164
10 143
8 142
116 180
133 5
11 15
187 100
42 79
142 176
112 141
180 151
166 115
123 166
146 151
120 29
80 18
56 192
5 31
185 151
136 44
89 87
29 89
79 44
98 184
44 5
36 80
193 55
127 65
10 195
168 76
10 21
164 18
118 5
70 118
93 191
47 123
75 58
100 80
44 182
31 149
107 112
54 112
191 115
77 172
182 141
83 19
36 112
46 52
195 123
149 81
167 24
55 19
127 10
85 141
5 195
182 77
20 55
98 167
98 91
185 152
192 164
18 36
98 182
116 172
135 184
89 100
168 185
187 89
19 92
106 166
79 192
76 57
89 122
144 167
71 152
167 118
86 54
195 166
187 37
62 161
19 52
185 17
10 107
129 36
68 129
134 29
134 10
192 70
75 5
79 112
175 184
133 68
85 54
89 191
10 24
93 161
192 8
134 182
107 70
98 11
164 4
135 157
71 115
68 197
183 168
5 129
79 168
75 115
100 24
193 120
47 151
62 54
176 117
19 197
143 87
136 69
167 14
98 183
117 141
55 37
37 195
152 176
20 156
11 29
161 77
100 77
100 172
193 18
72 116
87 135
37 58
108 152
172 52
68 156
21 44
86 71
167 71
107 108
112 161
98 134
29 56
183 149
47 68
20 52
129 118
117 83
17 85
184 44
62 149
123 29
36 58
118 149
175 193
46 141
85 76
180 118
15 75
59 115
172 98
106 112
148 98
87 14
46 42
19 127
56 24
80 44
56 75
79 185
118 143
133 29
143 142
192 20
14 81
8 20
77 11
168 87
149 56
118 65
195 187
24 192
112 167
79 149
151 108
69 152
20 106
44 8
44 92
59 116
172 83
29 8
4 117
89 120
4 56
83 92
86 195
151 135
116 149
91 198
118 135
8 85
72 164
69 14
187 36
192 122
133 89
175 65
166 18
122 152
172 59
42 56
152 180
191 5
149 89
123 15
193 92
68 87
146 166
62 69
31 123
8 133
31 187
80 64
87 172
192 91
120 10
87 144
62 17
71 141
64 77
70 75
185 106
5 52
47 149
89 55
116 166
83 64
68 55
193 148
136 93
133 93
193 106
135 148
141 55
89 81
100 198
54 142
11 56
115 87
17 135
168 182
176 15
164 172
47 42
62 52
182 29
144 195
184 52
118 156
77 46
151 89
72 129
4 92
151 176
20 14
75 18
93 172
59 20
112 59
91 56
15 37
70 185
93 85
68 183
83 184
176 52
57 120
77 62
180 37
156 175
54 29
19 64
54 91
144 69
89 98
195 70
116 75
70 184
29 75
11 129
47 76
56 143
86 58
191 85
24 55
14 136
198 55
118 175
100 175
107 18
151 198
106 122
180 166
20 37
185 197
47 120
86 55
195 112
31 56
180 176
62 141
21 123
123 70
58 79
15 24
176 134
106 4
81 133
71 93
36 176
8 135
107 68
65 4
167 83
89 192
8 127
75 191
108 184
20 112
193 157
180 42
18 8
52 64
65 195
17 44
79 92
127 83
89 58
187 11
4 37
143 107
71 148
65 72
129 98
108 149
77 107
59 182
146 141
136 146
4 17
117 135
182 20
42 71
161 143
5 167
122 80
172 65
15 81
77 44
118 100
52 57
71 15
85 91
18 86
142 146
75 62
56 10
148 87
55 168
29 93
18 31
161 166
168 91
75 59
87 141
42 106
20 175
118 20
19 36
117 36
184 185
157 142
192 62
79 19
71 151
57 83
68 157
195 52
117 193
29 65
146 29
19 54
76 86
29 115
184 29
134 151
129 184
156 127
75 166
92 151
46 106
54 134
198 58
80 148
44 187
4 91
47 93
134 24
29 15
52 83
42 141
122 36
152 85
93 77
122 37
166 77
14 86
183 117
198 143
87 198
100 122
122 21
62 81
62 15
175 192
37 146
187 164
14 29
65 136
46 64
64 148
117 149
5 151
52 15
81 91
193 57
184 58
116 47
10 55
156 72
56 92
93 107
86 81
98 59
185 164
57 142
133 80
197 182
10 70
21 37
167 148
141 172
15 93
134 20
152 31
187 87
182 180
85 123
36 85
91 80
31 52
75 120
180 106
44 71
92 187
175 70
64 151
144 164
116 192
80 76
15 141
19 164
116 93
19 70
87 79
192 10
168 37
5 76
44 68
191 106
76 134
120 156
144 65
198 168
167 87
144 136
157 89
120 151
127 72
149 11
141 24
8 4
14 112
57 115
107 127
115 18
112 108
29 31
31 143
161 91
195 183
144 85
4 71
62 79
21 187
156 58
185 20
87 156
195 176
115 64
197 31
195 115
136 164
184 136
21 148
108 24
100 136
37 75
93 20
157 83
10 144
146 127
129 31
52 115
182 92
129 143
37 100
17 141
11 193
144 152
81 83
107 142
183 21
42 4
148 68
180 136
152 191
10 197
117 129
81 136
133 69
144 198
62 164
37 77
108 89
149 122
91 52
156 129
71 146
180 80
15 149
86 149
108 8
31 91
93 175
166 133
65 52
58 98
146 133
175 24
116 141
37 115
59 167
37 54
69 29
198 108
108 62
156 193
127 46
76 122
80 141
143 191
142 44
197 184
37 59
156 46
192 142
134 91
80 108
58 164
197 59
191 47
57 85
89 44
151 57
141 77
135 55
195 15
11 168
56 172
192 106
100 64
92 98
86 152
149 59
36 184
195 19
180 10
29 21
149 168
107 116
21 47
146 197
56 47
5 24
55 108
161 123
17 120
120 146
89 148
106 156
64 10
72 185
168 93
19 112
86 24
24 142
152 120
143 152
127 92
192 69
58 15
108 120
36 142
91 183
21 172
129 161
57 58
54 116
37 81
64 85
183 52
42 69
198 192
21 176
11 127
146 135
98 81
197 83
5 36
85 11
112 29
157 65
184 193
56 148
29 195
107 59
184 116
133 118
108 122
14 127
156 123
55 116
142 68
143 29
135 5
112 146
148 100
142 20
176 72
192 172
156 136
89 141
24 168
11 68
175 18
182 64
52 133
72 69
166 98
197 106
142 93
57 59
112 92
180 70
77 65
81 11
19 168
148 79
79 123
98 21
75 100
62 68
185 83
197 21
98 80
156 57
149 70
57 75
79 71
42 19
86 59
152 127
21 18
58 157
70 168
57 144
164 184
91 21
198 42
106 136
68 72
187 29
81 122
44 148
151 36
24 57
176 191
149 5
175 107
185 11
36 93
37 166
46 180
106 168
187 175
24 144
120 123
107 141
191 123
107 182
65 44
86 183
24 157
20 91
161 141
106 70
106 167
112 172
172 185
129 146
81 8
18 172
87 118
168 100
107 195
80 87
15 166
81 44
69 55
198 29
118 29
157 80
198 72
184 166
191 129
115 100
92 5
17 100
77 70
80 183
106 81
129 80
42 122
42 8
93 83
8 75
164 42
120 185
54 24
54 127
79 143
5 123
183 54
161 20
133 21
24 146
47 148
115 116
55 166
17 146
172 167
54 47
195 161
20 167
10 54
117 69
152 21
120 44
122 166
183 85
58 117
20 46
68 14
191 91
175 152
167 89
29 91
93 143
14 19
185 8
31 108
76 191
18 54
64 58
112 135
176 65
193 172
117 98
134 192
18 42
91 117
87 4
144 191
176 148
135 80
14 180
4 108
68 144
182 167
86 42
44 152
64 54
52 129
11 116
42 191
83 135
65 86
175 180
56 175
135 116
79 14
151 143
183 69
185 191
151 142
135 198
56 167
161 127
11 115
20 187
47 106
52 193
36 70
107 85
195 108
192 129
21 79
193 87
58 187
52 127
46 56
108 10
21 80
133 24
164 17
193 141
47 133
69 184
56 93
118 58
120 144
77 31
83 152
135 62
75 197
195 122
175 58
46 133
141 91
135 37
175 36
93 141
176 64
21 56
52 72
144 93
44 4
118 42
20 83
91 175
106 187
54 156
64 149
86 36
81 17
56 183
148 31
68 80
8 10
76 10
14 133
115 198
5 89
191 36
98 176
166 57
31 167
52 123
14 56
29 135
64 81
24 176
44 100
65 70
5 42
83 108
20 108
98 185
120 135
129 65
14 52
185 10
86 115
29 79
167 161
161 187
180 161
21 198
20 183
70 141
180 183
156 37
5 47
76 24
81 80
80 71
59 142
85 69
142 133
123 100
72 183
86 92
123 183
175 134
118 142
46 185
117 148
37 46
106 18
107 65
87 62
18 68
157 134
19 167
31 85
15 156
157 136
52 24
85 72
86 112
149 37
91 197
14 21
129 136
59 198
47 64
59 129
19 123
86 136
64 87
55 100
55 46
118 112
192 193
182 185
8 62
91 118
72 134
176 197
117 112
91 166
152 123
83 180
58 149
136 193
166 17
18 79
149 136
65 56
182 69
129 79
116 18
5 19
44 37
87 182
37 183
85 24
86 108
86 106
29 107
192 191
69 71
70 86
46 115
92 144
4 176
65 37
65 21
143 112
116 152
157 192
134 118
122 93
72 15
120 59
115 17
122 117
134 77
76 52
52 55
175 83
134 112
133 191
182 149
8 146
180 193
176 31
14 65
197 47
55 71
197 180
115 98
71 14
52 58
20 75
68 161
76 156
166 86
21 185
15 55
107 123
15 100
56 134
144 77
75 184
55 149
191 142
57 143
166 127
17 76
20 168
11 83
4 15
62 46
167 175
148 180
21 55
57 167
157 75
80 134
133 86
161 79
5 198
117 56
136 192
116 108
44 14
136 46
75 152
64 187
176 164
176 62
24 18
142 11
92 142
146 65
52 54
4 54
152 192
185 4
182 75
92 71
172 118
93 146
19 62
166 107
79 100
156 107
14 46
197 15
59 143
65 42
135 54
21 85
75 14
42 59
93 148
187 76
19 44
192 44
144 157
115 31
87 146
15 92
123 146
54 148
15 172
65 75
75 98
85 122
52 42
127 143
62 36
77 18
24 70
5 184
176 54
70 117
127 37
191 31
166 164
135 11
117 156
183 75
65 36
54 161
117 92
4 123
65 120
5 112
47 80
65 161
71 193
129 42
98 17
37 191
4 180
75 144
135 193
4 120
134 107
167 80
161 198
17 156
8 36
31 55
120 133
149 146
72 135
91 172
152 14
79 98
129 85
187 65
148 172
81 120
4 93
123 59
175 127
168 77
168 197
184 117
152 11
187 52
172 144
10 4
143 185
107 79
77 143
146 191
19 100
135 136
11 161
81 185
36 107
36 182
20 77
18 59
195 69
86 193
15 98
183 148
77 180
64 24
185 156
135 183
56 19
136 87
146 91
191 71
86 176
183 182
197 161
168 21
80 116
142 129
185 80
31 98
133 98
87 17
176 192
134 85
36 157
81 180
81 75
64 37
136 92
79 4
21 11
91 14
59 85
55 133
151 59
167 69
115 56
120 168
187 54
71 144
112 52
164 83
129 108
71 24
183 100
5 185
71 129
122 134
123 143
157 31
31 21
152 89
46 144
42 29
115 144
58 54
127 106
193 36
133 151
62 107
172 106
122 175
76 195
68 92
123 157
185 59
19 185
127 197
136 19
133 127
183 133
135 192
115 72
37 112
87 93
71 117
44 164
167 195
134 18
81 24
70 20
4 29
184 157
57 42
62 92
100 166
56 89
71 176
11 93
143 144
115 19
19 89
85 20
198 175
157 107
46 161
129 17
100 54
93 167
134 31
156 44
112 151
120 19
141 143
107 89
108 123
72 17
18 72
54 175
156 8
80 192
58 143
166 175
47 81
180 122
164 70
72 8
21 59
77 19
198 69
93 117
14 144
168 151
36 79
62 151
129 144
69 185
122 118
122 69
149 142
20 117
122 47
144 83
15 57
29 98
24 122
20 54
146 193
37 151
164 89
75 92
4 149
75 164
120 118
79 193
64 143
148 120
37 76
115 156
108 70
55 122
92 143
197 18
76 89
59 144
91 75
89 42
106 108
85 180
166 197
106 184
183 10
15 10
69 87
64 93
168 161
64 133
129 64
92 85
166 112
11 76
198 142
81 129
57 93
118 57
156 31
57 180
192 21
151 77
76 31
133 17
11 118
29 36
98 192
172 31
57 192
4 36
122 142
182 156
64 156
8 54
68 83
120 70
191 156
69 168
62 21
136 75
149 10
187 19
54 195
4 116
62 120
136 122
127 81
56 191
37 24
98 112
122 107
92 70
69 44
141 123
69 172
70 42
18 183
167 76
54 44
136 76
42 182
4 136
107 31
56 86
144 168
89 69
79 117
86 122
141 191
100 185
151 8
93 198
149 65
80 120
68 64
195 46
10 71
134 185
141 58
195 129
191 195
54 118
115 197
187 134
151 107
68 141
87 72
146 86
184 81
168 118
133 182
10 44
47 142
46 184
85 195
72 56
58 70
108 17
198 47
157 198
116 21
86 57
46 87
55 11
91 167
87 29
191 180
115 142
117 81
141 176
164 76
164 127
68 4
193 197
20 115
91 100
167 58
172 195
187 93
180 44
135 122
44 197
149 69
80 142
71 168
85 62
98 62
19 180
57 129
172 37
8 164
168 156
135 75
129 182
68 54
175 151
83 100
72 146
57 198
83 77
118 187
83 80
79 144
47 157
20 42
46 193
31 24
65 5
17 77
183 47
135 161
65 191
146 36
117 182
37 142
18 14
46 192
20 151
118 75
135 127
10 198
148 108
136 115
17 198
47 176
161 107
168 167
175 59
161 72
54 120
75 176
44 195
197 107
80 161
148 15
161 144
62 123
175 79
36 156
93 62
85 136
120 191
17 10
54 167
14 70
185 15
62 142
144 127
127 47
184 149
122 57
93 58
120 36
59 72
161 71
70 112
87 166
182 10
37 134
52 146
68 108
5 146
161 92
146 47
4 142
136 20
56 151
133 143
11 123
100 117
18 156
149 133
172 5
164 168
133 79
127 172
44 85
191 83
98 122
193 17
123 193
93 10
175 80
187 4
117 46
176 68
148 59
92 157
184 10
71 187
134 195
56 112
184 91
52 192
151 148
129 164
64 180
71 195
92 77
183 193
58 71
134 136
11 117
10 156
69 108
8 65
182 21
8 55
118 71
108 5
116 77
54 166
182 58
122 193
152 107
29 191
55 91
142 152
55 87
161 19
64 108
127 136
164 161
14 197
72 54
79 8
31 65
47 18
115 14
156 198
85 56
76 143
81 52
68 19
120 116
31 118
64 55
56 54
69 86
72 20
198 134
14 8
198 86
164 157
164 180
54 83
55 191
175 149
141 20
167 52
185 133
10 98
59 70
144 112
116 29
47 58
59 187
168 112
106 65
176 106
42 123
58 85
19 91
182 116
129 14
47 166
89 17
31 182
148 191
166 157
24 172
117 106
52 144
152 118
5 10
184 15
164 69
68 195
180 55
133 135
56 100
58 133
164 86
21 81
115 175
167 180
176 193
141 29
116 100
37 193
31 57
107 58
123 164
122 176
79 108
77 56
79 120
58 168
166 46
127 195
83 146
135 14
106 195
5 182
69 64
152 92
198 184
120 77
77 197
195 91
112 193
129 122
161 18
183 112
17 123
18 191
161 47
68 172
146 31
197 118
18 64
18 91
106 52
184 100
167 86
146 182
42 144
56 71
81 76
72 143
46 118
71 172
108 72
149 151
182 152
108 57
187 17
42 91
15 191
24 182
15 106
148 185
146 143
98 93
59 176
17 118
161 98
142 15
115 176
65 141
65 55
8 100
24 161
92 80
92 168
108 183
47 4
142 69
144 117
156 192
29 62
148 149
172 151
14 151
72 142
192 108
100 134
134 152
157 127
198 92
151 86
166 83
