20 150
1 11
1 12
1 13
1 14
1 15
1 16
1 17
1 18
1 19
1 20
2 11
2 12
2 13
2 14
2 15
2 16
2 17
2 18
2 19
2 20
3 11
3 12
3 13
3 14
3 15
3 16
3 17
3 18
3 19
3 20
4 11
4 12
4 13
4 14
4 15
4 16
4 17
4 18
4 19
4 20
5 11
5 12
5 13
5 14
5 15
5 16
5 17
5 18
5 19
5 20
6 11
6 12
6 13
6 14
6 15
6 16
6 17
6 18
6 19
6 20
7 11
7 12
7 13
7 14
7 15
7 16
7 17
7 18
7 19
7 20
8 11
8 12
8 13
8 14
8 15
8 16
8 17
8 18
8 19
8 20
9 11
9 12
9 13
9 14
9 15
9 16
9 17
9 18
9 19
9 20
10 11
10 12
10 13
10 14
10 15
10 16
10 17
10 18
10 19
10 20
18 17
10 1
10 9
16 14
5 1
18 13
19 12
8 2
12 11
5 2
17 12
10 7
8 4
18 14
5 4
17 16
16 11
10 5
18 12
13 12
19 17
9 8
17 13
7 3
16 12
10 4
17 11
20 16
20 17
3 1
6 1
8 6
4 3
17 15
18 11
20 19
6 2
9 5
16 13
16 15
9 7
2 1
15 13
19 13
9 2
18 16
15 11
4 1
9 1
20 15
