20 150
1 11
1 12
1 13
1 14
1 15
1 16
1 17
1 18
1 19
1 20
2 11
2 12
2 13
2 14
2 15
2 16
2 17
2 18
2 19
2 20
3 11
3 12
3 13
3 14
3 15
3 16
3 17
3 18
3 19
3 20
4 11
4 12
4 13
4 14
4 15
4 16
4 17
4 18
4 19
4 20
5 11
5 12
5 13
5 14
5 15
5 16
5 17
5 18
5 19
5 20
6 11
6 12
6 13
6 14
6 15
6 16
6 17
6 18
6 19
6 20
7 11
7 12
7 13
7 14
7 15
7 16
7 17
7 18
7 19
7 20
8 11
8 12
8 13
8 14
8 15
8 16
8 17
8 18
8 19
8 20
9 11
9 12
9 13
9 14
9 15
9 16
9 17
9 18
9 19
9 20
10 11
10 12
10 13
10 14
10 15
10 16
10 17
10 18
10 19
10 20
20 12
20 15
2 1
15 13
9 6
15 12
10 4
8 6
19 18
16 11
12 11
7 1
16 15
6 3
17 13
20 16
7 6
16 14
14 12
8 1
20 19
14 11
18 13
14 13
20 17
6 5
5 1
19 11
5 3
7 5
7 4
4 2
19 13
10 2
15 11
13 12
8 7
20 14
20 13
8 5
3 1
16 13
16 12
9 8
20 11
10 6
17 11
10 9
8 3
7 3
