200 4000
71 183
81 137
97 176
35 149
32 140
44 146
17 121
90 124
97 106
21 170
9 110
38 124
39 170
29 182
51 112
79 174
37 107
4 135
56 114
13 128
85 160
56 132
48 185
36 187
31 161
43 184
78 161
57 174
20 136
48 129
86 158
49 139
3 173
86 184
96 173
57 110
35 115
72 199
68 127
76 174
4 180
69 114
4 144
56 176
56 145
65 168
99 111
74 175
56 140
90 198
83 153
83 117
86 179
74 131
94 126
97 150
69 165
34 196
66 182
48 108
92 185
27 140
20 130
22 156
56 125
80 186
78 131
86 143
81 192
33 187
2 170
88 139
43 162
44 105
62 162
98 149
4 195
23 186
3 179
90 156
45 107
3 147
48 174
54 120
46 184
4 163
4 158
73 145
36 148
32 117
82 108
27 118
21 129
94 171
43 195
5 200
53 107
37 102
18 161
63 158
73 154
83 122
54 122
13 161
90 138
73 106
88 169
55 123
51 200
67 105
67 121
5 105
99 177
6 163
2 139
55 105
6 177
43 174
24 165
23 191
20 110
23 175
67 175
26 189
87 157
33 133
90 184
5 160
9 138
33 149
39 158
5 155
85 141
61 165
10 126
56 196
6 132
88 156
15 177
1 188
91 176
2 160
44 165
70 160
95 133
44 137
40 121
67 129
10 158
89 103
19 176
94 132
75 169
86 156
92 156
20 146
37 130
65 143
30 156
33 102
65 164
16 160
82 186
49 129
13 185
96 112
62 149
15 171
60 103
18 157
15 188
92 116
18 152
42 119
19 147
30 111
21 178
6 125
86 134
36 128
64 155
92 183
93 134
32 169
39 196
53 155
82 127
100 178
70 138
80 112
28 133
31 157
33 147
49 169
56 165
36 188
32 155
79 116
30 116
68 187
38 159
13 169
22 178
95 166
14 109
45 198
55 132
42 115
92 130
13 132
89 176
1 163
79 156
8 173
43 156
18 138
13 192
43 164
62 191
12 130
9 154
18 165
72 162
52 150
26 101
39 133
24 138
53 181
37 176
98 190
80 111
11 106
10 120
4 194
20 104
98 158
36 190
40 175
57 107
15 109
86 166
48 189
30 184
4 198
94 152
55 122
31 171
49 111
71 165
78 159
56 195
85 185
91 158
24 155
48 171
93 151
81 172
61 173
18 113
8 138
66 174
94 158
24 172
29 101
60 148
34 153
97 140
71 122
1 104
15 110
33 193
71 190
93 154
72 140
40 122
23 136
15 157
74 180
11 173
74 132
66 137
13 182
60 109
59 127
53 192
78 164
27 158
25 139
43 150
69 117
58 189
52 158
74 177
52 134
71 104
81 140
66 187
38 120
65 165
97 131
95 199
30 112
24 199
8 153
53 190
20 124
28 187
97 117
37 199
28 168
59 162
37 184
9 147
66 112
98 133
65 140
2 130
11 153
42 131
34 150
99 113
70 166
66 142
100 112
34 156
99 130
43 130
28 102
84 181
34 195
4 190
65 169
69 143
52 197
24 131
91 101
26 137
12 114
55 151
6 102
13 194
70 181
35 109
79 137
10 104
27 149
85 143
89 144
69 126
26 145
82 198
70 132
21 132
62 110
17 143
85 169
63 128
100 124
67 115
91 146
41 140
30 121
88 199
89 185
35 143
27 134
27 125
4 128
78 198
74 194
15 182
38 160
66 127
20 179
3 198
46 148
53 164
33 142
9 158
68 162
92 141
9 120
79 138
9 141
86 153
1 105
15 148
9 101
55 118
1 197
44 185
46 173
61 105
79 175
100 181
42 169
22 118
91 117
11 178
10 199
71 134
62 159
13 123
20 116
51 157
48 160
21 102
47 159
34 176
4 147
19 174
40 197
89 155
36 168
3 128
68 132
77 197
61 161
82 182
51 146
95 162
26 142
80 108
36 153
93 173
53 174
16 198
69 154
39 147
89 184
75 166
22 115
63 167
2 176
68 124
38 144
73 186
32 125
1 144
53 133
78 155
77 165
38 101
63 172
49 150
58 116
79 154
36 131
13 122
2 125
73 138
17 104
88 146
78 140
91 144
75 182
69 127
97 109
85 191
93 127
46 137
50 182
8 182
12 106
37 151
48 190
83 165
92 198
51 107
58 177
17 177
5 178
12 121
24 187
25 125
79 151
89 186
63 163
62 177
82 142
68 190
52 196
6 101
31 193
90 119
44 147
97 112
19 102
81 177
87 151
44 199
63 178
44 132
79 164
83 193
41 181
3 193
10 192
84 109
27 162
51 147
69 171
45 139
28 167
68 153
54 117
39 181
10 197
53 185
41 129
37 167
23 128
45 191
54 110
47 165
74 185
6 123
6 195
32 116
29 157
89 165
37 164
67 182
6 116
49 125
93 158
36 129
95 189
26 146
64 128
52 102
22 187
59 200
64 129
77 170
26 170
68 160
12 164
22 127
9 153
56 113
50 134
39 192
92 139
6 185
42 199
42 110
9 187
67 104
21 142
50 156
82 103
1 149
58 109
34 137
57 133
19 117
98 125
76 123
42 113
50 200
67 117
93 193
52 148
67 167
6 142
60 182
75 139
91 178
87 160
20 133
58 111
87 188
76 171
20 118
16 152
60 106
88 114
19 165
64 166
58 155
89 104
3 101
37 108
6 143
97 200
97 137
69 189
19 188
21 118
70 110
44 125
33 164
75 180
35 160
21 122
8 177
4 137
19 173
9 186
67 119
25 177
91 175
73 146
69 139
98 174
55 181
22 182
23 120
35 108
84 157
86 108
1 102
12 165
41 121
11 156
93 145
90 185
34 106
65 147
58 118
23 132
50 130
91 109
31 143
51 160
6 190
17 169
81 156
89 149
61 136
29 154
41 146
32 192
19 138
19 182
11 139
14 112
10 111
7 160
10 116
45 145
92 110
55 194
31 127
80 135
1 159
97 178
14 163
57 195
73 109
4 123
96 136
95 197
61 152
62 146
10 134
43 137
82 137
25 121
87 137
30 187
19 130
99 106
18 149
58 150
77 103
100 182
65 190
70 104
57 115
83 107
32 135
16 148
62 169
14 198
46 150
100 183
38 137
31 129
96 166
47 103
63 141
99 151
48 183
2 195
76 185
28 116
37 127
80 128
66 130
18 107
12 176
96 155
17 147
91 111
45 116
3 132
30 113
53 170
56 147
58 183
54 154
82 133
36 103
36 196
17 109
54 116
48 131
93 146
85 112
43 110
29 166
99 144
23 159
11 161
11 108
6 121
37 135
94 162
11 186
7 102
96 191
72 141
62 105
57 179
58 139
42 118
31 194
28 110
36 172
36 178
65 105
11 188
58 133
82 180
41 186
4 139
73 118
82 185
86 155
98 105
7 193
42 123
52 129
61 103
33 161
24 147
3 189
31 195
52 120
76 176
78 192
40 199
86 157
100 138
6 147
45 177
64 142
69 188
13 127
17 156
83 150
31 126
94 160
87 186
38 109
52 141
30 193
15 158
87 178
76 126
7 134
58 171
40 134
83 178
37 141
94 182
56 186
14 111
10 177
4 129
55 185
30 124
14 140
11 134
77 139
23 114
75 121
81 141
92 151
96 111
31 134
41 184
16 126
99 126
49 199
55 136
22 119
97 154
94 121
63 103
48 197
2 161
44 133
89 127
19 104
81 160
52 113
47 172
42 109
14 135
30 126
62 112
88 103
29 169
60 151
74 182
93 180
73 162
75 196
30 183
60 181
36 122
76 163
4 151
99 119
72 112
6 154
42 164
49 102
12 173
6 150
30 107
37 165
1 109
48 109
37 116
78 156
61 108
15 101
75 190
75 116
98 142
60 115
65 132
63 164
23 162
4 113
52 151
53 127
53 154
8 151
46 174
79 191
93 169
34 189
63 156
5 115
36 150
91 198
16 183
15 123
94 134
60 128
44 198
4 154
69 129
80 193
45 169
36 164
66 172
49 158
42 143
99 157
33 155
14 178
20 145
43 151
17 112
13 125
91 119
4 108
77 131
27 179
48 195
59 146
12 149
46 168
71 170
19 126
34 184
81 125
15 131
80 109
58 136
45 200
36 146
29 150
3 118
3 137
71 110
43 138
79 101
18 188
91 155
78 136
39 155
77 183
8 134
30 144
41 174
70 102
28 161
61 128
45 131
4 153
2 151
81 151
91 151
77 117
5 131
80 113
34 188
12 129
69 104
54 118
87 132
65 197
10 124
48 143
67 113
94 185
32 161
54 177
36 151
37 101
60 116
13 149
78 111
55 173
98 184
48 175
46 157
27 105
67 124
44 183
82 132
25 132
32 174
3 125
37 161
57 120
10 170
47 143
98 135
2 199
21 156
48 182
90 167
71 194
33 140
67 194
62 138
8 115
47 168
46 106
95 167
53 141
7 109
18 146
70 109
33 177
60 113
32 137
58 103
1 134
18 185
88 130
30 199
8 143
49 189
95 130
99 181
55 138
75 102
14 125
97 172
84 128
35 186
96 116
5 152
15 126
43 123
90 162
27 159
6 158
75 192
81 111
28 192
16 163
88 190
59 128
16 179
1 137
56 166
86 191
27 138
79 197
81 187
93 148
81 190
14 191
25 178
71 145
84 156
86 169
74 142
17 191
24 158
39 185
41 162
48 122
68 191
42 116
77 128
66 141
14 187
55 195
97 147
39 149
8 167
11 142
19 141
69 183
12 137
7 127
98 124
19 157
73 121
64 146
84 120
79 169
68 149
5 112
84 177
96 102
48 154
93 165
52 176
76 135
73 139
57 106
31 149
83 157
72 137
23 126
44 114
94 116
17 184
87 136
94 184
73 193
55 135
78 150
85 140
84 197
18 180
72 192
57 163
13 153
4 165
81 191
98 120
26 156
92 129
98 170
89 193
5 185
54 115
23 103
21 155
15 112
30 200
20 195
99 163
99 169
43 116
31 125
31 184
68 101
17 165
96 143
24 179
71 148
91 140
66 135
86 147
30 108
95 134
27 178
77 186
1 178
67 184
24 124
57 114
39 132
74 127
26 130
65 103
12 136
35 153
7 165
47 146
77 184
69 147
47 163
9 149
17 164
47 154
90 137
13 135
20 163
51 114
11 163
94 181
20 122
2 129
2 133
19 166
45 165
98 111
60 127
76 141
3 149
31 182
23 108
98 182
70 144
50 185
95 147
55 148
94 180
87 149
36 102
58 193
36 113
84 159
90 110
50 191
83 181
91 125
57 183
18 164
56 109
13 133
61 126
13 141
25 169
3 182
71 167
27 151
12 192
57 137
97 111
85 176
86 167
76 162
90 163
76 125
78 126
100 107
47 116
86 176
97 190
44 134
37 178
67 171
33 103
41 155
43 199
97 115
71 114
74 147
27 108
79 200
72 115
85 174
10 137
71 157
8 158
76 122
83 170
65 191
9 142
59 167
41 154
71 113
42 176
22 191
13 198
95 183
50 193
23 104
72 124
59 120
87 129
75 137
5 113
90 183
90 182
17 145
36 112
2 111
21 179
92 192
81 128
62 190
60 160
22 183
100 165
3 123
38 165
44 169
79 103
23 145
75 197
80 142
79 140
97 193
54 175
48 144
6 155
82 178
91 137
8 147
78 197
51 142
27 128
50 192
40 132
38 121
79 194
50 158
7 124
34 185
46 144
11 185
26 160
18 121
95 111
55 191
15 199
11 160
12 132
15 133
44 149
98 194
78 104
4 132
20 172
46 156
87 192
1 146
100 185
68 193
26 188
30 192
37 148
89 113
81 104
56 104
89 168
5 140
38 155
85 109
76 199
50 184
6 106
46 187
7 191
28 111
35 120
34 182
57 154
19 124
9 156
81 184
83 162
9 133
28 143
87 164
4 179
65 199
46 124
42 161
75 149
14 170
85 183
11 183
27 123
18 109
38 183
66 104
67 188
72 163
41 105
52 193
97 177
14 160
33 158
17 131
52 154
19 107
88 110
75 153
41 199
40 190
18 111
67 197
34 199
32 185
89 189
53 113
83 106
24 146
35 118
81 102
78 183
55 197
15 129
85 167
70 140
98 173
39 171
42 104
65 135
2 137
76 116
68 182
61 199
21 139
42 144
48 192
57 139
67 114
11 121
61 147
23 192
51 194
65 107
15 173
31 131
54 101
48 173
58 140
18 125
2 200
46 194
28 113
40 181
19 196
12 162
17 151
50 115
33 200
90 160
74 172
21 135
32 147
70 127
68 199
70 131
23 171
27 200
87 112
65 142
28 146
3 105
83 169
33 151
62 157
93 155
47 128
78 196
13 108
64 148
76 156
59 138
47 129
84 116
67 180
92 153
68 123
85 181
43 196
79 149
12 153
28 156
60 158
75 158
78 120
24 142
30 105
54 159
61 139
76 198
82 162
72 170
46 181
49 164
74 150
18 196
39 160
72 169
66 131
56 184
38 103
81 148
40 179
60 150
6 171
5 143
71 133
4 185
29 179
85 132
7 187
49 154
76 150
84 119
31 168
51 134
30 133
11 167
33 154
37 153
32 194
75 138
28 149
21 161
85 190
38 113
60 141
27 186
53 101
45 104
20 114
97 128
80 176
37 131
78 107
77 119
91 179
84 192
55 142
95 145
33 126
33 150
12 131
61 174
47 162
90 159
45 167
68 111
97 134
14 197
25 190
12 181
29 114
51 136
67 157
89 187
73 177
40 123
81 185
53 105
57 187
39 167
68 158
34 142
2 148
69 135
55 188
96 122
86 148
3 122
67 179
75 146
61 115
58 186
78 176
53 146
54 104
30 143
95 178
91 200
73 140
77 137
44 116
61 157
71 144
28 128
48 134
44 118
53 161
73 129
57 198
52 111
63 192
1 128
86 162
25 129
10 129
75 144
59 198
16 187
53 157
57 169
15 161
16 130
72 179
70 157
29 175
93 129
40 141
19 144
38 107
5 195
48 169
71 147
80 104
60 146
84 176
45 155
73 197
92 173
75 154
20 171
33 115
52 164
60 145
94 188
55 130
45 123
85 149
3 141
5 198
10 173
80 106
13 110
46 129
69 146
61 111
19 181
56 185
78 117
21 193
75 183
59 186
15 115
17 181
18 103
19 167
20 189
48 178
63 155
96 159
76 169
15 172
10 168
86 122
30 152
35 177
62 143
81 101
68 192
73 169
51 113
23 101
54 150
33 192
87 198
42 139
81 159
71 199
52 142
15 180
19 146
95 161
100 197
18 167
24 107
70 136
40 165
22 153
49 148
7 183
1 117
96 128
3 167
78 128
10 122
87 153
20 198
47 167
82 172
90 128
53 102
69 111
49 136
96 171
27 168
27 187
81 132
98 132
83 155
61 113
1 161
78 123
96 148
78 167
37 175
66 198
22 198
98 116
24 150
95 170
85 130
34 166
21 113
46 105
27 156
12 102
24 108
40 151
16 136
12 118
87 115
59 152
85 128
40 108
31 123
17 129
74 104
65 183
36 135
46 120
87 111
67 178
92 142
89 123
47 114
13 176
4 192
58 154
33 172
77 145
94 195
89 174
11 180
94 130
80 161
93 137
81 178
30 136
32 113
19 120
30 170
47 171
17 137
50 128
91 197
83 104
57 124
15 189
17 166
18 120
1 120
13 189
63 179
31 152
76 192
77 107
87 181
44 196
2 179
59 132
13 158
93 120
89 181
55 162
96 154
52 160
62 194
8 176
53 135
11 199
96 194
89 122
21 166
50 145
69 110
38 157
98 189
35 192
62 176
6 136
47 183
12 144
99 165
49 155
13 196
14 139
36 158
16 115
87 196
31 177
94 145
5 157
61 101
33 136
22 121
55 174
94 104
16 167
97 155
70 142
66 161
28 152
25 102
36 167
16 162
90 116
84 105
11 151
98 123
33 179
40 160
83 189
79 132
43 183
53 183
77 101
30 162
71 142
63 143
62 148
15 165
28 188
94 125
64 197
46 200
16 188
63 117
44 191
30 158
86 185
52 126
71 191
42 102
83 200
38 106
53 177
54 164
50 136
63 174
14 142
22 104
23 189
45 160
95 106
82 177
40 194
26 102
95 110
92 127
96 164
63 140
22 166
5 171
92 136
23 196
4 111
68 118
54 173
6 145
96 187
57 192
32 168
82 179
25 148
5 126
87 191
92 145
88 174
19 184
41 152
91 152
84 135
24 102
69 158
16 182
63 152
27 184
39 101
80 170
100 108
70 191
73 147
23 193
43 172
84 110
24 180
43 197
13 146
58 191
48 141
35 124
35 119
43 132
28 142
56 144
7 101
47 161
65 166
27 101
44 124
58 163
18 151
78 141
50 140
38 114
9 107
57 141
37 114
7 164
52 144
75 129
49 145
88 170
47 119
9 194
50 123
74 148
76 154
72 121
50 121
9 139
38 139
93 162
54 199
91 126
21 160
34 168
3 151
19 135
38 184
71 112
71 186
73 174
8 107
37 118
25 186
98 138
5 190
50 110
10 148
16 171
53 124
94 159
76 181
27 198
3 152
16 102
27 183
98 171
3 162
74 156
14 155
89 197
74 162
9 197
74 120
35 146
82 163
65 108
88 118
2 188
75 172
63 176
72 171
60 196
36 125
52 173
44 166
67 174
12 107
16 168
56 167
62 161
47 109
85 124
91 108
64 101
66 179
29 130
84 147
58 192
5 162
47 106
51 175
74 159
10 131
71 187
2 154
59 115
26 166
43 157
49 176
52 153
56 188
25 115
36 139
39 176
78 109
52 118
59 107
72 101
70 115
31 173
70 148
88 116
37 140
61 158
32 119
26 129
58 198
27 106
92 166
21 103
90 153
5 129
47 199
40 106
2 167
24 117
39 110
74 126
23 147
99 186
69 162
99 149
16 165
36 133
37 198
29 190
47 156
29 149
24 136
32 164
81 193
15 125
86 150
71 123
15 105
75 122
70 111
22 176
77 121
21 148
75 145
62 121
93 195
5 123
29 151
62 182
46 155
24 194
53 147
57 161
83 180
27 160
49 117
97 194
86 183
96 138
89 169
21 143
11 168
3 163
27 188
5 164
65 120
44 164
66 145
94 133
58 112
73 173
52 175
46 101
22 132
46 116
36 198
37 162
53 104
27 177
22 108
52 170
24 152
39 197
55 133
58 161
8 185
80 120
89 163
40 182
16 134
100 154
43 108
71 154
5 173
77 150
38 176
25 112
12 175
21 192
22 111
72 175
37 149
70 106
35 157
66 122
82 197
16 143
38 112
74 115
51 173
20 182
13 156
72 130
28 125
96 181
28 165
65 173
84 131
7 190
62 160
35 187
64 120
53 131
99 195
43 193
73 102
60 133
59 174
21 171
17 178
62 150
5 150
43 144
57 158
89 105
43 181
95 144
76 105
18 184
54 185
72 143
33 146
82 187
39 106
42 137
9 108
84 145
38 172
59 166
53 195
85 144
32 151
17 111
12 177
28 184
12 138
99 128
87 172
27 147
78 129
44 122
79 147
26 179
13 195
44 200
72 127
42 136
1 125
5 179
62 156
98 119
85 108
32 131
46 126
57 190
66 116
57 178
24 170
58 172
26 132
85 198
32 141
75 142
72 136
37 172
28 163
18 197
70 143
45 157
2 166
20 119
68 172
54 130
43 154
32 139
13 106
46 189
77 181
65 109
94 117
78 170
1 129
15 144
54 166
53 114
87 122
46 171
79 108
18 175
53 171
75 191
31 183
2 157
41 159
91 189
44 186
1 133
52 174
3 190
36 165
18 169
1 195
98 150
93 156
66 159
76 143
33 175
9 172
26 186
97 164
92 172
45 146
11 131
9 102
96 120
4 155
40 138
4 157
32 128
58 179
91 186
85 192
4 174
5 124
44 197
77 102
92 164
47 120
27 120
84 190
88 151
72 158
37 147
17 133
45 130
21 147
7 108
43 117
95 153
65 179
7 117
54 121
81 122
14 110
96 177
71 127
83 194
89 192
5 107
25 194
22 122
91 159
39 125
51 174
55 140
29 164
76 182
21 196
33 129
68 154
62 200
40 119
12 198
21 137
14 122
30 104
16 120
58 101
4 169
98 103
51 123
66 156
42 170
55 190
39 190
69 197
93 168
21 197
100 147
87 170
74 118
18 187
80 102
24 161
70 199
10 164
38 116
97 182
69 155
69 142
12 120
41 164
33 156
87 173
17 125
58 164
2 175
22 114
92 154
67 128
30 138
38 102
53 126
55 150
57 155
72 176
37 195
62 171
45 185
6 118
96 123
4 184
8 195
53 108
46 130
51 153
63 135
20 128
13 174
27 192
30 103
34 133
62 114
54 124
77 155
99 194
50 195
10 165
99 159
43 140
45 163
76 121
23 109
9 129
16 106
22 105
12 190
90 150
1 119
73 151
66 188
2 113
80 144
19 134
38 110
45 103
53 138
3 110
15 108
9 151
55 131
64 115
41 189
23 116
54 127
100 196
94 200
79 141
24 118
98 159
55 172
44 142
61 167
87 124
60 155
73 122
62 126
96 101
74 119
24 139
31 148
61 166
7 177
32 154
91 135
93 149
46 112
2 106
3 180
69 192
34 103
22 155
99 102
73 158
16 151
75 150
88 149
7 107
84 121
33 171
74 139
95 132
71 180
54 145
23 150
59 117
7 180
56 103
91 149
24 127
50 163
67 134
85 134
98 118
79 193
47 190
64 193
83 141
80 138
57 188
37 150
2 156
27 113
16 146
17 154
33 138
86 146
36 110
70 125
83 163
8 119
1 138
43 133
72 142
10 200
36 141
15 183
51 166
68 133
92 115
72 187
94 173
28 171
67 147
56 198
84 113
16 194
23 122
62 197
86 182
2 168
36 157
77 126
13 150
91 114
89 166
69 101
73 124
1 158
67 153
66 181
88 107
87 190
13 191
91 188
60 107
97 163
25 134
44 192
25 106
59 129
59 142
4 173
49 163
75 179
21 146
49 134
12 111
85 148
2 192
57 132
40 152
98 185
53 109
5 104
14 173
40 148
2 116
15 179
81 180
9 140
88 131
9 171
23 127
95 118
50 165
97 118
45 156
33 194
50 175
37 170
44 130
51 180
47 150
72 103
95 115
40 192
86 144
38 126
93 196
58 181
46 162
24 184
3 120
43 169
73 117
60 168
62 132
6 175
74 168
60 104
6 140
3 196
2 172
70 117
98 156
11 105
50 129
60 138
3 174
6 131
95 172
36 171
64 143
87 175
77 110
26 105
37 109
35 152
79 111
15 166
44 168
39 145
76 109
1 135
33 130
49 171
74 152
39 154
88 165
61 188
42 148
62 109
35 161
98 162
45 164
5 175
22 131
55 158
82 191
59 168
48 113
18 195
30 190
85 113
37 188
36 191
20 167
17 152
46 121
7 142
87 126
28 169
78 127
37 144
31 154
21 126
9 180
57 121
73 199
88 178
74 130
17 150
88 135
60 170
73 200
96 131
59 148
97 195
70 145
1 108
45 150
76 190
87 200
4 140
8 150
56 161
94 106
29 118
77 116
17 197
68 145
5 183
60 193
38 111
16 118
65 106
7 116
69 130
54 151
52 179
19 139
7 200
22 134
49 180
64 174
37 143
24 151
43 161
42 105
65 185
54 113
16 123
40 130
38 173
88 137
44 140
7 149
13 166
93 199
23 183
86 121
68 164
81 118
19 192
32 127
29 107
11 169
58 134
20 108
9 184
9 119
42 125
58 160
28 136
69 108
82 150
52 183
93 133
71 102
87 165
79 144
40 133
16 172
96 199
9 164
63 112
23 148
67 172
23 117
66 176
48 124
28 134
86 187
59 196
22 186
38 153
69 186
5 154
8 136
66 170
87 106
57 170
20 109
37 200
26 136
2 169
58 194
97 108
84 108
32 124
53 162
82 183
99 112
14 165
26 169
68 152
45 148
44 135
44 115
92 200
78 103
26 150
11 190
86 137
45 101
10 146
75 185
75 134
90 179
1 151
54 184
73 125
69 121
20 186
62 175
54 194
1 180
77 146
79 199
26 158
79 115
10 191
87 123
38 105
99 147
68 113
22 161
76 137
76 149
74 110
61 171
83 133
91 195
7 182
36 182
66 106
36 104
46 139
75 188
8 110
85 142
28 158
34 167
21 138
57 131
47 182
94 149
51 131
6 197
96 172
83 158
25 185
34 152
43 109
11 129
96 189
24 197
21 175
23 188
68 178
27 124
80 153
17 172
69 134
27 111
40 186
39 169
73 134
66 102
14 174
20 140
23 143
93 185
96 149
96 146
20 158
6 141
80 130
40 171
9 145
62 147
94 147
23 113
61 193
90 174
95 173
63 106
54 160
68 174
100 103
98 131
70 162
54 186
12 119
14 166
53 132
14 181
98 130
19 110
30 173
41 168
1 127
15 170
19 115
91 121
1 196
21 198
12 174
74 197
47 173
98 197
35 188
82 160
20 193
72 131
41 192
82 174
41 131
68 142
48 111
40 147
26 182
96 139
75 130
70 107
92 128
88 144
39 115
38 145
92 133
54 172
52 168
28 101
59 165
71 163
12 182
72 173
95 165
82 146
73 130
81 142
50 177
75 165
76 110
42 181
23 176
25 114
61 176
38 132
15 149
58 176
53 119
60 130
29 168
9 116
5 147
53 125
28 137
95 157
4 109
90 131
5 168
52 128
55 143
58 173
67 141
8 200
26 195
29 142
85 179
95 180
25 104
91 163
44 117
59 139
15 114
74 192
98 195
90 142
12 108
98 146
16 125
59 192
91 118
65 159
9 163
40 177
45 118
44 144
58 113
99 173
51 133
1 114
59 114
79 155
23 187
7 184
65 130
99 198
90 193
98 104
34 154
10 176
98 114
4 183
11 130
94 137
25 175
17 149
72 150
32 156
88 171
66 119
34 170
100 143
48 106
4 150
11 165
39 148
50 174
49 143
30 134
81 186
66 165
1 145
74 170
84 171
4 145
49 160
66 163
25 158
49 144
49 141
43 136
21 183
2 180
4 176
15 198
35 125
2 119
78 199
48 126
15 184
59 170
7 185
10 175
14 179
29 195
3 181
40 146
79 127
18 200
19 155
8 120
81 129
53 179
45 193
26 153
22 129
25 117
73 126
10 106
89 177
39 118
95 109
38 118
12 117
96 151
26 111
55 153
60 183
71 156
91 191
12 101
81 174
5 158
59 191
64 118
24 115
89 125
30 198
53 194
63 149
61 116
2 174
25 197
47 137
75 189
47 179
8 137
41 136
58 199
92 119
23 190
48 120
17 186
44 190
15 142
95 152
36 174
88 196
68 144
94 174
23 198
44 174
75 112
78 182
77 166
25 156
61 129
72 139
66 125
2 196
8 180
75 156
78 102
83 143
48 177
51 163
54 193
19 122
69 140
45 134
22 163
28 193
29 110
50 107
35 113
28 104
45 120
38 158
32 104
26 190
51 184
62 173
20 176
33 159
90 152
30 122
72 122
57 185
93 140
73 120
31 102
30 153
88 173
1 176
90 141
14 147
94 141
21 120
83 111
26 106
15 121
6 117
46 103
61 149
3 153
34 105
23 179
70 121
12 128
85 103
32 138
54 136
86 186
71 189
9 135
66 191
8 148
26 193
57 42
63 42
100 87
143 125
24 23
110 109
159 157
123 105
56 37
72 29
199 121
57 27
66 55
61 43
153 129
40 21
154 145
156 131
63 5
196 110
32 2
185 130
144 112
85 20
151 103
80 78
93 6
98 23
35 7
134 117
87 71
75 36
179 138
171 143
84 46
18 2
84 48
54 11
190 159
85 36
174 103
146 119
98 75
163 105
83 15
107 103
139 135
60 55
184 179
184 147
172 167
143 122
160 103
196 163
156 140
95 65
97 62
159 124
189 180
150 138
52 2
80 21
29 16
190 109
77 24
198 116
173 132
100 37
147 137
93 53
172 109
181 172
67 47
170 132
199 191
117 105
114 113
156 105
175 117
68 51
173 149
168 108
157 111
189 136
98 48
195 113
43 11
92 42
41 8
98 60
67 43
184 137
100 89
138 114
91 82
187 105
60 44
30 8
137 105
30 26
65 5
194 104
59 36
161 128
42 16
190 177
55 50
187 120
132 111
69 32
48 40
98 52
95 43
29 15
169 133
172 114
176 135
48 25
69 22
162 125
98 54
124 113
193 171
60 11
62 23
65 59
79 42
190 183
74 8
90 78
85 2
184 133
120 116
141 131
184 150
40 15
181 136
154 135
35 29
199 198
172 113
70 31
191 111
173 169
191 123
136 110
200 185
90 53
68 28
39 25
177 119
84 9
198 180
86 49
81 77
91 9
165 134
185 154
173 154
170 133
104 103
166 116
197 121
188 185
66 26
68 16
82 29
60 5
81 66
137 122
78 55
177 120
186 125
76 53
61 13
78 48
153 116
50 40
190 101
93 66
97 25
75 49
193 162
91 28
186 127
86 12
91 84
63 49
72 22
179 153
178 133
92 82
193 168
25 14
63 62
136 108
155 150
86 61
149 142
199 117
167 101
150 120
59 48
145 141
151 121
80 77
177 149
184 165
196 195
72 64
80 22
196 153
193 176
85 24
186 133
142 112
72 71
192 153
143 136
75 1
70 34
88 61
53 5
88 9
23 7
168 122
199 137
165 150
91 20
119 105
71 55
63 55
82 67
151 123
57 41
190 104
87 76
74 72
160 117
170 122
22 17
110 105
165 155
123 106
55 27
99 40
89 31
172 154
200 129
49 35
134 101
134 109
85 8
70 15
45 43
169 158
195 105
88 78
45 29
100 92
97 32
44 17
178 162
18 11
90 79
64 54
39 34
184 148
135 112
184 142
27 17
184 178
178 116
197 172
148 102
21 15
26 16
150 140
69 26
158 153
84 20
193 120
141 118
95 64
164 128
100 51
89 76
73 36
79 37
198 132
168 128
183 159
91 90
163 159
93 57
173 139
61 54
93 45
190 116
153 141
113 109
113 112
138 137
89 46
161 126
190 115
78 22
45 36
5 1
33 17
47 46
67 58
186 101
98 56
88 27
134 113
82 41
51 50
190 188
65 8
54 1
141 128
152 106
194 141
193 159
150 134
87 4
25 2
9 8
43 29
123 104
83 56
145 112
176 117
133 102
135 125
178 124
99 29
166 125
152 127
53 12
88 49
20 10
94 47
199 150
130 128
57 18
91 57
41 33
152 130
197 157
90 2
23 20
34 18
98 33
93 42
47 22
168 161
63 27
151 130
197 103
164 148
98 64
158 138
16 2
180 163
192 187
53 37
36 11
167 116
200 190
100 22
167 158
190 162
78 56
67 3
198 157
44 15
91 83
169 123
193 179
22 11
122 115
91 69
50 5
36 6
182 142
55 52
5 2
91 88
93 87
56 19
75 52
192 180
185 156
174 167
187 161
151 115
169 117
64 8
45 33
162 141
61 19
163 131
143 120
100 8
119 101
130 101
192 126
10 8
50 39
65 62
158 139
90 44
68 30
84 8
189 151
168 129
139 131
141 120
152 119
28 11
64 13
195 183
185 113
144 141
193 102
89 1
144 122
169 119
44 36
89 61
64 3
62 14
49 10
52 21
138 109
76 3
149 129
69 5
48 22
52 42
159 115
58 53
173 104
181 111
138 105
151 127
54 8
147 143
58 54
46 41
69 58
54 31
198 161
97 4
174 110
100 77
184 168
38 23
123 117
58 11
180 174
156 113
151 131
97 50
191 143
55 5
192 184
80 58
35 22
82 81
16 9
178 156
184 166
80 9
108 106
92 10
46 31
198 138
198 120
138 118
195 160
30 18
161 109
34 1
81 60
189 165
38 5
71 19
64 28
158 109
38 10
59 2
189 153
175 104
159 125
67 23
188 163
46 23
155 151
17 2
44 6
50 38
65 14
99 97
163 156
62 6
164 136
17 12
80 70
74 2
126 101
94 3
151 137
130 108
159 149
44 37
8 7
192 119
85 53
36 28
93 34
68 50
55 22
199 138
141 116
161 146
167 102
66 7
179 117
193 106
189 129
197 125
124 103
165 101
59 56
4 3
186 123
166 123
181 122
148 125
79 69
20 17
174 155
25 3
194 119
46 5
152 133
164 139
37 13
63 34
51 48
78 43
166 114
72 49
88 70
92 66
164 156
75 5
146 143
146 135
121 113
194 103
81 62
184 140
63 7
172 129
37 11
169 168
99 62
179 114
185 115
162 122
80 72
177 173
80 47
141 133
90 7
68 6
188 137
84 72
172 168
153 119
36 33
171 114
197 142
47 10
58 2
66 35
74 45
62 58
67 66
121 105
159 128
59 27
45 17
148 101
172 146
91 18
185 110
141 104
75 67
98 6
95 47
177 130
134 119
28 5
56 5
43 15
145 142
77 55
95 59
88 38
166 103
134 131
83 79
186 124
84 78
195 171
169 128
200 131
171 120
96 38
93 26
186 169
38 27
161 142
185 116
100 98
198 181
76 74
34 14
74 6
176 110
58 36
192 162
184 122
150 105
40 3
192 136
14 6
76 19
56 49
14 5
67 53
61 25
140 108
87 43
186 120
51 9
100 56
136 124
15 12
79 1
51 31
54 51
180 118
188 181
96 92
12 4
154 126
38 37
173 106
153 150
90 83
7 3
173 133
127 119
69 55
32 7
184 112
15 6
181 151
74 22
124 110
154 113
88 58
192 189
60 16
64 21
79 52
99 85
99 61
187 154
13 2
53 45
76 7
167 160
70 13
185 174
32 28
13 8
198 163
189 131
187 139
129 126
186 162
169 109
165 117
57 2
92 14
13 4
192 112
140 101
195 141
48 16
178 115
90 76
139 119
81 3
48 44
27 10
34 27
188 107
92 15
67 50
183 108
72 70
75 74
81 58
47 15
94 81
166 135
194 189
195 110
95 40
173 121
86 8
184 127
82 2
50 49
78 1
198 145
198 175
87 11
97 66
152 113
77 6
164 121
129 118
78 64
173 129
93 48
78 45
48 39
122 108
167 164
24 3
181 131
200 164
96 13
180 104
140 123
140 110
158 111
114 104
183 150
171 112
49 34
80 73
95 7
158 135
153 145
193 165
174 124
148 134
55 21
11 8
91 23
168 144
83 7
167 139
187 159
175 173
199 149
154 119
99 23
45 16
65 17
90 50
142 134
52 34
35 12
181 116
81 56
179 143
144 108
100 10
171 102
94 18
81 43
72 67
154 131
45 10
32 30
25 5
168 165
197 156
12 5
159 140
29 20
90 66
144 125
94 35
152 143
148 121
151 142
158 146
61 50
114 110
100 76
61 57
145 129
200 168
63 28
8 3
56 20
83 3
99 80
179 148
149 139
33 6
98 24
158 144
99 11
185 140
95 81
198 197
174 162
195 123
196 152
47 14
152 141
129 120
131 108
195 157
179 176
186 178
163 152
27 1
180 120
185 120
89 82
145 118
162 138
83 28
50 9
38 3
37 18
197 129
198 126
193 118
200 177
188 101
163 135
29 25
156 151
88 36
177 153
171 140
148 137
200 172
141 112
142 132
173 152
34 33
46 8
34 6
92 89
71 58
171 141
97 88
39 17
74 29
97 7
149 109
95 10
182 165
87 15
180 101
141 111
24 21
196 194
7 1
128 126
46 44
51 34
83 57
53 46
122 121
31 29
13 6
194 175
85 63
195 178
188 176
81 7
165 122
133 104
99 2
192 154
173 124
60 53
192 131
89 13
164 137
160 155
55 46
134 114
175 115
154 151
174 135
189 114
181 173
76 13
88 46
169 138
169 131
54 14
63 48
79 38
48 31
183 138
135 121
41 10
61 24
160 136
62 56
80 53
92 80
178 173
76 4
167 115
79 34
182 181
194 110
186 183
58 32
71 1
173 136
173 146
96 87
117 110
60 2
182 156
145 121
190 135
88 60
48 1
144 128
29 8
166 160
78 62
140 127
99 12
163 112
188 111
196 103
94 21
45 23
133 125
174 158
96 84
55 47
59 16
134 108
169 146
95 21
26 6
182 161
155 116
196 126
99 36
100 55
82 25
153 102
175 160
53 21
84 43
51 36
71 34
176 121
175 162
198 117
87 57
130 109
140 129
174 105
20 15
87 81
146 123
47 36
46 30
183 182
52 12
75 14
125 111
168 127
161 156
