200 7000
15 110
65 123
94 172
66 149
83 183
98 134
75 180
81 185
46 117
47 167
53 146
16 102
92 124
77 188
8 152
73 150
62 168
80 176
65 103
62 139
23 161
19 196
11 139
77 125
26 126
61 101
6 176
67 106
58 150
48 180
26 141
74 106
31 171
84 109
72 106
97 104
99 199
56 145
22 167
61 122
16 197
96 116
48 142
73 184
90 123
70 138
49 192
80 127
57 159
40 198
25 154
71 117
77 179
91 200
62 110
82 155
13 169
81 116
89 128
77 147
10 120
33 141
25 119
8 162
62 171
31 153
15 180
81 191
94 125
22 104
12 110
54 116
86 158
16 180
97 112
19 173
88 184
70 105
96 174
58 139
68 133
84 124
98 135
33 150
7 199
95 184
86 164
18 104
69 112
3 180
13 188
38 188
44 104
100 126
69 181
100 175
18 199
3 154
82 174
27 106
14 171
73 186
100 150
95 156
43 185
77 112
75 109
87 162
1 151
82 159
88 139
35 184
69 154
13 197
22 169
83 188
39 126
87 134
9 146
94 124
12 147
66 152
88 104
72 168
41 147
48 176
36 191
46 151
66 196
20 157
59 109
86 147
17 117
15 138
37 196
96 139
12 179
21 159
2 120
76 118
50 171
50 136
93 111
29 107
2 190
23 128
89 153
28 124
99 183
48 120
87 120
45 147
66 123
55 149
83 107
42 122
13 113
92 158
69 145
7 120
91 124
96 164
12 150
62 105
34 147
69 128
32 195
43 117
91 126
2 130
82 135
44 112
50 108
62 146
84 193
28 155
48 166
61 114
68 171
95 178
78 181
85 200
74 132
76 199
40 196
47 170
4 159
65 188
19 193
85 189
34 134
88 171
11 114
53 125
28 153
68 149
17 130
76 114
78 173
57 179
36 148
13 150
51 108
8 171
23 112
66 171
69 123
67 103
10 181
48 119
51 194
65 134
33 129
62 200
67 182
39 138
6 197
23 200
17 107
35 116
65 193
21 184
9 128
6 161
26 137
34 125
74 196
49 103
54 144
52 166
46 127
4 123
97 153
81 151
60 145
50 178
5 195
39 159
49 149
21 195
19 134
33 108
32 164
32 181
55 186
32 192
22 182
43 131
47 149
34 178
79 131
100 198
55 119
45 134
17 134
84 137
64 169
1 113
64 123
8 140
31 181
80 195
20 134
93 171
32 152
77 115
69 144
5 187
5 196
11 141
25 163
83 101
35 148
8 130
50 176
18 146
63 133
41 127
13 177
6 150
88 199
41 170
96 195
83 147
66 146
19 182
61 177
40 118
81 152
51 161
60 106
81 159
94 164
35 180
11 166
27 121
40 170
44 122
83 175
21 165
53 126
87 172
90 105
54 159
38 124
34 116
23 110
30 194
78 117
69 192
16 188
54 178
72 143
67 135
100 169
84 175
8 164
41 138
46 183
98 149
29 161
88 159
18 110
30 161
40 186
38 126
88 194
37 169
60 104
100 190
37 123
55 111
59 145
61 193
59 152
47 190
42 147
72 109
15 168
95 119
81 190
4 184
68 187
23 132
23 162
4 194
48 170
79 184
36 195
16 163
8 120
48 199
70 155
74 179
78 149
1 111
74 115
43 191
34 181
76 171
27 144
61 126
10 173
26 135
20 142
89 183
28 163
93 188
37 108
7 142
66 134
100 160
28 185
64 157
53 148
63 165
57 104
53 168
44 189
65 146
1 104
46 173
27 129
32 162
90 108
67 197
97 187
21 125
35 176
70 125
7 112
25 147
61 162
85 126
94 157
96 187
31 142
17 162
69 126
69 119
91 149
5 181
9 188
80 145
50 186
93 166
39 181
70 150
41 172
44 158
21 132
89 157
21 192
96 143
13 105
52 115
18 185
97 113
60 197
99 102
22 181
21 194
62 113
79 156
19 131
22 113
69 114
86 182
48 197
43 186
32 187
60 193
81 161
57 189
5 137
47 148
82 173
10 137
88 151
81 119
38 165
9 160
20 154
98 196
84 135
70 147
35 182
7 157
7 150
71 198
11 106
95 124
34 159
58 132
51 154
91 182
30 109
70 176
66 111
53 157
14 155
60 147
20 116
75 153
7 139
20 129
19 156
46 178
3 123
90 134
66 156
73 168
98 199
12 139
2 154
86 178
68 172
20 151
51 185
34 174
30 128
84 162
93 153
38 143
75 189
93 123
51 193
3 116
88 107
58 175
31 157
66 143
45 103
11 123
8 165
78 131
47 125
33 172
24 141
39 130
86 184
18 122
61 167
89 125
32 193
78 116
95 177
46 142
54 150
5 145
35 187
52 183
93 197
50 150
87 189
31 135
61 145
22 162
16 136
95 191
30 177
85 131
30 119
12 180
96 115
6 146
42 139
62 193
94 169
62 116
18 196
66 121
54 121
32 133
40 105
4 155
52 106
17 182
8 131
45 174
60 127
8 197
99 138
17 194
22 108
24 143
68 147
83 116
5 144
67 134
14 133
50 117
87 103
41 190
71 121
42 151
69 158
69 187
58 159
16 104
51 159
64 184
51 184
36 192
30 178
56 110
8 129
37 171
32 137
19 163
17 146
11 135
81 199
78 175
44 147
97 159
33 199
7 106
84 125
29 180
50 185
30 101
76 145
26 139
82 131
69 182
10 142
20 121
72 155
76 153
48 150
29 117
74 144
6 114
94 171
28 121
50 175
41 128
33 162
31 156
86 142
35 156
98 128
59 119
83 168
35 121
68 166
74 160
35 154
58 155
68 115
74 122
54 107
24 144
79 123
45 166
10 157
6 115
53 143
60 153
14 102
46 121
1 140
32 138
76 183
62 188
25 133
37 157
97 147
84 171
23 138
11 119
77 101
29 196
35 114
19 194
72 153
18 191
87 150
66 159
1 128
79 163
48 156
50 166
88 164
21 190
70 115
45 200
78 139
52 184
45 135
9 187
70 128
40 109
50 183
78 160
99 169
46 169
32 166
66 165
36 176
32 103
67 166
68 121
29 176
2 139
72 111
65 172
86 123
60 185
80 133
62 176
100 145
5 112
55 188
16 192
41 151
35 169
90 195
56 144
40 182
39 131
35 146
30 104
65 148
95 149
36 167
5 178
18 127
15 181
2 167
82 178
92 116
42 148
77 200
10 196
97 168
62 120
67 191
45 164
49 131
35 151
72 163
91 190
12 137
98 124
95 145
4 129
68 144
31 119
67 125
6 193
75 150
24 163
27 177
74 112
56 128
52 154
76 160
56 199
89 165
44 113
67 151
70 159
56 135
6 151
64 110
2 101
14 116
16 187
16 177
68 119
62 182
29 187
45 154
80 128
38 127
45 157
68 105
12 157
59 134
91 113
68 130
35 163
76 185
88 193
71 170
64 185
80 180
78 171
85 182
49 111
66 101
58 102
83 156
60 135
94 117
64 147
4 148
17 183
48 194
26 153
3 193
18 117
15 109
87 123
39 200
73 200
95 188
23 117
72 197
84 120
38 195
47 188
57 115
72 105
33 134
17 173
22 137
52 194
43 177
96 171
35 136
3 179
20 106
43 197
78 172
29 177
72 179
24 139
7 162
24 178
86 155
79 164
15 115
35 122
87 127
21 193
18 136
13 148
75 184
15 195
75 104
31 110
61 136
57 195
10 115
98 197
70 160
69 184
45 184
40 185
15 128
7 155
39 173
99 159
96 181
67 155
33 152
29 112
66 182
34 133
91 118
80 105
74 108
39 112
87 143
37 167
26 123
5 172
36 128
89 149
32 197
98 115
90 176
62 172
22 136
31 160
81 120
74 142
81 102
67 150
29 145
23 119
50 169
24 127
71 192
94 144
3 119
24 149
92 200
45 139
90 177
70 152
44 164
9 196
4 181
18 181
76 157
76 179
33 165
64 158
3 103
54 119
45 105
21 168
69 137
31 111
98 140
94 130
65 182
53 129
78 182
92 125
15 112
16 183
85 168
78 158
80 101
5 157
37 140
97 101
61 143
22 174
42 171
51 192
6 142
53 163
31 193
29 184
63 152
79 133
5 189
31 148
55 151
70 122
9 102
89 200
4 167
35 120
10 172
61 137
68 113
28 182
16 101
53 189
91 165
11 143
57 163
36 139
91 133
63 143
93 178
83 126
68 135
31 170
19 179
63 112
26 181
16 200
79 145
2 159
91 150
87 161
90 113
86 154
54 148
31 149
51 188
4 170
94 181
63 139
61 199
19 166
51 115
78 144
42 191
18 180
89 187
96 156
51 107
3 200
72 154
86 169
27 156
63 132
66 133
78 150
14 103
94 113
48 107
59 180
21 106
95 118
92 177
82 132
24 150
21 136
46 120
37 104
44 130
37 183
78 110
15 104
69 174
93 157
2 138
66 189
17 110
78 125
41 153
25 112
15 125
85 132
39 132
58 166
56 129
5 198
51 112
82 102
78 118
85 183
42 136
70 149
100 170
17 114
35 181
70 181
61 163
87 115
78 119
26 124
87 186
78 128
12 156
54 117
13 193
60 158
8 172
19 159
54 124
3 131
35 118
79 111
55 173
42 113
29 101
14 182
28 195
81 104
33 143
92 131
88 178
48 114
16 158
55 131
38 119
96 152
11 165
53 191
78 152
95 167
49 112
5 184
49 110
74 153
95 198
74 173
55 129
33 114
57 186
50 102
89 193
70 146
12 103
87 177
17 164
92 191
43 174
66 154
65 170
69 103
85 175
51 124
61 118
71 154
42 116
74 189
96 149
74 110
64 115
93 114
59 146
41 142
25 190
65 153
7 124
79 150
75 197
31 155
38 200
22 129
36 132
92 121
9 125
40 183
93 175
90 198
18 173
27 170
26 194
36 169
82 153
41 180
57 119
36 164
53 153
89 152
11 118
46 107
68 136
88 101
39 144
3 110
13 117
83 165
69 130
27 114
85 138
76 140
14 119
97 170
94 192
84 180
27 136
100 159
17 126
71 151
1 168
91 148
44 188
47 182
14 147
77 178
66 117
30 149
32 115
16 106
31 102
21 187
57 117
22 179
16 160
22 141
18 157
9 176
55 127
63 190
99 180
25 141
91 185
13 106
95 136
63 200
91 168
71 132
92 105
10 150
36 101
40 120
74 190
73 162
41 129
30 190
86 119
69 139
8 160
2 136
74 164
69 152
2 193
30 196
93 156
85 195
79 122
9 107
59 194
3 108
49 128
57 157
84 115
5 120
87 178
38 194
83 190
50 159
83 129
64 135
14 111
79 116
93 125
3 185
60 116
52 162
60 189
91 179
10 190
6 131
25 176
82 164
63 137
84 196
70 169
22 114
18 112
19 185
9 140
32 153
94 154
100 123
64 178
91 106
47 108
58 135
96 158
51 166
60 134
59 136
21 110
48 184
99 156
52 105
85 110
80 169
22 190
46 115
86 118
81 171
75 192
66 136
28 158
31 198
3 151
41 143
77 116
61 124
65 131
100 183
96 132
14 117
66 176
97 180
88 142
2 196
44 108
48 127
67 186
82 176
87 112
9 115
22 115
49 148
31 105
71 144
83 105
15 107
41 176
90 149
71 112
96 198
97 102
83 132
89 146
95 143
56 150
78 143
3 142
23 114
70 108
35 179
54 183
4 158
97 109
50 107
58 190
10 180
8 189
4 101
65 145
15 131
5 183
86 151
8 146
51 195
44 197
5 101
68 140
68 165
31 177
29 173
36 177
97 177
30 112
1 143
57 123
78 185
87 168
71 130
85 112
99 164
35 137
51 155
84 129
29 127
15 165
55 159
2 187
20 147
5 156
8 191
89 106
5 175
99 158
21 164
23 108
1 190
42 152
72 110
2 131
22 163
4 180
48 105
45 181
40 129
15 134
51 116
26 186
52 134
98 161
83 180
54 157
50 180
85 196
81 145
15 156
11 133
3 199
59 197
28 150
55 184
30 121
19 181
50 115
28 132
100 191
98 190
61 175
71 190
89 194
57 182
63 105
84 111
30 153
6 102
20 140
8 183
75 106
27 112
65 159
6 189
96 185
7 180
1 153
68 106
5 136
51 110
25 118
16 147
52 193
79 129
19 123
35 165
35 178
40 123
8 150
2 172
73 129
39 180
97 122
47 139
12 141
67 137
73 117
30 180
62 160
71 162
66 179
65 174
51 141
68 132
65 120
6 108
28 122
67 163
58 137
93 107
78 169
38 122
35 109
26 185
10 166
28 168
68 161
23 184
99 163
99 174
47 104
74 166
79 196
22 180
85 140
36 102
30 123
79 169
79 166
64 194
3 156
2 199
64 153
54 136
69 146
98 104
44 199
30 157
51 187
12 120
47 129
54 146
64 143
59 156
56 188
56 169
19 118
23 102
28 109
64 102
66 164
30 169
53 169
12 115
24 168
35 186
35 167
9 113
56 113
81 146
100 161
29 167
17 181
92 167
56 139
36 178
100 188
14 121
81 101
92 123
23 156
49 135
48 168
4 144
19 157
20 133
91 120
9 129
96 122
66 187
9 139
85 129
85 102
77 154
58 113
61 119
24 147
90 102
86 117
9 148
59 174
37 101
23 178
98 170
85 106
57 191
64 191
100 157
65 169
13 173
35 190
10 174
10 154
15 152
41 115
48 122
85 159
42 169
11 108
60 115
98 117
59 111
86 177
11 115
9 134
1 152
35 160
39 154
65 109
14 152
73 116
94 119
69 135
31 158
15 174
32 151
88 187
59 104
70 101
73 106
4 110
8 135
74 161
28 118
4 156
57 135
55 150
84 107
35 198
54 122
32 178
9 109
81 166
27 166
77 137
70 190
88 148
95 181
46 129
43 132
8 159
78 159
53 152
49 169
26 104
86 103
52 192
16 176
94 134
22 178
18 118
76 173
46 140
67 165
2 195
2 112
3 160
4 145
35 128
90 187
48 132
91 104
82 113
40 169
66 118
31 116
77 160
63 168
14 186
63 169
59 118
41 160
99 155
85 178
70 118
19 133
96 178
33 125
97 124
81 184
33 146
96 119
21 199
48 123
56 149
74 114
85 128
39 129
92 187
40 160
47 113
24 153
47 118
81 158
44 195
6 158
50 112
62 174
81 114
28 156
19 148
24 133
4 115
38 183
25 122
61 198
89 121
9 152
58 188
18 170
98 174
11 152
51 196
47 160
79 152
92 198
68 142
61 144
94 138
14 124
7 195
73 118
59 103
36 147
73 196
32 191
33 115
45 150
17 197
90 146
75 147
66 114
91 121
83 192
95 162
13 136
39 156
71 125
22 124
90 188
6 190
65 196
80 151
2 192
12 114
58 169
48 145
13 180
72 198
5 160
8 110
96 142
87 117
74 109
2 121
96 113
62 118
25 114
43 159
54 112
85 130
57 125
24 156
99 136
8 169
6 155
28 137
23 170
51 142
75 193
62 183
64 192
69 157
45 178
28 125
12 166
61 183
57 193
4 168
39 102
76 115
94 167
69 148
79 186
32 170
3 181
51 165
60 190
67 188
90 154
12 184
85 141
15 113
57 184
55 162
33 137
64 172
72 170
13 140
50 132
74 175
66 191
82 141
10 179
47 185
52 167
12 162
42 175
84 143
43 183
68 145
63 163
84 161
60 181
72 108
12 101
42 132
21 173
71 182
31 129
68 180
25 139
99 107
33 195
87 196
21 108
4 172
61 115
99 116
6 141
79 147
82 144
4 192
55 175
75 136
43 171
59 124
80 161
25 128
34 176
43 175
85 192
6 180
56 104
67 139
26 157
58 171
42 143
75 118
22 142
60 195
44 145
82 167
42 141
63 151
46 165
6 160
14 134
39 121
70 153
45 189
21 150
36 107
31 166
23 106
64 109
77 162
81 109
60 124
18 113
5 102
84 154
73 119
99 175
57 170
41 184
38 158
51 104
50 165
60 143
61 184
90 157
94 193
55 103
6 136
28 178
43 109
85 176
88 105
8 142
67 154
83 125
83 191
69 172
25 113
41 101
11 128
89 159
53 186
93 152
94 121
33 120
77 175
67 116
81 189
56 166
10 136
100 185
29 158
45 180
14 149
75 173
56 109
4 147
48 152
85 113
86 188
86 144
9 167
91 146
9 190
98 198
61 189
50 140
77 135
40 184
94 163
82 105
54 161
99 140
87 167
10 144
78 192
90 132
94 106
3 158
37 142
21 198
10 124
30 193
74 129
50 137
73 181
22 131
87 142
55 181
93 154
73 176
13 189
17 155
46 199
68 103
89 115
71 149
37 194
17 191
10 171
6 145
72 131
36 112
70 194
42 183
82 200
59 176
53 109
57 156
88 169
32 114
65 163
62 114
47 120
36 143
79 104
20 114
84 159
16 156
56 163
97 115
37 119
72 145
62 104
100 179
60 165
25 127
5 171
36 108
92 195
53 113
64 105
70 136
90 131
27 105
88 134
45 132
32 158
5 117
38 157
87 119
47 165
35 126
16 110
42 130
37 111
64 121
20 102
24 114
93 116
57 110
60 182
78 120
3 122
53 182
34 182
49 124
99 137
21 163
95 186
53 112
40 168
34 153
89 186
36 134
21 113
67 159
13 144
3 196
83 109
68 195
38 166
29 131
93 138
44 159
22 139
5 106
80 165
80 131
96 150
98 145
46 124
82 163
57 138
40 122
55 158
46 172
86 197
100 200
73 145
18 133
52 136
100 140
60 114
55 196
5 173
63 144
5 116
63 161
36 127
77 122
69 169
17 171
15 114
93 104
80 198
1 123
76 106
24 189
41 104
36 126
4 176
80 141
76 136
30 195
76 119
21 131
2 178
68 177
31 147
24 116
91 198
9 171
80 188
77 158
25 161
69 196
22 193
43 107
74 123
15 121
4 183
27 146
11 190
36 190
24 186
75 112
53 124
65 104
28 101
71 109
33 148
58 123
87 153
13 162
12 173
49 126
20 166
77 141
92 122
78 153
82 183
11 136
38 161
8 106
75 195
33 191
26 167
58 140
84 156
53 171
17 158
100 139
32 109
36 133
39 164
95 150
75 181
91 177
9 145
88 177
88 129
55 106
38 185
93 176
24 137
24 118
1 148
25 157
10 165
44 166
46 168
67 147
53 175
88 200
41 196
87 191
37 115
50 200
42 131
9 138
91 162
86 193
46 138
80 136
58 110
28 138
50 109
54 176
73 148
66 172
100 163
76 156
90 200
6 172
46 159
86 191
2 158
62 191
11 138
40 178
45 197
1 194
62 101
15 196
97 139
51 191
59 133
45 104
45 151
31 114
9 155
42 114
44 114
56 120
82 146
80 120
33 107
64 137
16 137
20 181
86 185
89 195
56 180
56 157
4 157
86 181
82 142
32 183
18 190
81 106
100 166
69 153
73 144
23 122
77 153
10 170
51 133
14 196
30 143
80 142
84 187
43 190
76 197
85 144
3 106
78 115
63 136
50 191
29 186
66 157
23 196
23 135
100 106
97 194
23 195
86 156
73 175
71 184
49 147
92 170
46 187
93 184
22 155
77 132
79 195
38 129
83 149
63 102
26 179
46 162
33 177
37 127
54 179
19 127
68 184
61 112
73 179
50 173
8 143
25 164
80 149
74 149
47 136
49 164
44 127
56 187
79 158
21 127
63 159
3 176
9 164
89 102
97 146
27 184
32 163
18 134
69 150
50 147
13 141
22 200
13 145
59 115
37 149
62 132
43 115
52 112
73 143
43 195
63 146
78 108
50 103
54 164
76 135
62 126
100 174
87 155
54 160
65 101
21 121
33 171
88 188
54 127
60 144
43 108
21 156
47 171
88 157
37 126
7 185
12 135
70 148
40 149
31 187
24 197
93 146
9 123
37 103
78 103
88 175
43 149
33 151
53 190
10 112
88 130
19 154
73 156
60 159
2 169
52 175
13 110
33 118
54 139
20 183
64 181
38 192
3 109
18 148
31 161
7 117
26 125
29 195
88 144
8 144
47 180
64 152
40 138
49 109
35 143
66 130
9 185
49 185
18 131
80 159
91 178
45 183
52 158
9 147
95 133
16 124
66 183
18 171
60 196
25 185
35 150
87 185
85 156
98 119
85 146
99 192
27 109
11 196
83 174
73 167
72 160
15 137
90 121
94 170
68 160
75 190
5 188
99 129
28 169
84 167
63 198
50 154
29 105
23 173
99 196
65 147
91 130
81 144
31 200
80 132
41 148
38 189
30 199
98 192
72 132
19 136
20 159
9 189
1 178
55 123
24 151
38 118
86 137
41 132
9 111
92 101
76 128
25 191
26 163
89 141
26 151
89 181
7 183
77 105
71 155
70 180
4 140
73 185
23 187
11 121
82 116
40 133
18 102
97 152
38 152
45 192
72 174
39 157
29 135
55 101
62 180
50 167
13 170
69 183
48 171
91 176
80 117
69 180
2 142
41 114
20 104
61 155
67 184
43 179
47 142
73 154
88 186
87 195
48 112
64 134
30 129
98 191
27 183
62 159
61 105
12 178
84 123
15 191
14 118
97 161
67 160
34 183
66 128
50 110
83 158
42 107
34 148
14 180
5 119
22 184
83 164
75 130
68 112
46 147
25 129
64 141
92 114
77 121
95 106
74 127
63 176
20 190
73 187
96 162
31 163
18 126
73 108
55 165
60 101
4 108
28 102
5 143
91 102
36 121
71 181
96 148
49 194
73 105
100 144
41 181
97 195
31 123
63 110
19 142
16 184
7 198
93 121
23 113
1 181
95 194
43 180
63 191
55 136
92 189
17 148
2 163
13 131
24 140
76 110
49 114
29 160
51 167
60 157
56 156
52 180
100 158
100 113
60 146
46 190
65 155
54 118
42 181
25 105
23 167
59 122
52 179
58 194
19 110
84 169
26 172
24 120
100 133
81 107
71 142
22 121
10 183
67 157
21 189
58 182
28 143
4 188
17 166
15 108
13 152
68 159
82 185
22 183
81 108
24 119
21 186
38 154
48 164
56 107
71 101
56 192
37 155
54 104
14 187
19 195
38 167
100 197
15 167
64 111
96 127
42 123
26 149
27 188
15 177
39 195
53 167
63 155
14 113
22 144
84 102
44 165
12 169
71 107
89 184
95 108
71 150
26 131
43 104
27 142
36 113
70 189
59 187
31 125
59 172
81 105
29 123
54 184
8 121
88 117
74 135
89 116
97 196
14 157
36 199
31 176
28 160
32 194
52 125
96 135
41 131
81 157
76 133
16 130
31 169
73 124
11 105
42 188
6 111
75 194
96 106
64 197
87 149
9 101
64 128
93 142
83 160
22 194
99 106
8 185
91 186
15 182
33 102
60 107
72 118
68 198
67 122
28 140
30 126
27 192
13 151
42 195
91 119
21 178
32 121
14 166
26 146
63 129
11 172
69 156
96 112
70 120
81 125
94 179
80 106
3 198
5 104
57 129
67 115
40 124
15 142
38 186
13 103
76 142
36 122
45 102
1 197
65 111
7 129
81 179
36 129
8 119
36 154
2 197
59 117
11 107
73 197
3 130
8 117
89 160
51 128
82 165
16 150
33 186
97 120
51 179
70 132
85 193
77 149
92 129
17 200
1 184
71 102
48 126
44 162
89 179
43 127
86 106
84 164
92 137
18 182
17 196
46 164
60 178
36 172
75 185
85 152
34 115
89 175
20 146
14 131
82 166
86 160
43 105
87 192
81 196
7 146
75 126
32 171
80 179
33 159
6 109
36 174
95 192
85 167
61 157
5 170
57 132
69 173
10 107
46 174
83 127
82 161
71 194
79 142
27 174
65 162
37 166
83 173
51 132
5 149
5 118
25 110
22 188
59 182
34 163
94 141
3 136
45 116
58 124
36 124
66 170
28 171
76 102
74 192
33 187
14 194
88 176
66 145
47 155
5 103
40 175
55 128
57 154
57 192
4 121
61 146
74 107
75 141
26 114
6 185
29 154
61 111
48 192
74 117
66 185
82 170
4 191
78 145
72 161
56 134
11 109
88 127
39 114
89 169
71 120
94 135
50 161
63 140
86 149
98 101
80 158
11 113
39 104
64 126
41 178
25 199
63 101
46 130
54 190
51 175
70 141
35 140
46 104
43 164
100 116
90 190
85 174
39 116
72 102
35 133
82 134
51 149
33 161
47 144
45 106
6 195
8 178
56 151
86 124
39 135
45 141
81 117
16 123
61 116
98 116
10 151
24 190
100 193
44 160
89 111
71 159
41 175
30 163
94 136
25 104
52 132
75 124
51 145
2 162
51 182
10 143
16 198
30 181
82 120
64 159
98 144
43 162
40 141
18 156
44 193
100 109
85 170
10 127
21 119
32 134
23 190
30 165
95 115
92 192
20 153
82 112
85 179
26 174
27 123
28 188
91 108
45 199
72 125
10 122
14 189
36 183
11 116
94 108
41 152
55 115
10 108
58 117
40 115
85 185
75 143
12 127
98 106
40 142
25 116
28 136
36 138
73 130
98 194
40 157
54 153
100 149
16 109
56 136
99 151
73 155
7 135
43 120
37 162
50 126
12 116
17 170
36 103
37 163
6 125
86 165
42 126
12 148
31 137
61 135
19 152
83 169
72 103
27 191
55 142
62 122
30 191
37 197
39 153
98 136
50 144
69 190
29 133
18 130
72 166
74 113
22 195
81 124
16 164
5 194
53 188
1 172
90 103
90 110
9 120
89 190
44 118
34 171
20 198
87 136
31 194
44 173
71 146
74 136
59 102
53 161
73 163
42 177
57 113
49 200
35 147
18 149
74 200
25 145
39 107
66 160
30 175
89 113
29 172
43 122
49 118
93 137
26 138
86 141
100 156
63 156
59 138
35 119
35 193
82 107
91 131
44 142
91 170
15 106
76 103
4 142
34 144
36 186
98 111
16 153
26 130
86 110
30 186
44 110
43 140
48 103
94 152
48 134
92 111
87 171
36 137
19 160
24 129
64 180
8 134
89 139
76 123
67 148
93 185
98 164
35 162
75 132
79 160
57 107
55 124
41 123
77 192
45 165
3 112
3 141
88 135
49 187
54 106
39 186
52 199
67 177
53 149
70 191
91 151
27 157
46 125
44 150
77 139
22 177
82 196
55 163
21 166
28 192
32 148
97 118
92 118
51 138
83 137
24 164
1 105
39 192
81 110
92 143
25 115
85 181
72 122
25 183
80 154
39 189
81 153
52 151
74 165
93 177
78 127
82 103
55 153
65 136
62 181
81 149
17 129
76 200
48 144
98 186
59 178
1 174
52 101
94 110
79 139
82 152
87 165
99 173
33 183
48 186
49 156
86 102
29 128
42 144
78 126
65 176
1 150
78 129
98 181
40 130
50 118
66 162
74 119
14 112
34 118
81 150
40 162
38 153
41 185
34 156
51 177
28 115
88 111
46 198
6 129
98 173
78 105
60 194
59 164
73 141
100 148
59 114
17 119
41 168
100 137
4 113
4 182
35 104
79 115
74 139
62 155
47 102
8 113
60 151
46 191
83 124
57 147
92 126
56 124
30 148
53 142
70 161
85 172
66 173
71 106
27 179
48 153
76 104
85 163
58 198
37 116
16 139
56 171
39 188
13 199
29 140
61 182
72 157
19 125
59 190
42 127
15 183
52 197
48 165
93 119
16 162
74 121
22 149
21 104
86 152
81 122
44 170
98 158
21 151
60 110
32 112
38 130
91 191
87 152
69 155
39 187
54 149
9 157
47 109
5 200
34 168
7 110
81 155
11 134
86 122
6 119
59 123
35 170
37 136
68 185
66 106
36 109
91 132
2 133
18 187
81 142
50 104
27 167
73 199
7 190
9 197
12 165
99 141
20 137
76 172
94 166
83 128
52 164
87 118
84 197
11 183
53 106
74 155
23 168
75 110
31 185
23 145
21 112
27 200
100 165
4 130
46 131
73 101
19 122
2 183
37 122
27 171
25 111
82 150
4 187
12 109
42 187
34 136
3 145
7 127
9 173
16 125
66 194
87 156
44 107
57 161
58 170
87 175
52 126
18 120
23 133
61 147
60 167
84 160
12 119
35 124
80 189
10 113
22 118
95 105
19 155
24 185
84 185
71 175
48 190
67 127
34 140
32 150
15 124
100 136
41 158
77 193
77 106
28 184
16 171
82 118
13 174
55 138
11 129
28 175
6 133
42 176
11 181
82 160
65 143
8 118
89 185
21 130
91 114
38 174
2 188
11 184
94 178
50 135
95 155
97 184
73 171
100 114
72 200
75 146
86 105
77 127
38 139
46 113
91 164
12 138
75 113
47 199
63 178
34 194
92 180
76 131
77 173
13 153
31 133
79 155
40 177
96 107
82 172
13 124
76 109
41 157
20 109
60 120
94 101
87 133
13 102
10 101
42 196
58 165
22 102
1 115
18 154
49 177
55 176
2 174
30 146
2 165
96 183
24 117
79 112
48 169
74 130
84 183
36 163
53 118
29 179
96 199
3 188
10 169
100 142
92 115
87 138
70 173
94 161
52 122
20 167
64 162
34 108
76 163
56 191
58 148
17 187
52 137
26 145
86 126
88 153
15 123
75 111
21 142
60 186
30 106
58 158
27 189
80 191
63 119
49 136
70 109
3 178
63 171
88 113
96 177
15 101
41 113
54 128
29 102
36 110
87 145
36 146
13 132
55 107
38 106
94 186
28 190
28 189
65 186
57 143
54 142
38 123
61 121
85 145
34 114
2 153
18 165
65 184
76 117
60 131
25 195
70 129
77 118
33 130
37 188
11 178
41 174
94 118
18 188
70 195
5 105
91 189
60 171
95 129
3 167
18 103
29 149
80 181
65 158
22 151
85 103
19 130
6 137
96 120
64 173
89 105
22 159
34 177
5 138
55 179
16 144
92 146
45 142
65 113
29 120
53 196
11 173
65 187
26 133
54 131
56 197
22 138
19 105
17 124
36 193
2 108
15 120
48 174
32 185
93 158
91 101
21 197
56 105
89 171
78 107
78 198
57 140
87 200
66 177
98 125
2 191
15 127
61 128
93 124
62 135
59 121
64 124
27 165
97 148
78 188
100 127
8 175
76 184
53 151
22 105
8 195
64 179
29 134
69 191
41 150
98 122
41 102
16 178
74 156
22 154
56 174
94 187
8 190
91 145
44 168
61 130
6 163
46 182
67 104
72 151
93 102
63 109
79 105
87 148
55 169
72 180
59 139
95 126
75 137
49 162
46 122
47 106
11 154
97 143
78 200
49 170
35 132
4 177
98 137
73 190
50 187
66 150
34 161
57 120
90 197
76 147
60 139
49 143
42 145
38 173
77 146
40 189
62 152
43 196
8 105
94 114
93 168
99 171
62 149
76 126
12 153
29 141
9 110
64 103
19 188
68 127
68 157
78 179
89 158
59 185
62 166
71 197
42 174
91 111
86 133
5 123
51 176
57 197
5 132
80 160
80 122
67 179
100 111
94 155
12 105
86 172
56 116
40 181
79 128
72 181
29 124
71 105
79 197
93 161
14 109
18 109
55 130
78 197
39 161
99 104
17 109
83 121
22 116
41 188
40 159
17 175
71 116
15 187
67 109
50 149
45 111
20 127
77 168
10 116
51 129
83 113
16 114
64 198
83 172
72 162
30 197
17 140
24 198
56 173
13 139
27 190
11 199
49 193
81 141
32 118
93 133
23 171
13 135
4 166
65 117
100 132
55 161
37 164
30 114
50 145
19 175
19 140
92 179
12 168
51 131
1 191
64 155
72 152
1 122
82 162
72 156
36 136
86 109
24 132
24 108
5 121
38 138
8 126
26 154
43 125
64 164
14 126
29 155
90 107
32 144
40 147
25 155
8 102
60 156
30 135
19 124
24 188
89 166
41 199
93 147
95 117
73 166
52 107
57 151
93 173
33 103
8 167
77 169
15 162
21 114
83 120
63 138
37 106
11 156
52 143
7 189
93 118
43 154
89 154
39 115
48 116
69 105
20 135
37 179
8 107
76 101
15 151
31 146
42 121
13 186
28 147
91 152
90 174
25 148
45 114
89 127
79 130
71 185
22 166
46 175
85 136
65 177
84 112
89 147
87 173
74 118
1 141
41 163
14 183
2 148
90 101
1 195
93 200
97 116
23 140
40 104
34 191
45 140
24 161
4 193
41 197
58 163
62 131
14 137
26 189
51 174
69 110
67 180
56 152
39 108
5 148
27 182
78 187
74 182
35 171
59 108
95 158
59 198
15 166
20 169
95 123
90 147
14 167
39 168
13 147
17 113
48 106
39 169
32 116
76 134
14 122
62 129
68 178
28 129
67 169
35 130
15 147
91 188
33 117
51 109
54 109
76 194
21 174
70 151
68 188
83 179
80 126
35 189
60 113
53 107
89 134
60 173
10 185
37 165
60 184
77 181
34 117
33 174
97 108
19 132
94 180
59 166
15 150
92 190
2 124
5 197
31 159
17 165
23 154
20 173
14 142
17 163
40 102
80 139
1 129
79 154
100 102
68 164
34 132
51 139
4 165
92 128
96 163
27 155
47 150
7 163
30 200
36 114
19 126
77 113
72 189
66 174
90 150
27 141
17 186
99 162
75 122
87 169
52 135
49 190
48 130
57 160
19 169
54 123
13 121
45 190
44 182
85 155
61 109
88 124
80 196
70 131
78 154
56 130
98 148
69 197
2 141
9 114
35 152
44 129
22 199
28 179
50 125
35 145
31 128
83 161
29 138
90 181
95 138
25 132
90 109
15 149
48 154
82 110
54 168
67 156
9 135
21 200
48 135
7 145
23 157
51 160
94 196
7 126
51 134
30 115
70 106
47 140
18 121
38 117
3 135
91 147
44 157
69 131
5 169
58 157
63 150
67 118
75 200
6 149
92 120
38 180
61 150
25 121
31 138
85 121
46 170
31 113
37 152
28 181
25 162
81 192
77 174
49 178
30 147
16 199
26 187
89 176
5 154
73 157
23 125
95 147
31 122
58 127
49 139
21 143
33 168
44 136
54 199
63 121
34 162
43 193
42 164
61 190
56 182
73 123
23 111
42 166
90 199
25 136
29 164
99 134
68 118
31 189
24 142
61 123
66 200
58 136
47 130
16 135
41 156
51 130
70 135
88 180
19 141
30 131
23 147
26 169
74 152
28 116
70 187
40 174
22 135
62 163
82 168
68 162
95 135
92 104
18 200
56 132
42 173
9 177
31 131
61 141
22 146
93 140
32 149
82 157
80 103
51 125
13 108
14 191
88 152
35 144
1 112
36 135
85 180
92 149
14 188
38 191
91 199
55 190
33 163
59 192
12 144
25 174
35 142
83 189
56 195
90 173
35 200
96 190
81 128
3 140
24 107
34 150
20 200
18 138
59 200
65 105
77 161
27 198
27 180
78 104
31 182
4 122
24 103
64 118
23 198
87 121
73 149
21 123
45 119
31 175
27 113
54 197
71 180
99 112
67 167
25 189
52 160
75 167
18 159
14 165
46 148
10 159
9 118
98 187
67 173
26 136
93 172
43 165
21 167
50 130
52 108
56 127
77 148
3 171
15 118
69 142
62 169
61 185
94 131
3 149
64 156
8 154
36 123
86 111
67 107
36 160
15 157
90 155
87 135
7 131
61 102
62 123
40 167
38 132
100 118
75 135
54 162
35 108
63 185
54 135
15 178
79 114
42 102
10 146
36 157
89 117
80 118
77 152
80 190
1 103
52 129
76 191
64 171
37 129
51 190
56 155
50 172
45 122
99 135
51 140
27 140
81 193
48 118
54 115
12 176
19 167
43 169
5 141
53 150
59 113
71 166
45 187
44 119
52 113
19 168
63 164
80 148
93 131
11 167
62 151
38 155
26 111
67 181
92 103
3 174
52 117
33 131
97 182
36 131
13 178
67 187
90 141
36 196
51 105
4 178
4 124
48 141
68 117
37 150
38 102
76 151
95 172
39 184
8 173
39 136
12 133
90 130
10 198
69 160
53 116
23 179
49 129
18 108
78 121
85 191
45 144
82 188
24 105
7 179
47 117
39 158
66 178
77 166
93 189
19 147
58 114
51 102
5 131
2 200
3 102
8 179
2 110
64 190
21 140
94 111
64 199
8 148
13 142
55 197
6 171
65 114
15 172
54 120
56 146
62 179
28 126
30 105
8 176
79 153
88 198
2 171
34 173
28 197
16 169
40 103
1 154
38 168
59 128
92 106
70 137
66 155
45 170
33 116
7 116
96 137
14 195
60 198
61 142
68 152
47 161
52 198
95 175
68 123
92 134
26 176
54 103
53 172
46 167
72 130
62 112
83 163
5 111
11 176
46 152
78 161
40 146
77 114
93 106
19 143
28 191
52 116
70 111
46 128
9 117
88 168
69 168
14 130
45 123
95 104
19 117
24 169
67 164
48 102
23 129
83 123
57 130
92 188
93 135
44 187
74 159
81 121
34 200
94 120
20 185
39 141
44 141
90 129
38 199
27 158
74 125
71 193
28 142
1 198
52 188
7 140
95 139
2 123
25 146
76 177
77 187
41 164
54 181
61 165
95 199
36 105
50 120
68 186
5 124
54 196
99 170
56 200
61 194
69 102
83 187
68 163
51 168
73 131
7 107
86 166
65 154
47 143
50 127
57 196
79 108
25 130
51 197
39 139
25 159
23 172
37 135
95 165
2 113
47 133
47 121
86 196
15 122
75 178
3 124
23 146
23 185
57 101
32 124
34 121
20 123
4 107
71 122
31 139
59 163
95 176
43 144
97 163
79 199
23 131
88 121
85 122
30 156
22 157
44 156
69 198
31 154
49 146
100 171
29 106
39 147
37 109
27 150
22 175
39 176
79 170
85 118
96 188
53 195
17 174
28 162
43 158
11 182
45 191
76 165
92 157
100 152
17 123
4 151
4 146
36 118
14 197
49 183
36 159
99 139
47 193
92 176
15 171
43 138
55 104
52 121
43 173
1 169
24 104
12 186
89 122
5 122
73 165
34 101
68 189
46 108
18 114
44 117
56 106
52 119
17 193
3 186
72 146
30 124
37 185
59 129
28 187
54 194
51 101
81 180
60 168
18 116
55 108
51 135
37 146
79 110
40 121
82 154
60 160
23 155
53 173
49 145
73 177
12 128
70 158
4 154
73 193
96 141
52 127
63 135
26 148
100 177
52 177
9 194
48 147
97 141
11 124
38 162
99 111
52 141
17 101
68 170
75 115
81 174
44 120
30 113
23 174
69 113
61 149
70 175
24 131
91 192
35 175
54 147
86 125
34 120
75 117
43 176
23 109
53 185
80 129
39 142
30 173
56 175
76 143
37 105
61 103
33 142
67 158
26 160
51 123
9 149
92 156
85 120
71 147
24 177
40 137
53 117
86 115
86 199
44 163
50 193
34 186
79 149
93 169
24 191
2 119
35 199
99 109
6 143
53 104
29 178
54 114
32 165
71 173
13 182
97 125
20 150
35 123
63 148
35 168
43 145
60 199
28 166
17 153
84 155
11 185
22 170
88 140
41 109
78 130
68 116
92 152
16 179
60 166
58 115
77 180
75 165
98 153
43 142
81 187
17 172
21 172
94 182
21 129
37 159
79 126
66 132
81 194
89 131
38 115
66 119
60 130
12 130
41 155
35 127
63 124
4 133
10 189
43 113
82 111
3 128
27 169
30 183
83 195
10 161
4 134
76 111
44 153
75 149
92 144
94 145
72 194
100 115
44 116
73 138
43 121
9 121
89 103
93 145
95 173
42 118
64 170
12 164
25 178
79 180
84 188
44 135
95 148
70 144
52 161
76 196
35 191
84 199
73 147
94 151
6 183
27 181
39 167
6 165
9 199
30 125
58 111
64 161
44 109
59 131
49 117
35 112
96 104
37 177
28 174
13 134
33 170
33 126
13 175
83 152
59 150
48 124
95 157
80 157
95 101
11 200
31 188
96 133
75 196
66 148
18 194
32 141
93 186
99 177
71 108
82 182
33 154
80 137
5 174
7 121
74 154
36 141
10 178
20 131
58 134
45 137
37 117
79 165
71 138
79 102
73 111
10 194
5 128
83 199
42 184
11 131
93 174
47 145
12 108
26 105
51 152
18 142
62 128
75 102
47 166
56 179
96 105
39 166
80 163
84 146
49 120
18 176
83 167
81 172
92 136
66 186
30 122
50 174
20 108
82 121
9 168
95 179
40 110
83 194
43 133
55 155
85 197
83 114
50 156
55 113
95 102
73 153
63 193
12 174
6 128
41 117
59 144
13 128
16 175
88 102
53 119
12 196
71 158
97 127
47 138
84 145
11 150
25 187
95 151
54 191
20 158
25 165
74 170
22 123
92 148
47 164
34 112
55 112
21 146
34 198
52 120
85 127
53 122
68 193
38 149
79 103
65 119
20 130
18 129
39 150
54 137
6 167
94 198
39 106
96 118
95 110
10 121
52 102
48 188
45 160
58 178
52 195
81 168
35 161
80 182
82 158
88 116
87 188
74 178
20 148
8 156
50 182
41 177
96 176
53 178
28 103
93 105
100 162
64 108
99 184
92 133
85 198
4 103
94 174
32 184
79 132
100 131
47 110
72 188
18 198
14 173
26 161
6 164
88 106
28 198
98 159
87 108
1 124
6 179
70 174
53 131
66 195
53 133
82 104
50 190
60 136
53 180
1 160
1 166
39 165
24 148
58 167
52 149
49 195
73 164
45 172
77 140
94 159
99 153
95 103
74 191
38 144
55 156
82 186
7 192
58 161
37 141
76 195
76 138
83 135
92 169
49 133
23 149
36 115
35 164
29 194
24 130
87 180
79 181
65 151
25 144
41 194
81 148
9 144
65 128
14 170
9 150
25 180
57 169
24 158
48 195
58 106
39 190
87 166
83 141
37 128
20 175
27 175
56 165
9 142
33 173
65 126
7 167
78 122
83 118
33 169
67 132
1 137
81 169
7 196
45 138
91 159
8 166
35 107
11 140
65 175
20 145
95 182
22 120
88 133
37 137
58 173
28 106
57 134
90 137
13 183
10 105
97 172
61 172
76 166
69 178
57 126
92 140
3 187
67 129
44 102
27 118
76 130
96 126
61 153
44 161
78 101
27 161
73 169
91 167
60 183
41 107
9 186
60 162
11 144
22 111
18 119
6 200
94 127
7 187
59 125
9 106
63 175
8 112
69 164
42 135
75 198
45 146
7 176
21 141
94 197
64 144
27 164
90 122
71 174
52 173
57 103
33 196
12 170
78 183
60 191
90 189
64 150
93 110
66 109
68 192
50 141
80 184
21 175
4 197
6 135
87 174
82 128
60 132
13 112
7 149
13 133
90 128
99 185
45 113
42 128
10 167
17 125
99 195
39 193
80 138
6 117
76 129
75 156
9 133
70 114
48 189
75 151
89 177
55 198
14 178
38 169
93 122
61 173
85 171
20 117
21 147
98 156
18 161
91 127
43 146
97 185
89 118
95 190
48 117
23 199
37 121
27 110
65 112
50 188
36 197
21 185
73 159
37 168
65 198
12 183
70 110
49 168
64 125
73 109
4 160
80 150
81 183
62 138
1 125
59 199
24 152
20 199
91 142
69 170
6 154
81 133
52 142
84 186
69 133
88 167
30 111
29 168
86 192
95 193
34 106
21 101
48 179
36 151
43 126
25 173
77 126
71 145
83 153
91 112
27 125
96 147
52 163
54 185
12 124
49 199
98 121
73 194
26 166
9 154
2 170
2 157
85 169
70 157
99 122
83 176
45 177
2 151
20 138
21 176
53 138
41 171
100 103
43 184
63 154
48 136
16 118
16 181
4 171
34 187
64 196
48 148
69 143
41 192
68 101
71 114
33 149
72 120
12 188
65 183
7 184
98 168
10 109
60 177
84 170
63 153
57 164
43 161
68 200
28 145
74 124
10 132
20 172
68 199
64 139
60 111
6 110
57 167
58 109
25 197
3 189
19 165
4 196
34 102
59 168
96 184
26 165
8 182
28 127
68 173
11 153
13 187
70 186
98 177
34 195
66 137
90 156
55 140
38 197
87 137
52 172
49 125
84 144
100 195
61 174
12 129
54 198
42 193
56 141
4 126
79 107
56 103
21 154
60 119
52 110
58 121
93 144
68 134
31 120
17 176
15 126
80 144
17 190
26 171
83 146
1 138
11 122
44 192
66 161
54 167
64 148
83 112
1 135
4 117
8 137
30 103
76 105
90 119
3 166
40 156
33 164
17 152
88 179
15 200
19 139
100 130
60 108
27 199
79 178
15 186
17 120
1 120
18 135
12 112
94 160
39 177
46 200
74 195
41 149
7 175
64 187
80 194
40 101
4 149
50 181
61 127
97 149
66 112
79 143
48 158
42 192
97 166
14 107
76 188
87 139
99 144
31 178
57 105
97 103
79 148
11 198
14 140
17 198
6 138
39 110
20 164
96 121
92 173
7 104
24 193
4 185
10 164
62 154
32 140
94 129
78 177
74 174
79 177
38 159
92 150
80 108
95 154
5 161
84 176
64 119
37 198
61 134
71 200
68 148
55 137
55 133
22 196
14 136
22 152
12 161
58 130
4 173
57 142
50 199
97 135
18 172
89 188
57 165
10 156
8 108
45 131
79 144
37 189
76 189
75 155
9 163
90 158
100 108
13 143
84 148
17 188
97 131
98 157
56 126
29 136
64 142
6 152
75 183
71 113
43 170
19 164
82 194
187 175
191 175
155 114
60 47
190 101
175 115
199 115
189 103
52 33
59 40
74 59
93 66
91 35
183 126
62 33
191 157
72 46
152 142
100 39
62 26
188 180
155 129
100 94
99 60
190 113
149 120
83 78
184 178
182 118
173 109
193 148
43 9
178 104
190 142
181 139
50 5
79 5
155 143
135 103
177 113
83 79
75 30
86 4
98 40
197 143
70 44
59 46
69 61
167 124
172 147
162 129
186 153
96 68
90 71
71 27
23 14
93 62
171 134
187 136
71 50
133 132
138 113
95 8
144 128
67 33
80 33
159 132
169 102
65 47
86 6
52 8
120 106
80 12
163 119
42 22
184 143
78 70
41 18
40 11
97 13
69 3
61 41
182 163
44 30
157 108
159 112
80 3
151 145
196 171
189 171
47 11
198 175
84 75
185 130
11 7
184 142
177 142
137 116
193 115
194 147
97 95
62 10
16 10
83 33
39 2
96 5
139 120
169 165
74 33
96 61
11 1
114 106
175 174
116 113
68 29
168 164
121 108
114 111
199 130
175 122
76 44
92 73
72 26
188 162
173 143
57 5
144 124
96 12
94 5
200 175
66 56
183 158
168 119
195 178
196 182
141 114
136 135
167 131
92 19
43 14
96 74
99 55
158 122
181 153
43 17
155 153
35 21
50 7
128 126
87 55
192 131
196 141
124 123
74 52
175 106
84 52
154 140
38 6
47 42
141 109
21 19
95 65
96 59
164 139
144 108
175 161
42 37
52 36
72 25
18 12
190 141
133 116
76 27
89 82
163 161
79 37
85 83
93 19
52 15
165 123
70 20
80 25
67 19
89 62
35 13
194 105
86 60
147 145
192 132
79 46
196 112
197 193
193 189
38 7
65 3
190 167
97 80
163 155
86 70
90 14
99 12
130 108
157 153
42 9
184 156
113 102
148 116
91 89
179 120
73 14
191 159
37 19
32 25
171 169
98 10
79 57
51 37
69 28
50 33
190 180
82 27
160 116
132 103
194 174
85 26
159 128
74 23
198 110
73 55
87 13
88 81
199 167
192 162
28 12
125 104
169 128
61 26
76 1
87 18
90 69
173 144
196 119
197 120
185 146
52 3
74 6
36 7
150 101
173 158
143 133
199 168
58 9
87 47
150 130
135 116
167 113
166 108
50 4
155 127
68 8
23 12
74 50
146 130
164 114
169 107
17 11
59 13
61 22
156 119
9 2
200 121
87 23
114 109
46 42
152 120
86 41
138 106
25 8
188 178
127 125
96 70
165 113
65 19
76 56
139 116
154 143
191 169
57 53
50 36
92 6
43 30
42 5
31 14
186 185
95 81
189 157
157 124
161 158
164 121
78 73
131 113
118 110
94 76
64 50
199 171
76 2
27 8
176 126
192 190
48 21
154 101
164 149
68 5
183 170
90 18
62 51
143 116
154 117
96 90
96 11
189 130
12 5
80 73
194 143
151 134
191 124
176 155
191 137
161 157
198 152
134 107
94 71
119 106
90 19
195 192
160 153
156 136
199 103
98 41
100 2
166 125
53 4
118 105
149 106
153 147
96 17
32 15
199 193
191 106
138 120
92 81
24 23
27 5
130 102
180 149
171 161
97 87
47 23
200 126
131 102
180 136
28 24
143 141
137 109
90 87
83 34
139 125
45 15
39 15
47 43
83 47
15 13
93 42
74 44
30 7
88 41
94 30
63 20
194 175
145 128
182 124
76 53
161 109
93 54
94 7
192 133
53 16
100 99
72 23
199 172
82 55
193 109
98 19
63 8
44 29
188 139
152 109
188 123
120 118
194 126
86 59
170 158
34 22
86 42
68 9
53 43
156 101
65 54
80 61
63 49
96 75
81 14
132 105
182 177
146 111
55 25
149 144
42 11
146 124
51 7
92 83
163 136
172 109
145 104
199 129
187 143
53 13
97 81
188 148
177 118
77 47
161 117
100 59
195 141
94 79
165 103
34 13
51 11
155 149
26 22
84 45
94 42
174 155
191 102
137 110
93 83
94 51
157 142
170 112
97 65
60 52
174 108
88 49
24 4
86 73
158 126
162 154
45 40
45 5
178 109
92 75
40 24
169 129
196 120
48 26
90 89
192 129
63 45
184 141
96 54
193 174
53 40
68 48
167 120
166 142
97 85
188 182
169 101
159 136
197 131
30 19
97 66
183 171
71 67
188 144
199 117
89 52
58 53
187 101
171 108
56 49
63 2
78 57
94 1
121 101
185 105
154 109
199 191
90 36
59 21
75 40
164 127
66 40
194 123
198 191
121 110
198 151
80 54
150 140
125 124
62 55
168 137
200 134
192 153
73 6
123 117
121 120
67 9
178 103
100 86
117 111
136 124
123 108
35 8
189 174
182 114
145 132
169 115
129 104
84 13
186 142
183 175
193 130
79 26
71 29
170 146
52 47
87 79
69 2
87 34
148 135
77 44
71 63
125 114
92 59
93 9
144 142
80 32
19 5
63 30
61 29
120 112
99 63
182 138
89 4
37 24
183 133
180 168
190 158
74 11
122 120
50 32
89 64
194 112
31 3
139 106
193 192
90 58
137 118
160 139
49 29
150 107
164 158
81 76
88 58
88 38
136 108
43 2
187 176
162 158
175 144
15 9
161 114
198 166
90 62
88 10
81 48
162 141
59 7
151 104
90 16
143 107
52 17
192 122
98 79
124 110
13 8
100 22
24 7
179 113
153 116
198 130
182 178
86 84
72 57
198 187
145 116
92 39
43 40
169 166
89 81
85 76
46 3
159 118
84 44
192 174
188 179
158 133
75 19
27 13
170 159
161 142
184 127
91 15
52 41
155 108
148 106
80 13
127 110
79 74
51 21
140 132
115 101
136 103
186 140
127 123
183 111
178 133
189 164
189 172
82 71
27 22
191 133
92 48
67 45
148 129
73 36
39 21
91 6
171 102
182 144
188 153
37 12
82 59
146 101
85 61
154 104
42 2
151 107
194 104
171 121
152 125
92 69
130 126
62 60
184 150
24 8
200 112
84 24
154 153
63 58
196 131
74 42
127 106
58 50
197 191
20 11
24 20
182 128
67 65
53 1
192 118
78 44
193 155
186 139
49 48
140 135
169 133
185 121
199 119
177 125
89 78
183 123
16 6
121 105
100 90
80 16
94 93
65 5
137 133
160 132
96 50
157 119
200 151
15 2
178 142
9 1
153 123
146 135
85 48
92 28
81 47
198 106
191 113
80 40
194 117
88 37
85 45
79 18
81 10
198 145
181 111
80 45
154 122
156 127
92 70
180 116
176 140
96 26
163 131
182 176
71 20
75 16
38 30
131 104
92 84
86 12
87 37
98 47
73 3
169 158
87 78
93 24
176 148
128 107
145 119
80 78
165 124
157 148
188 158
59 32
176 114
139 121
66 12
132 115
200 158
32 20
36 3
73 31
91 71
195 119
96 42
161 133
76 23
87 33
188 113
20 9
185 170
90 26
77 24
185 155
133 124
85 44
80 23
75 22
73 51
131 121
87 75
46 8
195 158
87 63
70 16
119 109
94 16
95 69
175 170
79 66
100 4
47 12
197 186
87 53
167 104
189 145
164 161
31 21
66 16
58 4
200 133
133 113
191 132
198 104
153 121
157 135
56 10
190 172
152 130
45 12
152 104
74 51
140 104
36 5
29 9
152 131
104 101
98 13
62 13
41 32
132 126
142 122
27 18
53 44
96 93
164 144
149 129
200 153
175 105
58 49
182 152
195 110
144 139
173 121
71 59
199 187
81 61
62 46
127 112
38 28
185 133
200 185
34 6
54 10
172 118
29 3
69 66
188 128
149 122
39 10
174 113
90 65
97 46
199 184
70 52
190 159
88 45
20 7
191 109
97 41
163 104
142 112
148 119
62 16
130 103
173 169
171 113
158 144
199 124
53 14
60 5
71 22
161 154
74 39
199 139
100 41
179 167
167 121
195 135
187 167
180 111
82 67
172 111
148 144
186 157
156 129
97 90
42 18
57 40
200 193
159 145
129 107
97 78
159 122
93 26
36 25
183 166
171 110
116 114
188 165
106 102
20 12
51 26
96 16
200 142
187 171
145 127
175 150
92 1
88 71
177 122
45 16
171 109
186 175
120 116
47 9
9 3
199 146
56 31
193 179
54 49
181 125
91 86
41 31
166 138
92 2
190 143
100 15
165 119
54 48
183 180
66 29
138 116
187 132
84 50
134 111
183 136
68 37
62 21
188 156
84 2
86 29
162 119
92 32
99 49
34 3
39 22
195 145
184 128
90 60
196 188
73 43
177 117
179 174
92 61
35 28
163 142
63 6
196 102
28 27
114 110
40 26
56 5
167 156
190 187
81 69
167 150
181 168
95 89
95 64
128 116
62 20
133 130
136 119
174 105
122 117
148 111
181 161
88 18
77 70
70 46
182 137
150 105
190 149
186 127
193 163
154 111
100 87
174 156
186 104
174 153
70 55
172 151
200 186
151 138
188 169
182 166
168 127
88 54
64 27
157 141
99 19
110 103
98 89
69 50
77 32
88 82
187 124
28 8
79 76
193 176
184 122
75 18
184 106
95 43
45 7
97 53
80 50
179 128
27 24
180 158
167 111
78 51
47 33
162 144
185 122
36 30
89 18
46 28
195 152
175 155
107 106
117 114
44 21
72 37
65 37
176 164
46 13
83 37
79 23
153 115
74 9
190 103
76 54
184 102
66 64
159 137
159 148
48 44
192 105
85 81
73 18
79 31
36 32
72 9
149 125
64 11
43 27
185 113
132 119
91 84
90 67
197 152
49 43
130 109
196 148
200 184
159 138
151 125
64 31
144 105
36 34
87 14
171 148
183 131
183 122
83 11
194 113
154 129
161 152
167 153
164 159
90 57
95 10
147 105
182 150
191 121
140 101
44 15
75 24
36 21
53 22
194 151
51 9
129 118
70 7
52 32
29 12
97 44
169 122
74 65
58 40
55 38
168 146
176 174
57 8
144 126
11 9
14 13
65 63
165 160
79 38
44 6
72 39
69 63
117 113
149 124
50 15
172 144
137 134
140 126
98 94
180 113
75 21
76 73
158 145
82 26
60 8
98 17
87 45
24 11
65 43
94 40
179 132
90 42
113 111
190 127
197 147
187 111
51 14
97 76
199 155
76 61
90 47
76 10
48 38
84 30
199 134
74 15
92 30
58 23
157 136
181 132
182 106
55 4
147 140
163 125
3 2
196 174
49 39
58 22
198 118
37 36
51 18
24 2
64 61
197 157
193 181
143 138
91 36
60 15
20 17
89 51
166 148
119 114
84 28
71 61
26 7
22 16
33 8
78 27
151 103
61 49
88 21
77 15
162 110
66 58
70 36
21 1
111 105
35 4
177 137
18 4
56 22
199 161
88 76
167 152
28 4
199 180
75 10
91 4
142 132
34 29
55 32
64 13
51 6
198 174
134 115
172 137
165 142
100 56
184 119
99 64
163 101
67 38
16 12
144 143
121 114
83 82
153 124
180 117
83 20
82 22
100 62
82 31
68 61
89 76
70 65
66 25
68 18
195 121
94 61
195 174
22 14
92 4
198 137
95 16
77 63
198 184
115 113
126 116
93 6
73 46
86 30
88 34
183 114
186 162
61 33
30 29
176 124
41 21
179 157
192 134
192 110
138 101
139 130
98 32
26 20
100 37
26 12
59 42
77 66
189 184
69 64
20 16
64 14
156 113
50 35
27 3
69 8
50 42
195 156
91 53
132 107
126 112
164 110
182 131
193 166
150 139
153 151
45 35
94 31
66 18
83 68
118 103
100 11
149 135
98 78
156 140
18 7
199 143
151 101
57 56
35 10
95 45
83 39
157 111
99 79
62 37
138 112
165 107
198 143
48 37
164 138
176 132
181 140
77 74
197 138
140 105
186 118
196 191
190 122
99 98
65 14
81 6
74 62
181 116
195 149
93 58
36 20
164 124
39 5
67 49
77 4
41 8
131 116
171 135
187 129
86 81
53 18
123 109
54 9
100 66
156 116
179 171
100 43
58 54
49 5
139 133
135 118
69 34
75 12
194 116
75 38
56 23
26 6
190 128
59 57
190 160
168 106
147 129
13 2
97 52
34 12
122 106
166 111
173 159
143 129
174 154
121 119
87 56
184 118
182 120
175 140
199 113
188 141
128 118
99 15
35 7
181 106
186 135
196 121
112 108
93 13
161 131
99 72
183 163
48 29
188 116
58 2
109 101
85 11
23 4
183 154
139 135
164 151
70 34
11 4
69 35
83 66
52 14
52 5
169 136
93 77
200 145
32 14
75 59
64 15
96 1
7 1
73 8
13 11
169 167
120 115
85 34
79 78
71 55
194 182
94 78
116 115
96 47
168 117
28 21
197 153
65 50
77 33
105 101
197 122
187 123
57 49
41 40
51 33
65 16
184 158
46 16
57 1
21 18
73 56
96 55
53 2
18 10
148 110
126 121
87 72
169 157
165 121
194 135
67 21
49 18
161 107
196 132
157 139
176 102
157 109
43 38
94 66
95 46
164 103
43 16
78 24
94 14
76 45
94 69
9 8
61 45
183 102
68 38
155 128
196 136
168 144
199 105
28 6
161 115
117 116
55 31
196 124
116 102
55 44
98 71
98 52
168 132
196 189
12 10
10 3
33 2
176 149
167 126
95 76
198 140
166 136
183 135
180 143
67 50
88 42
85 19
157 110
61 59
193 120
153 126
77 10
68 6
22 20
51 43
89 48
97 9
98 55
44 10
157 122
175 149
152 105
9 6
190 169
137 111
29 4
79 13
68 15
68 30
199 128
12 1
147 104
196 184
197 168
45 43
156 141
175 164
79 43
173 123
155 137
55 1
44 7
185 120
11 10
175 172
32 13
194 161
23 15
66 28
161 135
90 48
196 138
148 137
72 17
193 167
66 50
152 139
178 143
177 123
189 182
128 114
85 27
87 35
82 12
77 25
123 121
185 117
39 28
60 27
184 133
164 130
10 2
152 137
197 161
175 131
74 21
192 146
57 50
175 110
94 12
42 21
184 138
53 32
90 39
26 18
81 60
56 45
90 8
47 5
163 162
165 126
193 146
80 8
179 165
189 107
143 131
93 38
66 34
63 56
121 109
100 73
150 134
49 20
200 170
179 133
9 5
162 113
19 8
108 103
166 152
197 118
87 54
81 58
185 116
185 118
110 109
83 19
70 67
200 162
198 126
157 149
30 10
181 119
144 106
88 25
81 45
186 109
44 22
117 112
40 23
23 13
62 28
76 46
31 7
174 144
57 37
54 23
194 169
100 36
89 11
44 39
178 110
180 106
195 104
24 21
142 119
146 136
71 31
143 125
143 120
161 129
194 119
38 4
85 55
169 109
88 56
138 114
183 139
96 82
58 41
131 118
159 158
190 165
90 66
82 7
153 140
33 29
27 14
170 136
196 193
97 88
148 142
83 14
161 156
46 32
70 64
78 34
176 123
151 148
75 48
151 112
95 39
174 143
84 78
192 106
93 7
85 32
127 126
52 10
76 64
59 25
83 43
99 70
52 48
97 25
82 73
165 128
42 10
81 54
37 17
98 4
191 172
190 175
80 48
133 125
148 139
57 31
144 115
118 104
94 23
89 67
43 41
142 127
181 101
55 42
179 178
154 105
173 117
177 144
194 188
82 38
49 41
58 56
198 128
45 34
76 39
59 41
185 119
175 137
194 179
180 159
99 45
31 2
147 114
81 59
177 134
189 125
198 159
56 29
171 167
180 166
182 179
64 29
96 4
157 140
57 22
139 131
93 45
169 137
89 88
181 154
50 29
97 55
168 126
166 115
186 182
93 73
162 112
87 51
78 32
97 84
138 132
68 54
87 9
187 103
48 23
145 118
180 179
100 98
197 110
39 13
53 29
92 65
185 143
132 121
142 141
153 103
187 122
81 24
184 105
77 67
58 7
176 160
162 147
76 18
135 134
96 18
96 89
35 33
100 92
200 149
85 56
76 55
85 75
191 173
178 129
188 122
62 58
140 121
46 34
145 110
186 151
129 111
195 106
56 54
53 37
73 15
48 22
93 65
131 120
185 137
60 6
182 164
178 154
78 11
71 68
175 151
130 104
177 129
185 144
127 103
135 117
145 136
79 63
84 36
172 136
178 165
126 113
96 37
124 122
177 161
70 48
90 59
165 108
60 10
185 178
169 134
181 151
172 133
192 160
172 163
187 170
122 103
196 173
59 11
29 17
121 111
97 40
185 158
118 113
198 163
78 55
79 41
25 17
160 157
73 30
45 1
99 3
95 55
170 115
187 128
25 11
173 160
49 21
136 109
175 169
187 139
72 44
43 33
150 127
187 110
47 28
29 25
156 115
64 46
77 45
200 131
200 167
29 8
86 72
164 115
140 120
172 154
39 6
81 70
91 81
143 111
89 35
173 140
140 115
191 187
14 8
150 106
77 73
200 117
152 146
62 15
173 114
88 7
80 34
80 76
80 43
147 121
131 124
191 105
167 165
95 15
130 127
45 33
84 51
171 147
70 51
125 102
143 126
157 154
76 43
191 155
180 150
96 15
177 176
195 123
161 122
43 25
163 108
90 27
97 58
48 35
66 42
96 10
147 124
147 109
35 19
72 29
87 84
85 42
112 107
181 152
178 122
86 85
172 110
181 126
158 127
141 104
79 64
153 101
152 134
185 152
199 125
36 16
170 149
91 72
81 37
190 114
59 51
173 132
164 120
73 29
136 104
173 134
195 127
142 101
65 38
153 102
190 120
160 146
116 108
72 30
183 177
165 138
51 49
24 1
22 5
96 76
85 4
86 21
157 129
181 141
54 2
56 52
65 10
196 146
184 181
164 126
85 77
20 2
76 42
89 6
92 91
82 60
88 60
93 22
25 15
175 104
81 77
29 21
184 110
180 107
157 121
191 112
58 29
70 1
193 106
188 183
194 107
92 63
149 123
134 119
159 123
197 125
193 125
79 40
67 32
114 112
124 104
84 72
90 38
51 1
75 33
80 14
116 104
90 53
21 12
140 113
187 152
149 139
