200 10000
2 122
36 177
80 153
47 122
69 179
10 180
57 190
84 150
43 124
10 186
28 133
25 167
85 153
79 180
57 195
46 147
14 131
89 195
22 130
46 177
37 149
78 143
33 156
93 168
37 183
78 127
5 176
13 185
43 191
81 130
47 165
91 179
85 181
22 148
1 171
97 183
74 174
81 132
4 172
50 170
69 177
76 157
53 197
67 125
79 177
26 200
97 171
7 115
44 141
28 153
22 175
32 126
39 107
48 140
86 134
32 135
72 107
24 161
55 199
36 154
24 163
53 153
60 174
40 111
10 119
74 116
8 170
76 147
95 177
14 118
98 185
56 170
39 121
17 136
3 187
48 104
11 111
30 154
57 138
63 137
31 115
67 180
40 200
16 101
74 125
26 129
57 150
14 146
7 184
92 170
8 103
24 191
8 165
5 141
28 112
10 149
30 198
61 171
83 103
62 147
76 175
51 162
90 188
70 110
72 123
46 144
32 165
41 163
22 182
71 152
55 129
87 191
66 187
68 130
86 179
7 129
28 146
13 175
80 154
10 103
78 115
55 145
45 185
14 101
18 171
8 197
29 124
85 170
20 184
59 184
26 183
78 171
12 132
31 102
5 185
43 107
74 132
75 137
74 126
93 182
56 176
16 190
58 109
23 199
9 154
45 112
36 171
59 124
84 118
56 169
34 198
90 139
17 117
51 177
30 122
62 108
29 133
45 117
46 168
11 125
22 115
72 125
71 183
63 144
83 115
92 184
24 178
22 190
94 159
54 138
87 188
84 132
10 116
62 139
98 103
19 121
3 157
57 172
67 129
43 185
52 160
35 141
26 167
62 143
14 151
7 157
79 164
56 114
90 123
38 136
31 109
64 109
24 177
85 177
30 157
90 181
82 118
14 150
63 108
1 164
65 130
93 187
24 187
15 147
92 185
74 169
32 110
57 116
50 155
55 113
56 128
96 157
71 136
7 105
2 130
52 149
84 174
100 156
33 137
38 125
35 114
67 149
16 119
48 173
9 105
64 199
23 171
2 193
91 156
97 162
72 131
39 190
72 200
8 157
95 147
28 102
90 184
89 158
51 187
2 110
27 189
6 155
16 145
3 190
16 118
8 174
24 129
41 150
57 189
10 200
10 184
29 123
43 156
93 189
10 122
33 176
7 106
65 157
85 195
12 104
9 164
78 200
23 146
67 195
97 180
38 199
96 116
44 131
22 151
70 176
5 160
18 135
18 101
47 178
30 166
98 173
43 176
11 196
64 171
13 119
38 127
96 136
37 114
13 158
54 192
12 151
8 161
45 131
57 169
48 126
72 147
15 173
12 113
22 180
23 121
3 175
72 113
14 121
1 156
3 198
17 142
27 157
65 147
66 177
7 185
60 116
32 129
16 186
41 156
25 126
17 177
19 156
40 118
92 171
58 149
15 153
52 138
9 167
4 168
100 134
50 167
31 191
23 187
50 171
23 120
87 106
4 161
44 184
81 176
91 126
42 191
99 182
46 162
63 192
70 142
40 173
75 115
34 127
64 110
50 109
97 106
88 161
8 160
99 113
64 151
7 147
73 187
88 148
19 122
64 165
64 176
48 177
77 111
25 148
100 132
55 140
94 148
93 125
25 142
88 127
24 168
8 122
63 129
13 132
5 148
72 195
29 186
25 200
68 177
34 133
8 164
85 136
100 139
56 165
85 154
9 165
59 138
41 157
96 153
36 105
78 145
7 187
9 173
36 132
12 123
30 155
24 149
44 130
88 184
81 181
92 147
20 183
28 192
13 167
27 194
48 135
70 106
77 112
22 112
12 134
39 120
51 152
80 168
34 104
2 150
40 191
25 131
88 189
13 151
76 156
3 193
92 193
99 168
43 137
39 160
27 137
51 169
25 196
65 194
34 116
77 163
80 124
76 173
1 175
63 150
1 200
38 187
87 142
52 143
43 125
61 108
80 120
27 117
59 166
16 157
92 105
99 104
68 197
32 146
46 108
96 144
64 133
23 139
34 129
14 111
66 143
2 117
94 107
77 188
29 199
63 197
22 110
74 194
86 149
85 199
45 103
33 153
70 149
2 105
31 123
19 131
47 143
81 131
87 137
92 122
73 113
18 134
31 169
44 165
23 118
57 163
98 106
54 122
22 178
43 199
10 185
17 115
36 178
88 107
33 115
76 117
79 138
61 197
54 128
44 175
44 194
50 136
60 189
62 103
91 134
14 133
81 124
49 187
5 153
53 128
95 103
46 131
52 162
28 179
20 134
28 106
66 155
73 174
38 156
12 118
94 189
86 141
79 144
89 131
34 187
36 161
70 174
10 143
81 143
51 103
42 168
5 112
18 123
86 168
26 195
100 108
94 153
71 193
33 147
86 107
15 109
58 114
53 133
45 116
63 171
61 134
32 130
37 168
58 134
34 135
37 144
71 182
84 137
64 122
95 149
50 185
1 176
33 132
59 177
58 192
90 152
42 137
76 114
28 162
60 143
14 177
96 119
56 172
41 104
45 199
25 170
20 195
86 112
41 200
18 132
94 120
53 104
75 156
82 173
64 166
100 171
91 163
62 186
16 169
63 154
42 198
99 116
67 194
90 134
16 191
61 162
47 107
70 179
6 146
17 160
84 114
75 112
2 182
8 143
79 143
76 155
8 136
49 178
14 113
76 179
52 127
97 136
26 150
99 185
72 146
55 146
41 137
19 134
9 101
86 152
13 173
37 147
12 128
37 187
52 110
47 157
82 195
25 117
78 196
33 177
29 120
84 133
98 107
88 193
9 144
18 143
77 137
90 158
70 157
3 136
68 126
41 185
98 113
19 102
66 196
62 109
53 122
12 115
96 102
94 108
38 159
55 183
78 197
96 160
45 134
36 185
16 132
92 179
79 194
93 113
64 169
19 188
27 102
11 116
86 196
10 135
80 121
21 170
26 127
90 114
78 157
31 105
58 199
82 171
23 142
36 173
62 188
22 142
99 145
10 195
76 112
73 105
61 176
46 176
35 172
19 144
24 104
54 119
91 102
78 168
95 118
67 116
46 128
20 140
23 137
68 105
49 106
74 163
40 185
67 171
1 137
29 175
44 145
61 120
64 118
30 119
46 173
6 187
81 142
52 195
91 131
49 164
46 123
36 183
45 108
81 102
55 151
3 177
8 111
42 117
50 102
65 115
12 105
49 194
14 143
95 126
99 102
6 171
69 104
98 180
17 172
96 194
69 160
30 130
26 117
88 146
50 116
66 164
24 145
55 120
47 164
47 115
72 141
83 159
19 178
31 145
89 134
90 102
40 131
54 134
100 144
84 124
63 181
51 119
14 137
61 183
25 163
5 126
64 187
15 123
92 134
57 137
45 107
51 195
11 178
20 181
100 104
3 128
56 200
75 151
56 186
17 106
79 198
49 162
67 133
74 105
95 167
52 104
86 121
58 196
60 152
55 126
9 184
10 167
31 141
48 196
64 137
33 197
52 187
31 133
20 111
76 196
20 127
63 147
44 138
51 138
78 106
82 172
25 199
54 125
1 142
14 134
75 127
97 127
90 112
46 187
53 164
58 170
20 174
27 149
43 196
16 165
87 136
56 130
95 190
27 154
62 105
16 126
83 128
66 168
18 183
2 199
42 170
22 169
90 113
23 113
71 197
47 172
32 137
3 133
28 117
6 159
77 162
94 117
60 159
91 200
7 123
4 130
79 159
63 170
86 108
57 148
39 198
53 175
38 189
4 146
53 157
51 185
65 104
30 171
18 139
18 189
5 198
91 143
87 107
49 177
68 133
20 108
67 109
53 154
36 188
45 109
83 181
29 163
47 168
94 104
80 182
14 125
92 142
95 140
40 168
82 120
72 178
19 128
71 134
7 107
96 163
26 107
87 109
11 167
9 153
24 113
99 171
68 179
63 199
13 179
94 119
56 189
38 110
22 118
78 123
32 193
57 158
5 182
98 126
54 111
86 109
39 183
66 197
79 146
42 143
30 120
31 149
6 140
19 139
62 119
13 190
59 128
69 159
93 142
93 196
31 185
70 166
33 178
12 117
36 108
96 137
47 106
36 187
71 137
54 157
60 193
7 124
61 111
8 187
82 199
79 181
98 195
44 151
91 157
23 145
13 192
99 133
69 198
32 198
53 140
78 114
18 127
30 153
78 110
8 101
18 165
2 109
82 168
96 133
95 130
30 197
99 125
39 196
89 116
80 142
63 157
27 172
22 144
87 154
9 159
24 130
69 186
41 161
26 106
59 104
49 116
85 192
38 122
17 141
93 141
77 149
58 152
44 172
80 187
3 167
49 113
34 181
46 157
10 129
44 158
8 173
77 178
77 145
52 178
91 117
46 155
66 121
56 199
77 105
71 176
45 118
69 162
16 113
53 111
23 107
61 191
94 170
35 190
18 180
11 190
21 193
66 117
83 116
50 131
10 151
75 174
35 116
88 169
49 128
32 115
79 104
78 134
39 153
82 164
25 188
32 125
92 125
25 144
96 143
32 162
8 186
57 103
69 182
94 162
99 160
39 118
59 171
5 183
38 128
100 178
40 194
77 177
86 146
61 160
32 192
57 173
19 153
33 199
48 167
54 123
97 196
63 122
88 134
26 115
82 130
40 140
58 137
35 170
33 106
52 194
77 110
2 146
79 162
100 181
92 158
77 116
83 183
34 190
29 138
23 155
95 119
94 180
66 180
73 124
13 120
44 196
67 142
61 106
83 123
58 164
77 143
42 194
21 178
64 146
44 186
58 117
93 143
86 187
71 104
93 126
41 196
54 199
56 164
42 182
15 116
89 102
91 155
88 175
21 129
93 110
6 110
15 130
80 160
62 124
2 126
82 106
97 182
46 165
43 166
86 164
59 191
34 144
93 193
64 112
36 131
73 149
12 138
47 149
4 148
96 189
77 141
44 179
85 146
66 154
70 185
24 185
58 165
89 130
83 140
65 107
68 106
1 149
60 184
13 160
68 112
71 180
65 172
82 198
98 168
23 165
100 188
30 143
92 114
57 179
9 197
33 165
73 103
28 159
55 190
16 149
5 190
55 194
76 140
12 124
82 112
64 119
48 128
33 198
70 195
21 120
61 127
67 131
43 164
5 181
18 150
13 154
64 116
37 148
57 109
63 183
71 138
57 140
39 101
60 183
56 110
81 136
58 136
72 156
6 200
36 169
80 158
58 106
88 154
97 120
36 153
20 175
87 190
38 151
76 150
24 141
21 152
97 126
50 156
8 190
18 106
9 189
39 168
80 104
84 187
76 129
38 116
59 115
36 112
64 178
12 194
56 146
28 111
100 153
57 176
18 113
7 163
61 110
49 188
65 191
96 150
71 173
51 161
37 131
21 156
68 134
2 184
29 114
78 108
79 106
12 179
43 175
71 177
36 179
42 193
95 162
26 146
58 161
46 171
8 176
33 148
79 175
47 183
47 173
38 198
8 159
1 170
17 189
83 161
6 163
69 102
60 121
66 120
34 148
26 135
18 133
52 146
52 199
57 117
3 162
26 173
93 103
96 177
80 107
22 196
84 173
35 157
73 123
90 141
12 114
86 190
88 196
11 134
18 175
66 162
14 115
25 155
83 138
97 158
4 140
67 137
12 146
27 165
5 110
46 197
51 178
93 172
68 160
46 189
71 148
85 124
64 125
5 154
58 138
22 114
57 133
36 190
28 171
99 108
49 197
97 199
49 167
59 159
56 117
82 138
5 123
59 127
8 171
55 150
75 180
49 111
21 145
46 119
82 109
48 150
19 124
47 123
88 162
75 133
6 125
53 185
37 199
58 119
30 178
51 107
34 137
40 119
99 152
17 174
46 169
77 132
81 199
6 167
66 118
73 178
90 146
74 175
44 163
41 166
16 167
79 103
3 106
75 126
55 148
50 196
85 159
100 147
50 142
39 200
39 175
38 179
55 184
74 134
74 159
79 139
35 130
26 182
25 175
41 105
24 111
12 171
2 119
16 178
75 104
42 160
42 132
74 165
21 110
2 153
43 189
25 115
91 115
42 150
41 123
57 177
23 189
37 126
59 192
79 137
46 152
10 124
21 189
99 146
97 121
3 103
58 108
86 110
89 125
68 148
67 174
40 166
86 173
5 144
28 130
38 192
41 140
91 198
100 200
81 170
4 112
97 184
76 105
89 141
7 132
62 106
60 127
15 188
70 115
50 179
84 130
42 129
88 173
30 165
98 108
79 188
75 150
65 108
39 105
98 139
57 130
59 123
19 168
98 152
50 101
17 129
9 182
2 116
92 159
23 184
28 157
43 122
67 170
68 138
4 196
2 162
60 150
98 158
4 192
39 130
49 185
7 122
9 171
16 146
29 127
88 108
68 185
51 126
48 124
7 172
17 198
40 104
87 117
99 156
54 107
35 160
17 121
8 107
52 136
44 162
65 131
47 190
8 125
15 113
79 157
36 156
41 198
41 129
38 131
8 110
11 191
18 182
44 188
26 144
87 194
18 142
77 104
61 141
68 155
50 130
41 125
12 141
51 136
25 139
22 167
34 140
78 148
37 188
1 188
13 168
50 186
21 135
86 159
37 157
56 183
13 118
6 126
11 103
46 161
24 138
97 197
42 171
88 133
37 110
79 114
6 168
3 124
22 124
80 129
85 130
90 149
86 102
48 153
39 191
59 179
98 189
49 175
35 180
30 140
69 194
90 147
20 124
28 105
67 144
21 125
85 115
2 137
15 134
62 180
90 133
8 178
25 146
66 149
23 127
68 121
30 186
30 103
68 196
73 150
59 188
68 166
40 105
98 157
33 120
74 148
59 142
82 102
85 112
37 179
52 126
92 107
86 140
84 108
49 152
57 183
85 188
67 166
93 104
99 138
61 135
14 188
54 197
73 101
10 117
9 123
97 153
97 147
74 152
15 110
16 130
86 117
33 127
36 198
32 157
50 199
100 113
100 179
98 172
52 186
34 156
99 159
48 192
57 124
85 200
70 134
39 134
28 196
24 152
80 105
73 156
25 152
1 186
28 140
86 162
90 175
6 102
90 183
34 165
54 154
31 134
55 121
74 106
19 155
76 110
67 107
40 126
77 186
43 150
5 132
96 172
23 151
35 105
40 113
76 108
79 193
83 102
15 168
49 200
11 152
41 170
95 115
70 125
2 163
98 141
96 151
3 156
35 104
38 153
87 114
18 130
47 129
17 133
78 104
83 196
2 136
10 165
43 123
87 146
80 137
72 124
4 175
91 195
95 111
89 196
22 146
61 118
15 198
9 199
25 157
88 188
68 147
63 153
74 187
26 109
89 129
15 190
31 128
11 109
98 200
25 198
40 150
52 174
12 164
18 153
95 109
9 121
4 110
53 160
32 144
64 139
50 134
75 164
7 194
47 128
28 155
37 191
15 156
16 117
76 163
93 120
71 190
9 141
5 159
79 121
89 113
80 117
29 191
85 119
70 141
62 132
45 119
68 171
82 124
75 135
44 126
76 139
94 184
72 153
92 166
23 116
84 165
94 130
27 177
28 178
56 159
28 148
70 107
50 177
94 178
70 133
69 150
39 152
24 140
1 191
35 127
89 123
8 130
52 163
53 150
62 138
25 116
58 186
87 141
44 180
68 191
30 115
8 108
98 135
92 110
45 196
11 195
16 147
99 134
97 132
4 178
69 138
5 163
46 163
95 172
88 139
29 129
86 160
99 186
14 159
23 176
1 118
1 103
55 166
57 107
37 119
70 136
63 123
55 195
64 190
83 155
37 152
57 132
60 185
26 166
77 174
12 193
100 151
82 125
10 173
2 169
65 124
34 123
68 173
54 180
97 140
87 132
98 137
48 197
26 172
45 163
87 128
49 138
43 197
75 184
60 137
49 148
62 167
100 189
93 198
30 194
88 106
55 173
60 163
21 177
94 142
30 200
4 186
72 185
37 127
2 165
42 102
44 103
52 192
80 156
76 143
20 139
24 199
54 114
68 122
2 170
34 106
60 109
100 167
92 113
33 194
40 189
36 114
7 170
18 122
50 158
64 130
87 186
81 109
76 199
39 147
97 187
62 111
34 161
64 192
53 188
58 113
12 173
25 127
74 157
48 199
14 127
66 171
74 107
39 192
18 141
4 159
56 135
25 145
54 152
84 121
100 169
35 188
55 109
81 122
53 177
47 188
1 124
93 181
68 195
100 135
28 169
89 172
43 171
6 153
83 151
45 106
74 190
62 112
10 155
45 149
54 124
44 189
40 161
29 141
40 139
20 182
3 194
45 184
97 175
29 122
31 151
62 171
75 105
96 184
5 149
81 186
36 103
64 186
96 179
87 196
39 155
97 108
53 113
66 126
76 130
10 156
53 196
48 195
25 180
100 109
46 145
49 103
55 124
7 120
21 180
6 195
4 162
85 113
74 168
5 128
51 165
67 186
2 132
88 103
88 125
77 165
54 115
29 139
33 162
42 142
16 185
28 145
35 181
78 193
42 187
65 181
87 108
94 140
49 160
71 113
19 160
40 149
65 102
95 173
24 196
95 112
68 154
16 122
4 184
18 161
62 130
68 108
42 190
52 171
44 123
52 114
72 188
74 180
31 164
37 137
1 128
98 118
66 113
40 193
47 162
77 118
49 174
57 141
50 127
28 107
65 187
4 181
55 182
94 182
83 175
69 120
89 112
34 113
46 122
3 181
83 122
43 116
15 133
12 145
83 157
69 189
34 128
97 124
4 174
92 103
39 139
46 192
26 165
59 122
69 165
54 182
41 177
15 136
68 180
90 179
59 196
40 115
28 164
4 121
62 170
55 133
10 182
45 189
91 106
80 163
73 199
37 167
6 199
56 160
8 133
95 157
58 179
67 138
31 180
72 129
24 197
13 186
30 126
27 104
69 139
15 141
68 111
63 116
60 111
24 107
4 123
24 105
95 183
78 122
15 129
65 171
74 156
59 148
29 153
88 185
41 165
41 106
94 183
48 154
96 129
42 133
48 181
10 169
6 113
91 178
84 151
38 126
12 142
92 144
95 131
12 110
56 188
33 145
49 151
89 119
79 148
36 134
28 114
14 148
36 109
86 105
84 139
95 185
9 102
53 125
13 157
95 155
68 101
33 114
69 115
94 129
62 159
24 101
69 140
28 134
79 165
19 190
90 129
49 154
9 134
43 162
60 168
93 199
56 171
55 136
62 144
53 191
77 182
3 180
1 189
20 119
98 159
31 173
98 175
34 132
88 138
28 191
71 187
41 109
66 184
91 114
44 143
45 114
90 125
93 134
29 116
26 199
65 158
89 180
95 104
21 147
40 109
9 146
88 187
85 132
79 130
31 150
56 105
73 125
91 136
78 119
43 134
3 134
63 136
45 146
46 160
81 174
73 190
22 111
5 147
4 167
51 109
78 138
63 155
39 182
70 164
1 199
4 141
16 192
19 196
24 183
47 144
93 131
57 145
2 174
1 190
84 115
54 177
80 139
72 176
45 155
69 134
89 188
24 169
9 137
73 167
100 184
30 162
39 176
59 117
6 192
3 196
27 163
76 161
48 170
20 200
1 195
47 186
79 168
30 136
68 200
24 117
78 101
78 182
81 169
3 126
46 193
39 148
38 129
76 125
91 184
63 190
84 113
79 192
3 112
89 148
59 107
22 197
69 143
76 111
86 166
48 137
80 179
7 127
29 155
52 164
51 164
79 111
36 151
18 126
28 170
86 136
69 157
79 171
94 139
4 177
79 169
11 142
7 174
66 115
41 154
76 174
8 150
79 178
34 103
30 144
3 165
4 128
98 110
33 171
5 164
1 132
7 146
49 122
36 137
69 151
54 133
7 130
66 109
59 167
19 189
93 135
71 174
24 125
19 185
78 162
96 169
63 134
87 199
1 116
5 155
60 178
84 163
7 150
76 198
48 166
8 199
26 116
59 195
79 187
77 198
90 127
5 125
27 108
76 123
75 107
54 164
8 123
57 167
53 174
34 142
23 102
4 154
62 175
94 195
41 149
12 127
22 128
72 166
70 190
89 179
16 176
27 167
36 111
29 195
12 135
91 162
72 165
71 198
87 183
70 109
25 191
5 116
40 177
55 134
72 112
69 158
83 179
46 156
23 132
31 175
97 156
65 135
96 117
38 124
51 155
36 165
25 123
57 155
36 160
88 122
74 110
65 139
95 171
34 179
81 149
16 194
10 188
20 162
28 150
49 198
95 194
31 118
56 178
19 172
91 109
70 182
20 152
62 193
5 168
39 199
80 145
81 178
56 123
13 115
75 173
11 198
82 157
97 115
35 121
83 120
100 194
87 135
30 133
50 119
80 130
56 161
92 178
13 144
92 149
43 139
10 128
30 142
57 110
87 162
62 133
78 178
52 158
61 105
43 117
50 121
33 108
4 185
3 164
82 139
50 150
14 138
93 115
26 124
9 149
24 158
16 195
79 119
51 160
2 152
57 101
85 123
88 147
20 116
53 136
94 116
42 128
86 177
52 115
44 150
12 154
14 103
21 179
76 160
85 141
7 119
52 168
5 166
60 169
28 187
68 194
47 166
95 143
88 135
60 158
29 136
84 136
16 124
87 160
76 164
76 200
4 170
99 181
15 182
94 160
84 192
87 143
11 121
84 166
76 121
48 145
77 129
6 106
97 188
89 199
39 189
3 195
45 157
28 149
50 125
44 182
13 147
40 153
92 181
2 198
35 158
69 106
75 132
51 189
40 155
27 175
93 179
69 144
62 120
31 174
74 192
85 161
64 120
93 116
58 135
85 157
86 148
71 179
12 109
75 134
43 174
13 112
16 158
83 142
45 148
6 144
59 187
53 105
85 101
42 118
38 135
95 121
81 140
26 159
70 156
56 184
97 174
84 189
32 179
72 167
9 117
25 176
20 104
89 140
22 104
34 176
59 119
38 146
90 151
99 121
87 113
87 155
78 160
36 163
64 148
58 133
33 150
21 139
75 145
81 191
90 163
27 153
38 181
56 137
34 177
94 134
36 152
33 196
81 112
81 151
71 146
45 140
52 112
24 170
64 129
98 101
14 173
8 172
97 130
93 166
66 170
45 153
84 143
87 110
3 118
72 134
56 136
42 152
9 161
69 124
56 156
53 131
25 164
47 169
6 182
49 192
98 127
60 117
24 165
89 175
49 199
12 200
7 134
7 175
15 152
21 173
53 183
33 105
16 172
69 153
24 109
35 164
17 176
37 162
10 152
22 191
69 125
77 147
37 193
86 111
40 101
1 136
89 167
61 144
71 172
22 127
50 141
18 186
89 150
92 195
84 128
60 120
31 110
77 115
89 127
3 152
18 166
63 115
53 112
63 128
52 198
74 181
12 121
56 138
13 102
97 186
44 101
52 156
71 169
82 126
37 101
66 106
39 122
1 162
75 102
75 125
63 110
39 163
41 173
41 155
26 180
17 163
21 158
70 199
43 131
1 192
16 128
63 166
46 141
67 175
2 135
39 154
22 189
15 115
3 115
68 184
41 167
48 146
67 106
9 185
83 163
96 125
20 180
12 160
41 120
52 165
68 178
83 152
56 139
90 109
22 150
73 164
17 194
61 107
56 140
88 114
5 172
81 180
17 143
47 179
83 147
84 181
50 159
34 119
62 128
25 186
90 143
26 186
75 120
23 131
39 161
76 134
64 104
28 175
86 116
94 147
85 125
30 107
10 146
42 145
40 127
57 143
8 149
36 136
97 160
70 124
65 149
71 188
90 154
42 103
62 102
64 177
29 149
83 158
69 148
4 108
88 156
70 200
28 138
59 153
64 179
49 183
36 189
93 192
2 151
37 176
90 138
80 186
33 113
93 117
74 129
68 164
27 162
35 153
19 166
85 118
45 141
43 187
66 191
15 158
86 120
96 192
53 103
73 159
13 165
49 144
77 196
2 194
78 124
87 167
85 110
34 171
32 127
52 122
75 169
28 182
17 134
43 193
54 146
86 161
89 132
35 131
9 114
69 191
77 187
36 122
58 185
86 186
74 199
98 138
71 125
6 108
22 106
33 123
72 126
32 134
3 129
66 112
84 158
81 133
82 196
44 108
12 122
64 161
34 184
22 126
57 128
71 145
65 153
48 182
88 140
85 175
64 167
89 160
28 183
43 153
5 127
10 190
81 165
76 137
26 193
100 165
76 170
18 108
85 150
34 197
20 150
100 111
63 193
57 120
65 143
58 189
92 133
89 144
64 121
40 167
71 128
82 128
63 189
59 185
95 151
43 195
91 148
86 176
37 139
88 194
76 107
2 115
94 137
77 113
62 141
53 151
44 111
91 101
6 188
69 169
35 185
68 127
33 140
44 116
52 140
32 178
43 181
22 161
6 138
79 199
76 167
64 170
89 149
27 197
31 171
98 143
93 127
53 135
91 189
25 105
76 191
20 118
83 195
24 193
81 163
93 154
96 193
18 177
66 123
67 124
83 131
86 154
91 133
4 105
68 116
33 121
78 190
31 114
81 175
4 176
3 178
57 156
3 197
80 185
12 139
79 101
18 195
99 163
13 198
52 179
74 113
72 138
29 161
95 141
86 188
89 110
53 144
85 107
66 188
17 164
29 148
92 199
4 179
79 133
28 199
5 180
22 177
8 140
20 110
57 162
60 134
44 174
98 177
91 151
50 126
8 181
73 163
1 147
22 147
22 188
77 148
55 175
24 127
27 156
21 164
81 116
58 107
29 117
66 176
75 158
74 112
17 152
7 189
58 116
70 170
1 163
7 190
45 130
63 185
99 172
50 112
31 167
23 112
69 108
56 108
86 125
47 125
45 172
6 178
60 165
48 116
63 140
27 110
27 184
66 175
97 192
27 146
42 120
75 159
4 144
36 167
47 155
53 166
45 127
83 106
59 183
63 187
9 158
27 126
81 135
22 122
23 106
94 161
45 198
59 105
25 140
50 117
70 104
8 116
92 141
79 118
1 138
86 181
76 165
72 133
48 107
75 181
29 130
37 143
58 190
6 120
9 140
5 196
41 117
88 102
60 126
4 199
26 176
73 168
24 146
88 109
94 163
37 166
45 156
19 184
83 148
100 110
15 163
86 193
97 168
34 112
1 157
87 104
77 200
92 164
83 108
48 179
58 146
99 198
2 167
29 151
52 108
8 135
57 174
7 154
61 187
23 161
17 151
3 182
46 134
23 164
60 194
80 197
63 178
23 178
30 108
61 200
14 155
29 121
91 104
56 104
78 105
69 109
98 105
45 132
36 128
19 159
58 121
45 145
15 137
86 153
54 116
18 110
56 122
95 164
50 118
20 102
83 173
39 124
31 200
83 104
32 114
16 161
6 197
55 115
17 110
4 188
11 133
17 113
55 168
73 183
74 138
20 198
10 174
86 147
26 108
11 144
88 157
89 189
40 116
65 140
32 176
1 150
64 194
20 153
86 197
35 182
39 123
27 129
65 122
21 187
97 198
10 196
96 195
96 174
4 129
79 109
49 172
2 111
24 147
95 120
63 174
12 196
78 107
77 176
60 198
91 140
18 149
99 169
38 190
86 172
52 166
69 111
3 105
41 169
76 124
21 186
88 137
19 103
24 179
53 138
19 154
56 198
77 123
46 107
20 137
27 199
73 192
82 158
18 159
98 190
40 196
96 130
48 149
70 127
99 165
89 139
53 149
90 104
36 150
32 190
11 200
52 133
85 148
17 178
40 123
31 106
23 115
56 118
37 117
19 179
27 148
15 191
24 148
40 103
75 161
29 131
34 178
61 167
81 184
81 196
89 142
56 174
46 159
40 152
49 149
20 114
17 108
13 174
12 198
93 169
86 133
7 197
20 172
86 113
42 186
66 193
91 199
35 138
5 104
94 113
37 132
89 168
6 184
50 192
32 112
49 173
76 145
25 136
99 195
28 125
24 136
47 146
14 123
37 142
42 141
82 141
54 103
19 142
2 176
4 191
61 125
39 115
74 197
43 160
25 165
48 156
13 140
25 113
31 129
10 108
95 124
94 157
31 148
91 145
6 124
98 165
71 117
19 108
7 139
100 105
9 135
17 122
26 190
68 104
79 172
78 111
7 121
40 170
75 195
40 175
59 157
66 169
29 173
56 193
60 146
20 133
16 135
47 108
52 150
52 128
57 157
31 131
30 150
90 117
75 130
86 104
22 102
37 175
5 137
52 154
76 176
3 107
35 139
27 161
75 138
65 192
20 156
59 182
16 168
75 157
76 186
84 185
77 159
77 119
31 182
36 197
31 163
48 106
83 135
50 169
39 158
62 153
96 141
22 123
94 199
72 159
67 104
12 108
12 130
23 105
89 154
76 148
86 142
18 167
37 170
78 181
22 132
95 138
90 132
11 171
35 193
29 126
67 123
93 155
54 176
76 190
97 178
59 200
44 199
38 115
57 126
71 178
26 128
82 136
49 117
45 200
37 141
90 131
37 151
57 125
62 121
48 113
53 171
34 164
68 187
11 110
12 131
61 153
82 131
99 162
56 175
93 184
46 114
85 143
94 144
9 124
36 148
100 154
56 166
94 141
44 142
59 140
28 126
19 107
67 117
24 137
64 114
28 124
82 135
31 199
51 115
14 149
92 192
74 114
60 188
74 119
94 200
2 189
41 158
28 154
82 175
14 105
34 172
73 185
87 149
40 159
16 140
87 129
22 176
13 101
45 129
83 184
79 127
66 128
82 162
6 103
3 143
1 153
24 143
27 168
51 106
29 190
14 161
41 151
93 106
22 184
83 186
17 139
98 112
80 190
56 119
31 143
42 106
55 172
42 167
83 126
36 113
60 105
13 180
79 190
77 152
89 153
6 142
32 180
73 173
86 189
68 162
24 186
45 181
47 121
27 107
90 196
73 171
94 143
49 165
17 156
60 122
25 111
60 139
76 131
37 146
69 192
36 106
15 103
85 197
45 136
88 181
11 158
67 181
21 185
64 193
36 120
30 147
32 139
8 183
28 166
79 149
67 126
31 156
91 183
5 189
87 115
41 111
19 140
63 158
81 195
87 152
4 182
61 196
69 181
51 111
12 186
1 101
45 190
90 186
20 126
69 126
35 106
64 149
3 186
67 160
42 136
36 147
94 127
93 176
5 134
46 120
97 159
30 190
61 133
58 160
38 121
46 115
13 113
76 195
48 168
12 153
52 134
37 111
5 133
63 200
25 112
96 142
98 147
25 104
26 114
61 194
6 175
89 108
74 117
79 122
90 165
81 155
60 131
36 184
53 168
8 120
37 136
90 135
14 139
9 118
50 115
27 158
99 148
76 113
52 132
31 103
18 192
60 171
50 181
9 150
43 184
47 145
93 138
26 155
48 143
10 102
32 147
18 154
77 194
5 122
64 136
88 163
9 183
68 118
76 119
17 120
46 110
23 172
90 159
44 160
42 147
75 122
91 175
44 200
27 128
2 118
74 143
99 118
88 153
70 153
29 169
71 129
87 200
83 164
35 156
88 151
72 183
53 114
60 110
52 131
7 153
49 179
27 123
91 176
65 185
85 140
18 102
82 114
75 129
35 146
40 146
68 159
97 101
52 101
44 195
50 129
85 183
51 104
99 130
93 185
36 138
12 182
73 137
30 112
13 159
32 143
59 168
73 116
70 130
27 127
24 121
83 166
2 164
37 135
16 188
55 135
57 168
41 164
51 131
13 117
39 195
3 176
35 196
98 160
26 188
90 171
17 158
5 113
54 179
57 119
35 128
40 164
90 195
11 160
34 185
88 113
2 113
24 115
99 173
14 120
14 186
52 124
47 117
28 144
26 152
58 104
91 173
80 114
100 185
38 188
71 107
24 154
10 177
11 135
39 111
95 158
16 153
78 128
95 134
81 125
25 129
56 196
80 177
37 150
47 134
52 106
49 145
33 185
74 139
24 173
46 153
39 167
16 137
34 199
90 178
11 168
30 127
50 113
89 157
75 119
13 142
13 116
41 191
48 162
15 192
24 162
7 164
54 159
93 101
35 136
95 105
1 198
88 149
63 130
11 123
2 179
24 157
81 123
26 156
75 136
97 152
38 173
3 179
75 114
13 161
21 132
34 153
73 148
59 126
9 109
5 118
58 120
49 150
70 137
38 141
30 132
71 132
60 197
76 192
63 111
76 178
61 159
97 191
89 178
13 178
19 186
10 147
71 101
62 150
7 148
42 157
63 135
14 135
45 154
80 106
40 124
24 123
5 174
98 146
43 192
89 111
96 188
75 118
66 127
17 140
59 169
13 197
92 136
29 189
13 108
66 159
63 180
22 155
51 127
97 155
67 167
5 165
53 116
18 174
24 118
87 147
82 178
78 167
93 132
70 146
72 172
89 197
40 183
36 142
53 170
95 156
79 195
66 147
49 109
79 160
5 162
73 131
81 147
14 176
89 118
77 164
14 166
5 171
40 128
32 103
56 116
35 179
47 111
19 146
42 130
38 174
62 179
91 186
69 180
9 193
27 111
12 191
70 163
24 106
31 189
69 154
19 147
72 181
92 187
69 187
28 151
44 176
18 116
46 130
11 184
3 111
87 120
12 112
88 195
86 128
25 120
32 186
45 180
3 130
91 108
2 139
60 101
38 164
64 150
82 174
84 109
85 152
89 166
17 199
33 112
11 162
58 181
67 161
89 156
22 136
25 106
74 198
57 142
37 103
8 158
32 189
43 114
45 147
68 157
50 114
2 185
98 161
78 184
98 176
31 127
9 116
76 172
9 178
11 148
90 185
71 170
72 160
59 111
28 163
56 144
45 139
72 118
65 117
79 115
96 149
66 136
44 153
88 160
98 124
75 193
61 147
99 175
99 184
26 169
89 103
62 195
33 146
64 103
38 157
38 144
32 141
53 158
52 142
59 174
100 160
65 196
50 107
3 171
3 120
86 184
40 106
88 177
46 135
93 163
51 194
81 121
20 196
91 125
75 166
89 101
61 164
16 173
96 186
21 198
10 176
67 187
23 173
9 196
100 196
70 175
12 126
35 200
77 172
72 137
74 154
43 168
35 167
77 133
93 194
32 159
95 116
67 128
99 124
84 167
64 163
60 133
50 163
69 188
58 154
3 160
12 188
25 108
84 175
31 184
79 185
99 187
81 185
18 112
84 154
69 167
73 130
61 114
8 153
61 146
48 134
80 195
53 121
27 121
86 156
73 112
19 163
41 199
17 123
81 159
95 169
91 144
71 143
79 129
76 133
38 182
53 173
27 131
83 119
91 105
8 189
20 148
34 149
12 101
49 120
59 198
65 133
41 126
94 154
84 112
25 177
20 141
61 172
55 185
100 164
5 111
47 170
59 170
22 157
64 113
12 166
25 114
32 181
23 130
71 126
85 137
68 163
66 141
86 198
24 175
23 143
89 187
37 122
35 168
66 192
7 116
6 177
69 121
30 152
39 138
34 126
94 165
55 117
99 140
78 176
47 180
71 196
66 183
98 109
52 183
52 188
20 178
83 136
17 148
39 151
54 168
97 154
36 125
57 175
87 151
17 166
1 133
94 191
46 109
94 168
45 144
66 131
84 188
32 152
6 164
99 189
70 138
80 127
30 176
43 130
100 197
68 161
96 154
97 123
24 164
16 183
45 111
11 126
33 138
88 159
92 106
54 169
63 103
55 143
75 177
25 194
63 139
7 101
55 118
39 170
53 156
79 145
55 160
92 135
16 184
52 182
43 141
54 108
29 179
10 172
63 126
37 140
26 160
52 176
21 168
90 137
48 183
58 172
47 124
46 184
74 166
41 124
57 122
65 123
62 131
11 186
54 102
20 142
85 104
39 106
42 162
29 157
71 160
54 141
94 114
58 130
43 126
87 140
30 110
98 116
93 153
70 123
84 168
56 154
42 114
21 111
65 113
26 133
26 145
76 115
97 173
44 122
10 109
98 104
32 118
44 183
27 150
41 160
13 182
25 185
56 121
86 169
98 129
86 126
98 115
14 122
30 172
97 179
74 108
98 170
86 130
22 152
88 158
83 109
92 175
100 161
18 176
58 156
66 165
89 128
55 169
29 162
19 115
34 108
95 200
66 185
35 192
15 176
63 106
54 188
43 149
62 189
92 194
58 159
29 110
8 193
47 105
9 176
87 116
77 140
81 107
50 172
1 187
75 146
23 149
76 184
62 177
79 116
1 120
78 140
19 200
19 137
31 192
7 113
31 138
55 178
92 153
1 183
31 154
93 112
87 105
68 145
26 134
56 179
97 141
16 133
14 158
14 194
96 103
91 168
15 150
67 176
15 146
16 156
15 119
85 121
82 179
7 133
46 179
84 184
44 129
86 183
27 185
17 193
19 112
9 172
16 179
43 103
68 175
70 172
77 144
92 180
29 187
60 144
47 116
99 110
9 132
50 195
26 153
48 198
50 189
99 196
52 103
77 183
56 167
42 115
74 155
21 199
26 157
51 122
38 134
90 191
54 106
69 137
24 131
13 150
50 164
79 179
53 123
21 116
52 105
71 109
72 136
4 183
72 199
53 186
54 189
16 131
59 129
68 172
93 164
100 145
70 152
18 196
33 158
27 160
40 154
26 198
55 108
19 114
80 162
100 152
20 185
72 143
29 178
44 133
3 147
38 185
25 128
75 110
98 133
8 166
15 149
34 105
98 122
33 111
52 119
97 176
69 123
75 144
28 131
73 189
50 151
59 141
17 155
73 195
70 122
76 103
66 114
6 117
98 164
91 159
11 106
19 113
13 181
77 184
21 153
42 176
44 173
99 120
58 198
63 118
32 194
61 163
6 127
55 154
93 191
37 173
1 135
41 119
21 136
10 166
71 184
56 120
58 153
8 102
55 131
45 193
2 172
44 166
62 184
65 119
57 197
75 186
95 176
92 154
68 170
16 111
58 177
50 122
4 118
8 147
89 135
15 174
38 163
92 140
23 109
74 196
22 145
6 109
65 199
82 119
100 130
99 199
52 148
45 161
47 200
11 101
8 109
18 128
100 117
77 136
10 144
48 158
92 169
59 152
38 109
100 124
95 175
67 122
97 122
100 192
38 133
83 143
13 122
57 180
90 176
62 196
82 181
38 102
33 134
24 114
57 105
29 152
79 136
38 123
16 115
89 114
40 135
43 155
30 137
9 180
23 192
42 110
96 147
44 124
23 124
23 175
2 177
13 188
46 199
73 200
70 151
88 129
21 118
72 169
3 116
43 154
68 103
9 160
52 167
57 147
40 122
34 147
9 174
33 141
5 114
44 137
23 158
84 152
89 121
2 192
1 173
73 169
48 133
67 132
2 147
22 107
92 182
36 174
59 165
88 174
25 184
49 126
57 184
96 187
81 200
97 139
26 123
42 181
33 136
45 194
39 102
25 110
93 140
45 121
20 136
29 106
50 176
32 132
39 181
73 108
93 139
28 197
91 171
46 182
43 144
14 196
23 180
11 156
55 188
28 116
44 120
15 172
89 147
17 184
49 143
25 192
34 145
78 187
44 157
22 134
13 187
64 132
5 187
49 129
100 173
45 167
75 199
80 134
79 124
1 194
62 200
75 128
15 143
28 109
5 143
57 181
40 141
39 164
41 102
25 121
85 105
8 188
38 162
4 114
74 135
32 171
19 149
17 125
31 165
73 193
84 149
87 159
67 115
77 131
56 168
6 196
43 148
71 105
11 115
35 194
65 176
66 140
6 118
99 101
84 138
10 113
61 149
21 175
60 172
8 168
69 170
82 169
76 132
7 193
81 156
62 115
94 179
51 199
81 104
96 170
17 153
59 114
67 153
71 200
59 190
90 156
81 177
89 133
3 199
17 161
12 195
52 175
45 152
54 110
57 111
47 196
68 167
15 106
11 140
78 153
73 191
98 166
1 108
56 109
68 131
26 130
54 153
33 144
27 164
72 168
3 185
54 193
55 130
81 146
40 169
96 105
47 130
54 142
23 190
36 107
13 199
69 146
34 122
4 195
7 137
91 137
26 112
42 158
88 182
80 131
96 122
78 135
74 101
18 200
80 170
73 186
9 131
63 121
9 129
44 156
75 101
56 185
6 176
71 127
49 133
71 112
65 156
86 119
45 174
23 111
5 120
4 142
28 180
4 152
63 127
37 118
7 160
45 164
5 197
58 101
96 114
41 116
13 153
96 101
81 161
26 132
87 158
22 200
39 197
49 186
13 121
38 193
82 146
67 189
33 102
2 180
9 175
57 114
5 119
85 108
32 182
19 191
59 118
63 120
39 136
35 118
17 144
9 156
67 155
77 185
97 104
76 158
57 115
13 127
45 124
35 166
2 195
1 181
25 171
35 135
91 187
52 121
63 142
51 137
25 158
74 149
73 136
33 180
86 103
26 181
33 133
60 179
7 112
23 186
20 109
27 106
83 182
58 193
35 144
36 193
48 159
77 191
29 118
82 183
10 154
56 177
79 132
51 166
14 119
85 149
53 130
14 117
70 139
89 193
84 179
21 167
27 176
58 124
54 186
5 135
85 180
85 193
1 130
2 187
18 138
73 177
14 184
73 129
21 172
54 183
26 142
41 132
48 103
2 143
85 196
27 118
40 125
10 106
91 164
17 126
22 166
38 195
2 112
22 108
94 136
2 197
77 179
96 197
92 111
57 131
9 200
98 182
75 189
94 118
36 186
11 145
14 189
16 163
58 122
29 102
7 196
88 141
69 163
13 131
45 175
51 129
11 117
10 125
99 128
66 161
31 157
72 173
47 114
66 134
91 170
41 108
48 164
72 142
94 103
95 161
59 116
29 194
46 124
58 125
51 134
6 147
75 196
5 175
28 177
56 163
77 190
49 137
62 129
37 174
10 133
38 165
83 169
30 184
72 194
85 142
61 150
78 132
100 114
97 117
31 124
45 123
42 195
15 114
66 130
11 164
33 169
84 161
22 154
60 157
48 193
47 104
61 137
72 179
65 169
71 162
55 156
15 117
40 138
80 151
51 135
14 106
87 175
93 152
25 149
97 114
52 155
53 169
64 108
42 197
61 116
54 109
83 177
24 132
55 112
62 182
64 181
59 147
98 144
46 185
27 170
7 108
84 195
1 105
72 119
81 106
13 176
4 153
18 109
41 131
75 154
41 130
58 145
46 186
8 185
18 124
28 142
87 102
56 106
36 196
32 184
96 168
59 186
49 158
46 158
57 193
3 170
67 159
55 137
40 108
17 127
71 186
20 194
59 120
30 159
48 175
48 102
92 117
42 123
64 147
67 158
95 180
66 181
85 167
81 114
39 114
64 162
47 137
89 107
22 137
2 188
12 192
85 134
49 147
69 184
68 123
66 186
80 118
84 170
28 172
84 122
35 134
37 177
81 183
52 123
7 168
37 133
62 137
20 115
41 186
76 116
81 137
85 116
99 136
27 142
91 194
8 115
35 197
100 155
100 168
57 152
14 136
87 118
62 191
62 104
1 112
37 113
30 116
11 192
53 190
97 148
40 171
14 154
60 186
90 124
52 200
33 151
6 198
9 170
65 160
40 192
28 186
7 155
6 104
48 130
62 190
22 164
23 136
35 148
98 150
69 156
6 129
20 186
70 111
63 169
29 111
71 153
43 190
50 133
49 155
89 146
58 139
37 197
91 191
95 108
25 193
78 156
62 136
91 180
76 183
14 170
96 111
17 165
59 197
45 104
84 190
30 114
65 154
1 126
27 144
73 134
21 190
28 147
56 195
21 114
94 193
63 125
47 184
26 103
75 124
62 197
11 155
11 151
67 185
68 110
92 102
100 186
31 122
43 188
40 151
83 121
5 139
23 125
97 146
20 167
1 125
74 124
20 190
6 123
16 187
64 173
78 155
55 138
56 194
17 200
24 174
86 124
67 183
17 146
62 117
37 121
38 160
64 172
31 116
9 136
20 157
40 144
79 176
17 150
30 141
25 141
54 130
18 117
76 136
56 145
58 191
32 183
64 185
31 170
95 101
20 192
20 131
24 194
72 114
16 152
37 107
83 185
67 111
42 116
65 195
83 114
93 178
71 171
47 147
36 195
11 107
1 155
83 171
80 147
88 168
91 160
50 146
51 141
34 131
71 116
68 199
24 135
27 143
52 120
32 175
96 199
32 161
24 120
81 153
15 186
32 199
69 196
92 177
8 148
65 142
95 152
27 109
7 149
3 172
17 170
5 200
37 138
48 180
54 118
2 149
92 116
31 177
12 178
96 107
28 120
30 121
84 157
66 105
8 163
53 108
65 186
13 156
98 111
5 179
11 150
85 139
85 127
19 187
44 178
11 146
44 197
100 146
69 113
75 113
3 137
48 122
34 101
76 135
39 157
68 152
73 120
72 128
48 186
8 169
100 142
72 104
49 107
15 164
96 109
69 155
65 184
39 169
91 139
79 154
40 145
95 179
29 180
29 193
45 177
99 141
81 105
47 142
83 178
86 114
87 125
60 200
92 174
61 128
70 113
44 154
27 133
24 181
59 176
84 186
44 148
80 136
14 147
28 128
70 197
55 139
20 151
9 122
77 195
44 115
54 129
60 173
19 135
21 119
74 145
77 150
88 172
49 170
79 166
11 182
44 118
82 191
28 195
34 118
97 195
39 108
20 101
91 166
99 192
63 146
96 196
64 138
69 185
93 195
85 135
10 164
67 162
27 139
25 189
50 191
72 150
61 154
19 136
44 177
15 118
25 174
73 196
25 183
17 101
30 128
62 198
83 145
49 124
55 127
17 159
30 196
36 119
87 189
59 102
94 176
23 200
16 148
31 172
70 154
14 132
3 169
38 145
77 138
19 123
37 104
29 196
90 168
37 145
94 101
73 127
49 156
28 200
61 166
20 168
88 183
33 109
80 133
84 176
93 188
66 158
57 149
40 134
60 104
57 113
11 163
14 153
64 107
44 121
97 145
92 129
87 103
48 111
42 174
92 157
8 144
26 171
57 182
79 200
7 126
10 145
2 142
19 182
32 173
94 152
13 109
49 195
69 114
82 151
99 126
93 108
11 112
92 150
30 102
74 142
10 121
39 117
48 142
46 106
4 157
15 155
84 117
52 151
46 139
6 191
9 128
54 127
88 126
41 194
42 179
81 110
78 121
13 138
11 180
59 149
78 172
12 177
26 179
44 167
78 150
20 135
17 180
87 198
35 132
14 107
26 192
24 134
39 143
35 103
11 143
80 115
43 110
42 155
24 198
10 181
41 145
1 196
94 146
97 137
66 163
2 159
25 150
94 167
32 149
73 170
1 146
75 170
38 117
33 130
66 200
100 112
34 107
54 132
24 190
67 112
53 145
65 159
99 137
76 182
83 127
59 150
75 192
74 111
85 171
27 140
68 169
10 137
98 196
19 106
82 101
50 110
64 198
15 142
71 165
81 145
86 199
32 120
77 166
85 147
76 118
57 154
97 103
41 107
57 199
38 170
72 110
45 105
34 189
47 158
33 193
90 128
71 151
53 143
50 183
7 173
25 160
17 109
78 163
13 183
34 102
57 102
5 177
50 175
94 109
93 186
68 115
5 102
78 131
54 187
60 149
86 127
16 125
90 197
53 106
31 155
12 189
26 189
4 190
75 142
33 170
30 188
12 181
21 159
8 105
90 199
87 124
31 179
83 146
1 168
33 183
41 136
84 102
97 109
84 125
65 128
100 158
43 200
81 197
96 162
43 101
40 114
90 140
62 158
42 173
58 131
21 188
48 139
35 174
67 163
42 109
65 145
39 194
98 102
12 199
15 157
83 193
50 135
76 109
6 141
43 135
92 196
51 102
60 118
37 129
1 165
73 115
54 131
37 186
19 161
16 129
84 146
56 155
61 126
97 142
62 178
55 179
75 111
15 145
37 123
61 184
99 190
63 104
54 101
67 101
83 141
11 176
59 112
82 142
21 143
88 170
63 113
53 179
51 114
15 128
23 110
67 136
98 178
100 106
6 122
100 170
2 121
73 144
75 165
96 113
65 166
15 101
48 152
21 171
4 149
10 168
79 123
48 160
41 141
36 199
31 195
23 150
29 176
100 180
42 199
10 118
5 129
35 133
44 190
10 161
40 172
13 130
68 114
34 151
31 196
94 121
96 200
14 181
67 164
41 110
12 116
2 161
86 182
58 169
93 136
53 120
30 118
69 195
72 196
100 101
8 127
92 146
63 101
67 157
24 176
78 147
72 177
1 178
2 108
92 123
47 191
47 199
77 102
53 195
55 177
47 174
91 103
45 101
87 165
90 148
43 194
55 197
85 106
86 185
100 159
9 192
21 162
72 189
49 166
29 101
70 112
9 166
90 182
68 137
60 195
60 130
7 167
37 134
100 143
22 116
86 131
30 179
99 183
86 137
36 110
72 144
82 155
81 193
94 135
83 200
11 194
43 145
67 192
19 192
94 187
18 140
23 196
82 170
39 133
26 137
27 130
51 105
94 171
51 112
11 177
5 167
86 132
5 192
44 117
58 123
71 120
29 137
76 146
79 140
9 147
65 136
60 142
15 167
19 169
4 163
72 158
38 143
84 144
91 138
72 151
27 188
93 118
29 135
8 114
1 161
98 163
80 159
88 112
63 177
43 161
85 166
42 101
20 128
49 189
1 151
72 161
14 164
88 116
16 102
94 133
18 144
18 146
31 153
21 115
40 157
66 145
21 200
30 123
96 124
27 198
61 112
61 178
51 132
30 149
55 123
92 139
47 189
49 102
51 151
47 119
71 124
2 155
73 140
60 196
80 113
32 160
51 153
48 120
99 123
83 113
25 182
15 139
58 180
84 169
77 199
16 198
32 155
85 133
18 147
72 187
65 190
35 143
3 153
1 145
99 155
41 122
23 108
80 188
45 135
82 110
52 147
62 152
35 125
23 128
26 121
58 174
33 187
80 138
84 172
36 158
6 186
16 106
14 163
29 172
40 112
73 153
98 155
25 169
88 143
12 136
30 164
51 148
18 137
14 168
54 148
59 110
45 113
77 189
61 104
11 165
19 195
54 156
50 182
8 121
80 169
99 143
14 193
55 114
66 151
94 138
15 102
31 137
53 182
90 101
49 115
65 138
61 182
98 148
81 108
36 118
21 131
98 145
55 119
83 137
66 153
100 137
91 122
65 150
31 198
99 111
27 141
41 179
76 181
20 189
100 199
46 137
39 141
41 148
64 124
81 164
73 142
91 167
79 102
85 186
16 180
63 161
40 143
97 185
5 188
9 191
97 107
54 175
4 200
51 179
45 183
39 119
52 184
19 194
30 109
80 103
53 110
41 114
16 182
83 101
30 106
14 191
30 175
98 167
50 104
59 113
69 119
49 169
11 130
54 166
93 121
22 129
38 119
84 153
82 116
91 150
90 193
19 132
85 173
99 151
61 145
31 160
33 167
22 179
27 116
89 151
13 155
48 141
26 168
19 162
18 164
92 137
19 104
55 187
56 107
83 149
91 185
73 107
31 136
74 158
49 141
13 195
7 198
15 121
5 156
66 152
11 129
90 105
34 170
77 155
71 164
44 112
17 111
69 133
89 161
89 138
60 112
92 156
23 101
74 184
15 193
90 169
72 154
67 118
7 109
17 132
35 102
69 176
70 177
51 157
82 122
1 166
54 196
40 137
96 182
37 182
17 167
17 147
86 200
58 162
28 135
77 192
67 139
91 152
21 141
39 150
9 151
78 130
82 197
64 102
12 120
39 103
44 127
94 175
32 128
81 171
99 105
57 146
24 139
92 162
48 184
59 139
80 175
32 122
97 135
78 161
84 101
45 182
7 102
88 142
93 173
47 161
61 186
87 164
71 154
67 156
77 142
65 121
12 155
78 174
10 127
83 134
90 155
89 155
26 113
19 165
94 131
23 141
3 113
26 126
7 192
19 181
7 156
84 196
63 164
94 105
14 142
8 117
7 162
32 138
51 174
50 147
56 102
66 179
27 114
77 146
83 160
6 111
88 121
46 180
65 178
66 146
70 165
59 133
99 158
93 183
61 103
82 156
84 164
26 111
22 156
54 126
66 157
44 192
21 124
85 131
8 194
23 183
10 163
93 180
81 141
76 159
44 125
82 148
36 182
82 129
75 198
90 189
9 111
50 138
82 133
88 200
1 129
54 112
81 127
63 151
65 111
35 147
58 175
69 117
72 198
27 192
71 157
19 197
89 126
37 180
14 157
97 177
10 175
65 180
99 109
74 102
70 101
24 200
3 146
13 137
89 104
63 131
40 120
1 113
84 191
42 139
92 173
53 176
48 105
27 135
85 165
40 174
92 121
9 133
36 166
89 173
34 124
13 104
71 135
82 152
18 169
65 112
21 130
85 111
4 189
43 170
14 195
93 111
71 163
100 126
39 185
11 119
100 191
18 178
83 144
42 189
95 153
13 143
74 153
40 148
74 178
45 171
14 130
7 145
83 105
54 104
36 121
13 145
14 185
34 182
89 159
80 178
4 104
65 175
33 152
95 187
94 149
9 107
73 104
46 133
21 150
55 158
84 129
37 128
53 172
89 174
42 185
76 127
30 167
74 176
14 183
58 200
48 136
12 159
83 194
96 138
49 135
80 155
58 183
63 168
30 124
16 141
29 177
50 103
32 163
35 113
56 112
30 105
99 200
4 166
82 140
33 182
21 192
8 131
16 142
61 138
9 163
43 152
35 169
47 138
39 127
79 155
2 157
26 163
54 171
24 172
74 140
40 181
21 105
38 161
35 163
92 109
32 168
37 181
43 182
8 113
43 167
15 178
11 193
13 136
48 121
69 190
62 101
20 158
69 149
17 135
43 132
45 138
3 108
87 166
86 139
58 127
37 120
2 181
53 165
36 102
69 103
82 188
71 168
12 143
17 124
34 192
74 109
49 190
41 147
97 118
54 172
47 110
67 188
88 128
4 139
55 102
32 121
69 199
90 103
53 126
1 127
29 112
68 181
10 101
59 103
60 175
99 153
56 181
41 181
4 120
58 197
72 140
27 124
97 150
13 193
48 129
61 130
26 184
18 179
30 117
99 157
14 108
53 200
15 199
37 196
100 121
28 181
23 163
39 129
6 194
73 182
80 123
19 193
12 174
35 112
62 135
89 163
91 113
57 153
43 129
83 154
8 154
3 135
50 139
54 145
59 125
60 107
65 182
21 157
33 135
8 162
86 151
52 181
34 109
46 174
71 189
50 145
50 148
96 167
86 157
23 114
94 173
16 174
12 133
34 167
40 132
35 178
66 198
8 139
40 129
31 108
84 162
3 104
97 138
18 190
26 161
36 164
5 193
64 127
97 119
45 125
7 151
65 146
11 172
93 171
8 191
70 158
97 161
70 102
42 200
77 106
87 157
34 183
7 131
20 132
68 189
90 121
31 146
67 103
65 200
94 198
39 165
86 145
71 185
13 189
81 144
61 156
67 199
13 128
19 120
9 104
82 121
8 155
67 151
29 109
6 105
53 152
78 158
33 188
51 172
57 161
4 122
65 151
9 143
78 189
78 183
68 183
32 140
39 125
83 133
7 140
68 119
91 154
35 142
31 104
29 200
42 184
77 157
55 141
26 140
70 183
30 131
89 152
9 181
49 191
90 145
4 134
27 120
34 180
73 162
66 104
98 171
14 171
77 168
73 106
89 182
73 152
83 187
51 128
59 121
93 130
37 130
96 146
51 110
44 144
69 171
62 163
9 106
19 180
44 171
52 135
70 155
60 115
93 157
22 160
60 160
59 101
40 179
81 172
1 177
80 198
37 105
20 144
75 163
17 181
100 148
62 154
44 161
38 171
2 125
40 198
92 104
3 149
22 187
11 139
18 184
95 145
15 120
42 135
48 190
65 179
90 126
20 161
33 119
31 119
85 114
44 170
97 190
15 138
2 106
54 136
49 161
80 141
44 102
84 155
61 132
80 196
73 160
48 165
5 194
90 153
73 181
31 140
61 113
29 147
72 190
88 192
12 183
31 113
19 164
52 185
52 193
81 115
41 135
20 173
19 143
5 173
14 174
2 127
83 188
39 159
36 194
10 191
6 165
84 147
20 170
88 150
81 128
89 185
46 151
67 172
99 179
82 123
50 197
47 198
70 196
76 106
81 139
38 140
11 189
100 123
56 191
87 101
19 171
87 177
23 197
62 160
37 171
42 107
68 192
67 147
37 192
43 128
5 150
21 117
37 154
79 189
19 130
70 189
36 127
1 106
53 180
71 131
87 169
33 161
92 152
24 160
23 193
60 148
98 134
54 151
88 197
21 191
73 155
92 191
47 181
49 125
16 107
41 178
83 129
46 190
83 112
42 188
32 113
69 178
16 164
75 109
81 129
41 188
48 169
18 191
9 115
82 134
33 174
29 166
71 115
13 133
23 126
88 152
3 192
77 160
61 143
80 110
5 121
7 182
45 126
13 148
68 168
63 141
71 199
99 166
4 173
89 184
97 189
68 153
39 180
47 126
43 119
13 139
85 182
83 176
87 130
14 175
46 142
30 160
54 147
10 148
95 199
83 139
21 104
60 123
15 175
75 172
69 128
88 191
97 143
47 135
4 171
34 163
81 198
36 143
95 139
20 113
95 142
60 166
95 178
93 123
85 156
3 168
37 102
85 174
20 145
97 151
22 199
32 154
48 144
34 168
22 149
77 139
86 192
82 108
16 162
43 179
57 166
51 150
69 161
55 116
1 159
4 135
95 192
90 161
15 185
54 195
33 166
98 114
35 191
79 151
11 185
4 180
42 134
3 188
77 134
83 125
49 140
40 184
10 197
41 168
22 181
8 112
22 121
46 112
21 165
91 135
6 172
43 111
96 180
57 139
42 111
30 145
25 181
26 122
22 194
24 122
60 177
100 195
81 138
12 197
38 147
90 200
71 133
92 190
50 137
70 131
98 191
40 182
13 111
1 152
69 174
46 178
61 198
61 117
80 200
35 140
86 175
32 167
39 128
80 189
48 172
82 193
21 138
72 186
69 175
45 191
36 104
61 158
17 145
65 188
50 200
47 187
55 192
37 190
99 193
43 180
4 119
79 156
45 166
37 161
70 114
54 185
30 113
71 141
59 161
2 168
18 121
10 138
4 198
10 183
23 182
71 156
40 102
58 167
47 175
55 128
21 126
41 184
37 189
63 133
89 122
85 102
14 165
24 156
58 132
86 178
92 198
42 113
38 138
91 112
95 127
26 151
47 156
59 175
4 165
48 187
52 125
64 180
89 145
43 127
66 182
34 193
92 148
64 106
80 128
10 134
28 194
24 103
31 139
47 101
95 196
3 159
100 172
51 130
73 138
58 148
10 157
10 178
86 138
54 163
28 190
5 195
92 126
69 197
94 164
71 122
98 188
18 105
69 105
6 136
27 103
40 199
78 141
3 101
89 198
32 117
63 132
79 117
80 181
80 112
8 134
45 151
78 117
44 114
79 191
72 106
46 104
22 117
20 193
10 112
79 163
31 126
96 161
36 140
15 124
91 146
9 145
43 112
3 131
93 156
89 162
70 181
57 159
46 200
10 153
1 193
30 189
81 152
74 127
12 137
90 164
56 143
67 110
99 103
68 151
83 167
10 193
82 160
78 102
50 165
28 119
18 148
95 182
84 159
20 169
18 157
30 193
48 194
57 198
27 122
23 129
10 104
19 110
61 102
5 138
63 175
11 187
47 113
20 187
36 115
98 198
41 171
24 188
47 131
67 130
44 147
74 150
87 170
23 117
97 181
69 152
82 161
40 186
18 129
27 112
39 144
57 185
42 192
31 176
75 175
16 154
25 151
40 197
41 115
21 144
6 148
60 151
62 156
100 182
34 136
51 116
74 195
61 181
67 140
31 135
41 159
74 191
84 110
5 157
68 128
25 197
62 110
100 174
75 168
47 159
98 149
56 125
60 181
71 191
63 186
46 146
58 195
33 107
41 180
79 105
29 165
58 115
41 146
97 200
100 122
11 136
55 180
2 196
12 165
32 177
76 189
63 163
38 139
85 198
79 134
4 107
67 154
20 176
47 151
54 120
22 173
45 195
20 106
87 119
35 149
29 115
31 152
66 116
81 111
60 199
98 153
58 171
95 189
84 123
29 113
59 106
41 152
15 105
31 178
32 170
82 189
90 107
77 103
11 166
98 194
68 140
16 120
26 158
65 177
74 146
87 182
4 102
21 107
76 149
93 190
33 124
53 193
61 121
68 165
36 124
97 113
67 114
49 180
11 141
42 119
24 195
88 111
48 171
3 148
55 152
84 107
16 151
83 165
75 162
96 123
23 168
83 110
40 195
70 147
3 119
89 176
63 156
58 188
30 158
35 198
21 121
65 144
96 171
1 114
80 149
82 147
70 150
72 139
6 190
23 144
45 133
93 133
1 102
56 150
34 174
23 160
73 135
61 131
73 133
64 182
14 124
58 157
50 173
39 178
30 163
3 150
74 103
27 183
5 161
68 120
58 158
33 149
1 109
73 141
81 173
59 158
85 138
61 152
11 147
67 177
56 152
86 129
33 104
7 138
34 138
58 168
42 121
12 157
60 187
85 187
16 159
43 120
74 128
17 169
30 125
98 199
67 168
60 125
34 173
81 117
51 196
65 197
8 126
7 161
55 142
16 175
52 196
48 161
66 124
39 109
7 200
47 112
63 105
84 131
3 122
45 128
29 183
41 187
100 176
4 125
77 135
24 126
44 155
61 173
97 116
45 168
19 138
76 168
67 134
59 163
80 166
92 119
46 148
51 139
73 117
48 163
2 134
78 173
73 126
32 187
82 113
96 156
7 180
95 191
86 170
75 116
16 110
28 174
27 132
24 182
77 128
55 110
94 122
99 139
42 161
25 138
42 138
58 105
85 103
23 147
93 197
95 136
76 180
54 137
70 148
76 126
88 164
55 111
91 118
80 183
11 179
23 138
34 158
27 169
30 151
65 127
70 121
79 186
100 140
32 142
47 167
13 114
92 186
16 105
29 107
16 171
80 161
96 155
69 142
57 104
31 166
39 156
9 119
58 103
64 131
32 131
64 142
99 197
60 102
59 131
6 133
58 178
92 112
64 145
35 173
48 112
40 133
74 121
14 126
91 132
47 194
70 178
37 106
91 124
71 149
47 176
50 123
37 153
93 102
81 118
19 118
9 198
77 126
56 158
94 128
96 145
29 174
60 191
97 193
15 160
79 112
98 136
20 171
6 158
3 102
10 171
17 175
80 116
86 150
12 156
5 103
8 167
90 150
89 164
71 181
8 119
31 158
86 174
87 126
4 137
68 136
32 156
17 191
99 177
53 142
23 174
14 104
43 121
22 140
87 197
56 126
43 183
14 178
62 142
1 115
98 131
75 155
39 140
74 123
7 125
49 118
18 118
49 171
58 102
63 107
61 190
46 150
99 170
11 138
82 115
23 103
25 172
33 129
31 111
81 113
37 164
42 154
77 193
89 105
45 115
10 110
54 200
76 122
55 196
50 168
26 119
58 187
43 157
23 166
72 182
65 129
89 200
47 109
64 140
99 180
93 149
51 145
70 171
80 173
73 180
98 183
36 116
53 159
51 186
4 116
82 187
28 132
47 140
10 189
36 144
60 135
20 188
90 122
15 148
24 151
8 146
53 155
24 153
25 178
39 179
19 145
77 154
97 170
14 160
91 182
68 135
8 184
60 153
87 161
27 115
65 163
55 163
33 186
21 183
63 195
75 167
96 121
9 139
72 157
88 123
30 192
38 177
93 150
142 118
196 102
78 2
75 26
139 111
72 41
99 70
89 29
62 11
195 156
171 145
196 164
44 38
172 168
19 11
29 3
194 163
95 61
85 17
76 43
38 37
193 120
85 31
165 106
55 10
74 11
200 161
188 132
86 37
16 10
184 134
192 112
124 110
86 82
64 12
158 102
167 129
178 139
170 146
198 148
199 130
142 135
92 13
70 50
143 112
170 167
77 57
171 164
169 132
100 22
138 124
188 161
138 137
87 57
145 131
92 17
148 146
170 139
153 149
43 41
65 35
15 12
99 52
164 162
166 112
111 107
95 23
188 145
170 125
15 10
175 118
46 9
154 146
146 101
152 123
83 46
171 115
183 117
64 22
94 36
193 110
139 134
90 62
98 3
58 17
191 156
52 9
34 18
62 44
59 29
170 111
174 148
25 10
120 109
75 61
34 20
88 42
163 114
150 142
143 131
200 173
92 73
126 108
85 71
161 152
66 64
51 6
142 119
169 155
83 43
173 108
51 13
56 35
156 108
87 13
153 105
88 20
61 36
91 55
42 26
45 14
24 21
180 178
189 119
32 14
76 49
175 153
180 129
56 12
16 1
141 115
190 123
95 91
150 137
13 5
82 19
64 28
198 167
34 25
143 117
90 15
93 80
171 154
13 10
84 5
35 23
100 97
72 7
67 35
68 65
95 65
48 13
65 26
80 32
63 31
184 115
188 151
165 119
165 108
190 169
98 96
98 82
56 8
86 81
168 153
176 126
83 25
95 53
85 24
68 39
168 125
170 145
169 160
51 8
53 8
69 34
180 117
172 134
10 1
138 131
188 103
158 130
93 66
79 43
194 108
183 106
190 126
176 130
96 19
170 130
66 51
77 45
192 170
34 21
157 101
194 158
164 141
165 156
91 74
78 77
198 108
82 49
73 42
99 13
85 16
119 114
69 64
196 162
190 132
55 21
52 46
199 178
90 83
140 107
171 109
75 70
41 21
172 104
95 15
98 26
184 114
173 156
4 1
75 43
197 103
88 50
158 148
150 131
94 74
78 65
169 114
161 106
82 20
162 106
50 39
180 135
120 115
147 134
136 125
200 163
172 114
185 120
163 142
34 33
151 120
59 47
45 34
69 39
200 130
183 166
194 105
185 108
28 2
198 141
85 8
151 141
31 26
163 128
156 148
91 22
157 152
173 125
198 149
117 116
200 115
196 122
75 8
169 166
84 6
171 137
194 152
191 126
17 2
39 14
192 173
151 116
138 115
51 17
18 14
74 51
158 119
91 10
177 165
73 66
186 167
181 177
73 12
141 135
71 48
167 163
102 101
91 11
90 35
151 133
160 101
67 47
76 55
93 82
160 134
91 65
120 110
170 123
182 131
200 191
155 134
53 41
167 105
60 41
33 31
52 25
185 178
153 104
90 36
148 104
38 20
72 57
194 180
164 120
50 2
104 102
65 33
77 33
68 13
90 40
62 58
51 21
74 55
37 29
185 171
166 155
200 170
176 102
70 41
97 63
149 104
65 42
163 118
199 106
191 103
161 118
131 112
192 161
95 89
192 103
159 140
90 59
186 124
118 104
158 132
153 129
197 142
158 135
187 175
147 126
199 187
169 146
197 111
136 101
180 119
72 13
100 45
191 172
40 9
170 127
33 22
171 135
161 150
153 103
196 181
61 39
28 12
87 44
184 181
187 161
157 126
152 151
37 24
98 77
186 168
159 139
71 38
161 142
61 31
152 135
76 4
23 20
189 166
70 52
21 16
39 35
64 40
55 15
89 45
100 47
60 15
135 134
88 43
99 43
54 30
67 18
32 27
26 12
38 7
143 139
184 110
123 112
63 55
59 50
44 40
193 167
116 103
135 108
187 137
182 120
183 135
162 127
74 60
82 5
142 113
142 114
182 143
186 152
63 47
156 101
78 26
98 57
97 56
125 112
74 27
136 131
185 172
118 111
164 121
93 4
145 103
190 127
123 103
38 22
196 109
82 10
105 104
64 3
72 58
76 57
151 102
69 20
57 13
66 49
51 26
54 20
20 11
167 109
48 20
64 26
129 124
153 151
186 177
163 159
185 147
87 11
88 28
66 44
80 17
82 31
199 197
109 106
44 36
72 50
98 20
21 9
76 38
168 116
144 121
186 115
190 163
86 63
189 152
150 117
170 129
142 124
98 56
48 23
66 65
25 11
94 22
196 187
111 102
94 86
156 110
142 106
15 1
120 112
169 107
63 52
77 61
187 115
84 22
177 175
167 138
97 69
85 41
60 36
145 138
184 164
58 19
170 161
80 48
164 140
78 49
200 118
199 144
188 105
65 44
63 27
82 32
187 134
46 13
64 43
21 17
87 61
186 169
183 102
184 159
99 67
22 13
96 15
97 89
83 9
93 50
195 136
91 42
78 36
79 21
39 2
118 108
40 6
191 132
114 106
193 176
21 5
54 3
94 58
156 123
154 114
200 126
4 2
177 161
93 28
144 116
159 155
51 24
93 60
89 77
97 85
181 176
98 16
194 191
84 35
83 54
196 117
45 28
80 74
90 50
138 114
162 141
181 170
19 2
84 7
200 114
190 137
173 164
81 41
81 35
185 175
127 106
129 121
76 17
80 29
61 52
86 54
67 51
66 13
198 107
114 102
62 30
182 108
17 15
191 118
199 188
200 131
200 122
92 15
190 153
98 7
195 187
62 42
95 46
71 19
88 35
42 27
160 143
34 15
60 53
98 22
60 58
84 79
181 142
200 187
86 34
71 47
135 105
66 47
154 111
78 64
193 173
56 28
61 37
103 101
69 19
78 3
175 107
37 6
93 29
151 121
81 39
59 11
46 35
189 137
176 113
131 113
173 109
129 102
62 61
72 40
8 1
97 53
158 112
36 5
180 120
80 16
81 31
43 10
147 111
91 76
40 32
52 3
155 144
115 101
42 17
95 81
149 142
150 140
78 55
64 27
187 157
83 13
70 31
88 5
93 91
61 21
182 141
159 126
134 124
70 17
47 34
15 6
97 55
80 7
70 34
172 157
176 125
130 118
92 35
73 63
34 30
98 76
131 109
86 68
134 112
68 4
164 151
86 20
182 165
56 19
93 88
69 5
87 12
46 10
64 32
80 27
21 8
176 117
165 139
190 122
81 51
169 133
196 107
183 155
146 139
162 103
85 47
99 66
195 183
95 88
132 102
91 77
97 29
99 24
99 49
84 73
199 160
42 36
99 7
169 123
62 36
151 148
175 111
57 47
54 1
100 85
82 3
142 111
42 24
81 50
49 26
35 1
92 82
127 117
192 174
191 177
18 6
28 17
157 147
95 74
192 134
185 184
28 25
27 12
161 138
155 128
98 34
177 152
188 183
98 74
140 121
182 162
93 65
176 158
93 7
87 86
45 30
194 137
197 153
29 22
141 137
81 40
64 7
100 43
149 117
150 102
79 34
30 25
160 102
61 60
175 134
87 64
175 125
198 118
61 47
45 26
28 14
63 8
196 168
43 1
165 107
88 77
93 74
197 104
95 4
182 106
82 7
176 139
39 3
148 127
197 154
146 118
78 4
80 39
134 123
185 138
78 7
84 37
28 19
95 48
57 50
27 8
45 13
131 126
59 9
182 130
72 30
187 113
89 18
70 24
163 149
81 69
76 66
154 122
96 94
122 116
72 56
29 27
170 106
118 107
90 84
140 123
95 14
20 2
190 150
137 129
92 21
93 58
96 71
185 167
99 53
56 21
185 101
197 169
71 10
94 67
91 43
6 5
43 42
193 170
94 52
162 161
94 62
185 136
168 158
193 131
97 5
179 156
198 162
96 35
138 130
73 56
51 22
142 104
43 6
174 124
145 113
35 15
20 3
171 117
140 137
193 122
178 141
137 135
83 78
154 137
84 24
76 60
139 116
85 76
196 138
177 107
161 147
191 157
30 8
183 144
191 155
191 137
98 21
97 4
188 128
64 5
96 87
52 11
99 76
85 30
162 137
49 8
97 88
165 157
161 128
66 50
175 132
96 52
37 11
151 136
195 152
200 174
150 120
141 127
199 185
85 7
133 110
88 38
191 114
129 105
81 58
169 147
175 174
178 133
149 147
183 137
183 108
192 162
163 155
52 31
173 119
137 101
195 172
193 114
159 144
80 73
152 117
55 12
80 43
66 56
96 82
172 139
174 136
194 177
165 164
87 50
170 165
164 135
27 17
74 12
16 6
174 131
41 38
91 72
58 38
195 135
153 128
19 10
91 24
149 125
108 102
62 37
151 124
185 165
191 188
57 24
75 34
172 146
67 54
14 9
21 20
84 47
80 75
187 136
71 50
84 39
193 102
80 18
77 26
186 123
50 15
169 145
53 13
141 114
91 14
195 178
192 136
41 15
46 25
97 31
179 107
41 7
58 15
200 110
144 102
48 27
53 52
181 154
67 14
197 183
147 113
118 115
193 178
181 103
79 40
98 32
174 172
83 11
138 121
76 41
70 16
49 22
97 8
78 69
10 4
21 6
165 130
158 107
198 130
76 15
152 139
180 154
69 14
183 104
56 25
154 117
20 15
189 134
190 152
176 123
50 33
41 34
48 7
86 23
85 4
73 8
193 146
23 10
189 162
50 19
32 11
185 154
198 190
47 36
118 114
129 115
148 122
77 64
41 23
200 148
181 117
169 136
168 164
95 93
150 110
31 29
200 178
76 68
182 110
179 117
94 92
71 70
176 101
26 7
77 31
134 106
179 128
141 121
185 140
80 20
13 11
77 73
65 55
162 142
64 56
34 29
179 127
64 57
185 151
196 174
167 137
99 34
93 46
161 151
197 149
170 126
93 16
38 10
179 153
98 78
77 34
57 14
49 48
157 128
190 109
124 119
195 157
195 107
131 102
13 8
185 141
153 106
168 103
141 116
150 135
63 15
96 72
18 4
180 169
193 174
69 26
50 20
72 69
188 121
50 32
54 33
169 117
197 107
173 106
159 101
92 20
66 19
183 163
172 112
126 106
198 180
90 19
178 171
23 9
153 126
95 94
39 13
100 93
164 131
177 172
152 143
162 109
81 64
41 10
125 101
190 124
198 151
165 147
162 153
199 198
12 2
152 116
185 124
160 139
169 163
26 11
46 36
166 113
59 19
167 122
78 53
188 178
28 23
172 154
154 108
94 71
189 141
193 105
80 61
177 106
181 101
49 32
75 19
46 19
62 46
36 14
124 118
173 113
68 50
171 113
69 56
25 4
149 116
116 102
199 119
140 131
165 112
187 148
189 173
180 150
177 171
166 161
51 14
26 4
175 147
196 129
143 127
196 192
177 168
199 111
63 10
8 4
187 179
166 122
82 63
170 137
143 101
156 130
149 135
53 14
147 110
84 28
177 105
199 104
86 74
65 40
162 111
164 160
56 53
120 108
52 45
164 147
92 87
31 2
200 154
71 4
59 27
97 34
68 28
67 30
136 118
96 43
150 101
184 118
117 103
36 24
192 117
116 101
92 85
65 64
161 107
74 42
187 114
186 147
76 71
175 137
64 52
57 6
95 72
100 95
188 162
190 146
139 135
189 120
55 24
118 110
81 59
146 141
177 124
183 130
195 120
79 4
58 45
86 67
170 108
199 147
199 166
192 160
70 49
72 39
55 26
144 139
132 104
75 30
156 105
65 18
64 4
189 179
65 10
155 127
159 113
75 45
19 9
143 133
38 35
198 159
100 50
59 51
64 10
161 137
38 31
155 108
91 68
46 7
186 178
76 26
29 7
136 110
36 3
30 10
151 147
191 125
165 120
183 175
93 31
78 38
185 112
74 13
78 58
200 150
31 1
81 48
144 143
100 5
179 126
75 66
176 164
84 76
68 9
194 143
32 17
180 110
160 131
98 63
14 3
77 6
50 47
74 29
178 121
178 155
177 132
99 28
110 106
164 145
73 19
180 102
180 146
141 117
168 145
74 49
15 4
82 35
159 137
60 18
61 13
65 38
181 141
84 18
157 107
166 121
200 171
90 26
19 12
117 112
172 156
96 46
170 140
172 107
60 30
48 9
66 39
132 103
82 64
27 1
197 159
69 49
68 36
37 27
182 136
98 11
49 20
167 139
189 116
36 6
81 75
195 180
11 2
146 133
154 136
185 135
88 85
43 36
89 6
73 50
183 160
139 125
55 40
181 150
199 129
154 132
176 132
50 37
65 12
82 14
167 159
67 11
152 109
94 59
81 57
164 110
169 161
53 7
41 5
174 120
166 136
147 106
88 41
67 64
145 109
63 30
183 127
144 117
153 145
180 121
61 23
178 115
166 101
96 33
37 14
82 25
55 31
187 107
161 120
46 3
31 6
44 28
89 60
143 135
159 117
172 118
5 2
63 34
44 26
81 24
62 38
112 101
172 131
151 134
191 149
176 157
137 130
164 105
170 109
70 9
53 4
89 10
99 79
66 12
133 117
183 128
49 28
90 10
193 112
74 8
37 19
145 143
46 16
76 75
187 183
82 6
194 169
189 135
66 37
85 55
88 67
14 6
180 159
97 30
181 162
153 121
156 102
141 134
79 56
161 146
183 173
80 72
75 67
35 28
76 5
57 10
30 19
178 151
84 36
65 7
86 22
179 124
77 67
184 172
195 126
57 52
149 137
100 41
49 38
79 24
50 6
125 106
64 8
87 56
89 27
139 132
39 37
161 114
110 105
86 15
88 12
35 4
67 60
184 178
74 71
89 9
193 189
195 101
29 23
162 143
140 136
60 33
20 9
50 31
138 103
59 17
80 35
38 17
141 140
131 103
137 115
54 45
66 54
74 18
41 3
164 125
70 1
97 41
198 147
45 5
77 56
120 107
3 1
13 1
83 66
99 74
119 113
194 134
174 105
199 164
69 3
35 24
171 155
180 105
152 105
88 63
51 46
194 175
55 32
191 127
23 13
154 152
46 43
15 3
191 105
79 67
138 116
157 150
48 44
93 19
88 15
188 130
32 13
54 16
144 130
98 15
98 93
181 107
163 111
178 128
163 161
95 62
65 46
186 159
178 154
143 138
59 16
23 11
189 178
165 149
117 109
152 131
143 134
31 20
90 73
177 110
78 32
76 39
76 19
84 41
190 151
18 10
7 4
77 2
125 120
100 56
49 11
89 51
80 30
57 26
183 111
93 52
98 83
173 123
160 142
84 9
199 113
189 105
17 13
73 72
88 54
62 13
184 143
54 31
196 130
21 19
74 65
194 161
195 147
86 59
159 156
128 119
53 22
193 181
182 172
46 15
137 133
89 71
51 3
186 130
68 10
92 36
190 159
68 11
43 28
77 27
73 3
51 34
183 168
81 45
160 151
62 7
100 27
79 78
88 71
55 38
8 3
80 10
74 73
168 118
187 135
98 95
77 24
73 7
164 104
176 162
194 170
194 107
164 102
98 80
161 149
121 119
47 20
189 187
100 30
62 4
50 38
59 15
15 14
59 36
130 109
180 171
194 104
191 174
80 71
145 142
190 115
80 52
95 63
159 109
76 36
198 160
28 15
98 75
180 112
188 134
173 152
96 2
179 171
176 133
42 4
35 19
140 110
136 129
192 120
187 116
197 105
148 107
90 61
92 76
196 155
178 176
86 39
166 163
174 150
162 124
200 117
190 105
40 3
166 135
166 146
167 142
136 132
71 18
193 119
156 109
86 24
81 54
108 104
184 182
126 109
38 18
87 25
59 55
167 121
167 140
175 120
64 19
99 9
86 19
200 147
96 40
140 138
195 109
174 158
56 43
158 144
27 26
185 149
91 75
100 2
182 178
182 168
94 68
50 17
135 111
75 40
80 58
69 40
100 26
167 116
184 128
188 182
77 30
90 48
160 132
153 119
56 1
158 154
149 111
88 82
151 108
177 142
119 112
63 42
83 34
191 124
96 14
143 140
106 102
141 110
155 105
137 128
140 118
83 27
74 57
158 147
165 113
73 37
81 78
170 110
94 23
63 13
194 110
97 20
63 38
53 25
89 54
159 115
165 159
33 17
190 188
200 129
193 115
56 37
53 30
159 141
75 36
184 109
88 48
144 138
70 53
64 30
133 115
28 7
130 114
139 130
161 123
198 182
189 154
72 35
80 4
157 154
192 122
79 17
183 181
150 146
197 177
147 145
77 53
98 31
43 23
17 10
167 158
73 61
90 55
89 73
133 118
130 120
97 18
200 107
100 39
83 76
166 139
81 5
9 5
191 184
154 145
160 111
187 184
75 21
55 37
180 113
39 17
154 123
96 47
170 117
129 128
171 116
161 136
125 118
171 120
52 7
150 109
41 2
85 63
53 20
179 103
84 19
80 56
142 120
111 108
31 23
137 123
197 146
181 160
97 12
10 2
126 125
42 39
163 160
94 41
75 73
163 150
145 114
191 140
95 45
57 46
153 114
22 17
81 60
174 104
200 133
133 113
73 70
32 16
86 42
28 26
79 58
95 27
98 73
196 140
156 120
60 43
128 103
77 8
186 161
75 6
49 31
176 175
99 81
61 40
161 130
23 22
75 65
82 62
188 157
142 133
169 142
168 133
140 111
60 13
157 139
164 137
53 43
156 121
75 48
81 38
178 129
74 52
168 114
200 136
14 1
175 117
70 47
199 150
191 101
146 128
179 150
50 42
191 151
164 115
53 29
61 11
187 164
194 142
197 168
150 123
176 138
49 4
182 155
194 189
74 5
83 4
50 13
69 43
198 121
144 123
183 126
121 112
198 189
37 36
170 154
169 138
90 82
149 102
79 18
70 26
47 24
155 113
91 15
120 116
162 114
142 127
188 146
90 6
166 118
82 81
40 15
58 53
61 59
160 109
62 31
35 11
187 118
69 63
47 3
97 47
149 120
29 25
170 157
40 11
70 22
128 101
72 18
188 167
199 183
198 119
47 35
87 70
162 148
85 23
187 139
163 146
99 58
129 119
34 8
191 134
44 33
159 111
44 7
147 103
178 156
91 79
131 115
91 31
164 103
171 159
52 24
74 4
183 145
190 177
143 118
21 4
49 39
143 130
48 19
173 110
151 132
149 146
83 29
198 176
54 37
198 192
57 34
181 179
172 165
99 93
80 50
157 115
188 127
65 29
179 121
190 186
169 129
183 149
130 126
194 111
75 9
181 173
182 121
127 112
31 15
199 123
134 129
184 148
157 148
196 193
96 84
15 11
156 111
194 126
97 17
70 43
99 50
198 133
189 118
80 28
155 125
69 28
53 37
83 44
59 42
172 133
118 109
128 112
196 171
193 149
147 132
154 105
60 51
76 58
144 132
177 136
188 163
172 149
76 37
192 106
184 147
92 59
52 51
174 116
176 120
48 18
93 8
180 155
200 182
31 25
188 181
196 121
158 104
171 140
147 142
92 31
158 131
173 131
133 104
185 144
16 14
144 113
171 170
115 109
79 70
57 43
23 4
65 47
62 29
200 156
200 160
186 132
91 88
194 167
73 51
199 162
148 138
186 163
196 189
134 109
126 103
97 2
186 119
162 146
64 51
192 151
186 109
131 121
53 33
76 62
165 150
160 144
134 105
145 107
53 11
76 48
199 149
167 132
200 164
52 12
186 114
32 23
200 137
95 10
84 72
159 122
111 105
121 104
147 105
148 139
148 112
73 23
155 152
77 68
168 111
198 169
70 6
53 15
92 16
197 132
86 9
198 154
154 150
47 25
168 117
93 47
158 126
173 170
33 26
97 13
62 33
139 129
51 41
88 74
66 30
191 180
98 88
179 149
159 154
199 112
54 17
51 50
66 14
196 183
145 125
98 28
72 59
197 185
129 127
87 47
14 5
134 111
193 121
133 121
25 20
89 15
142 130
42 18
87 77
8 5
181 126
197 130
56 54
17 9
57 55
89 3
188 110
96 77
27 13
197 141
100 25
174 117
21 11
153 117
174 123
75 37
143 109
188 171
87 49
83 12
74 72
167 150
67 20
179 110
81 15
98 35
12 4
145 139
95 35
29 8
150 145
42 19
61 14
72 42
97 57
195 161
196 195
146 127
80 40
196 160
51 37
181 157
89 28
24 14
163 136
99 62
68 60
162 121
179 136
155 126
177 122
84 48
42 35
194 141
71 64
83 58
96 1
81 9
181 167
30 13
197 106
61 46
126 114
95 60
176 135
185 142
53 49
134 101
184 132
66 32
147 116
195 181
81 67
117 101
152 113
111 109
45 25
165 163
44 17
137 119
180 168
92 10
91 13
174 152
61 50
98 69
153 140
168 110
186 103
94 9
185 158
57 19
91 16
64 23
98 60
198 128
198 117
87 4
189 127
23 6
50 34
199 186
63 59
130 104
67 17
123 115
41 14
181 130
159 118
56 47
89 35
194 183
130 110
152 140
99 4
175 160
114 101
122 104
128 122
193 132
169 115
84 1
190 174
86 36
23 21
35 18
73 39
100 99
28 6
65 57
69 57
196 132
157 142
100 72
168 115
18 3
84 26
73 31
70 54
119 115
192 148
145 135
19 6
73 40
92 3
132 117
71 63
99 63
83 51
197 178
158 149
169 121
152 133
151 142
160 118
80 46
189 165
146 119
28 8
127 115
78 43
34 12
149 124
123 113
199 163
131 123
197 171
92 28
25 16
144 107
33 20
91 25
154 130
98 37
174 163
173 155
83 77
184 161
88 49
195 110
107 102
144 128
177 115
29 19
89 47
89 14
186 126
142 122
93 38
174 171
147 146
193 179
194 123
60 45
57 15
177 140
71 54
88 46
186 153
53 39
109 105
191 160
89 44
181 159
186 181
81 80
159 136
158 133
76 14
44 9
169 125
149 136
22 10
170 122
86 75
94 5
163 144
16 3
168 152
120 102
160 135
182 127
69 36
199 161
142 107
153 118
148 116
94 84
90 67
170 101
89 50
191 165
33 21
99 65
188 141
157 146
87 45
70 38
182 166
64 44
93 37
95 9
52 40
196 123
56 48
189 163
37 33
139 120
186 172
74 36
119 107
190 101
198 177
48 3
85 78
173 122
143 116
195 153
171 152
36 23
129 108
176 170
176 121
195 128
86 6
171 162
143 114
160 136
88 80
181 122
150 116
85 74
49 25
182 179
87 68
37 22
80 63
195 119
158 157
16 13
179 113
73 68
168 119
72 66
90 17
189 167
63 53
166 126
136 106
195 146
182 147
200 157
94 30
142 136
190 160
109 104
175 122
187 151
90 4
52 47
38 24
69 11
150 104
179 154
141 120
124 103
62 24
182 180
191 179
151 138
196 149
153 120
96 80
53 48
48 42
128 106
23 19
149 122
192 142
195 138
85 11
24 20
170 120
156 125
62 28
131 114
91 45
100 48
155 123
185 125
196 185
54 44
171 146
179 157
87 79
95 6
171 168
199 195
196 158
35 6
63 11
200 152
99 32
185 106
60 27
84 10
79 10
92 11
65 16
194 119
34 5
168 162
195 140
136 120
65 1
73 57
71 66
132 126
173 157
64 33
94 10
153 102
169 130
136 102
183 107
80 77
136 117
65 15
138 129
134 119
183 131
43 21
58 25
161 108
100 20
54 12
87 54
113 108
193 171
187 143
170 105
27 23
71 56
178 125
200 144
144 120
55 54
75 71
32 30
97 32
93 14
77 5
78 9
100 31
109 102
197 164
199 159
75 10
173 161
187 173
65 45
197 110
78 16
140 104
64 59
26 10
132 106
72 49
46 42
90 80
50 41
184 112
96 6
159 151
94 57
200 127
160 121
147 119
141 129
98 65
34 32
185 129
117 113
87 39
73 27
84 77
138 117
85 28
96 88
63 24
146 132
183 110
184 151
192 185
135 126
174 109
70 11
199 171
125 113
100 10
176 131
4 3
189 110
165 103
100 8
129 112
75 11
49 6
154 147
78 47
144 125
76 54
179 112
63 21
194 101
185 139
187 105
40 24
67 39
97 43
154 139
38 33
195 121
157 117
87 75
198 140
169 116
184 131
149 127
136 123
77 39
88 7
184 169
183 122
183 164
142 112
174 142
157 109
75 28
174 147
175 172
188 101
165 122
63 58
82 73
181 104
197 137
89 70
58 10
85 25
87 36
71 29
58 43
30 27
67 15
168 149
108 103
132 105
183 115
144 108
40 1
88 14
193 148
166 129
174 156
38 23
148 131
132 108
82 71
166 141
184 158
163 139
183 113
175 166
152 121
43 24
88 40
158 117
99 31
170 158
89 41
99 85
199 152
169 118
99 86
167 130
90 53
49 17
197 158
93 3
151 135
158 108
87 6
166 128
156 127
134 121
191 116
78 21
85 46
175 163
122 106
96 10
73 10
86 25
84 44
157 116
163 131
194 129
172 135
80 67
73 67
71 58
73 16
25 17
73 32
174 169
69 6
77 59
148 133
187 124
145 101
125 111
192 123
96 21
186 136
187 129
9 7
54 5
37 9
79 55
93 48
153 107
171 119
127 105
79 31
191 154
44 10
94 48
96 57
86 46
65 62
85 43
93 76
168 123
29 20
86 69
194 168
94 15
77 72
179 170
122 114
184 124
85 56
98 12
145 136
83 82
158 150
173 104
151 104
128 115
198 193
175 155
171 148
58 22
77 50
88 73
94 14
156 146
179 111
151 107
166 127
93 53
148 135
65 14
148 147
190 142
123 108
33 28
125 103
84 55
48 31
154 125
65 19
194 179
185 143
15 7
175 113
192 179
60 48
39 6
91 71
194 103
60 29
163 127
156 145
25 1
191 120
33 18
6 3
76 70
191 162
110 109
84 63
75 52
66 5
140 132
179 165
127 126
165 124
78 74
82 26
171 165
142 110
199 122
152 102
198 183
163 133
183 151
51 33
48 40
88 66
157 106
64 20
58 31
174 101
82 1
58 47
84 66
179 105
190 128
182 133
123 120
198 150
178 177
97 74
68 8
60 59
57 44
189 125
138 112
71 43
180 136
187 106
24 17
91 51
157 149
176 112
87 18
81 10
184 120
45 33
86 64
200 177
55 36
162 110
42 31
56 14
32 2
99 15
137 118
192 182
99 41
42 21
148 129
190 130
197 116
48 30
156 103
41 29
57 2
13 3
27 22
100 82
50 16
156 104
63 51
138 127
64 37
144 141
135 104
76 35
152 138
198 127
74 44
184 156
92 61
196 176
184 129
170 151
158 151
46 33
32 3
17 6
200 145
72 26
96 32
75 44
130 127
169 154
61 51
139 121
55 17
11 7
129 103
33 2
166 131
49 10
99 71
166 105
178 127
147 138
64 46
159 133
43 8
136 122
143 119
199 170
163 140
158 143
177 103
68 33
183 176
86 32
95 55
187 110
95 77
140 117
86 8
158 138
53 42
117 108
165 126
157 120
96 67
169 167
75 33
133 107
197 150
100 29
180 151
80 44
158 153
56 11
171 131
182 150
169 152
86 31
176 174
176 109
153 148
195 185
56 10
152 112
136 115
83 63
154 107
191 122
69 65
198 171
188 180
64 47
147 117
97 80
187 152
58 57
58 37
75 41
123 101
188 119
97 49
66 15
176 124
197 184
78 30
64 54
47 18
61 15
132 122
12 11
93 11
80 9
71 60
84 43
