200 400
51 133
78 158
79 151
15 122
39 157
18 199
39 154
42 175
97 169
4 164
53 167
81 185
40 134
20 135
96 123
60 126
64 139
98 145
39 150
62 103
84 147
53 120
73 157
62 159
35 134
60 183
74 153
37 168
41 119
8 148
81 167
57 137
48 164
23 104
99 126
67 159
50 109
12 176
67 104
95 171
65 196
70 132
56 153
21 171
71 153
32 161
43 165
40 165
25 125
6 162
23 186
57 135
53 165
28 116
28 198
92 168
1 143
50 170
33 154
79 188
5 106
67 153
32 173
12 110
38 113
43 109
66 113
30 190
41 142
65 141
73 138
19 110
15 186
85 153
59 162
93 147
50 146
44 113
26 140
98 124
68 158
28 142
46 156
10 101
27 141
64 143
18 120
25 163
50 178
46 167
53 175
11 131
92 179
43 177
78 143
61 129
10 186
88 118
52 193
32 140
79 168
53 185
6 131
80 154
95 116
94 148
3 176
86 150
38 169
74 177
13 138
93 133
86 192
63 119
54 181
92 189
73 161
100 156
28 192
83 134
60 133
10 148
93 169
85 110
14 184
6 193
51 162
60 108
85 196
19 170
82 160
62 143
28 180
76 139
80 186
70 137
2 198
99 120
57 114
46 119
3 141
16 183
100 182
66 172
96 183
19 135
38 200
50 171
96 116
56 159
11 174
40 198
16 149
77 185
33 152
17 112
8 184
10 123
99 102
33 137
86 157
51 174
75 144
72 159
27 147
32 105
32 146
59 158
28 140
98 195
68 168
21 170
76 188
83 179
39 138
43 158
97 138
38 148
52 165
73 186
65 161
77 125
51 116
72 196
76 121
99 103
6 191
38 144
89 183
49 159
92 120
96 107
87 164
60 151
90 182
68 116
62 186
86 102
55 134
3 192
81 149
90 153
86 170
39 179
65 160
12 159
88 184
9 168
64 185
15 191
9 195
46 151
35 151
37 158
58 126
3 134
97 117
47 127
88 108
46 105
63 188
32 145
70 185
98 106
18 124
74 148
44 108
80 104
34 172
75 196
88 136
22 193
76 169
28 189
42 161
92 194
85 131
92 188
35 152
82 164
60 196
90 109
1 106
12 163
49 134
19 148
50 154
39 121
94 197
84 172
48 167
35 197
64 176
100 177
70 160
38 130
86 167
69 114
71 127
37 153
31 193
14 174
50 177
3 189
13 190
40 130
24 200
70 180
12 122
38 185
62 137
83 136
68 107
18 163
95 180
37 148
56 145
50 155
53 140
2 176
28 122
59 175
100 131
27 110
73 151
60 101
5 109
23 157
4 113
14 173
15 188
99 115
86 174
64 136
26 168
32 123
66 134
97 166
10 155
33 113
66 40
19 10
23 6
184 125
198 146
157 105
153 103
174 133
155 154
179 126
77 63
29 23
75 27
51 13
178 117
185 129
200 168
46 11
188 184
152 121
90 16
74 57
141 111
165 152
100 31
198 181
67 40
55 41
160 117
95 88
185 178
200 121
54 44
134 119
74 25
65 55
165 110
200 176
156 102
174 165
99 57
191 110
98 5
176 129
131 104
90 21
175 105
89 49
164 106
199 123
94 69
143 130
148 143
171 142
188 118
88 66
137 121
191 159
55 22
62 42
11 8
38 12
173 130
171 150
198 101
50 38
58 29
13 6
89 23
162 147
76 69
128 113
99 78
29 1
140 134
177 156
95 38
92 31
74 60
36 15
73 48
198 167
156 150
119 102
200 182
121 103
106 101
79 33
91 37
62 16
200 160
34 15
70 16
93 73
94 65
93 71
92 29
198 151
87 59
96 64
