200 500
52 200
61 107
88 111
96 179
62 103
78 110
37 160
4 188
56 127
79 140
76 141
18 193
26 175
41 186
32 168
10 133
1 199
50 123
9 164
76 163
89 148
11 144
86 153
62 156
34 152
16 188
85 159
42 141
83 128
70 186
79 115
18 167
67 165
66 111
62 119
81 133
42 183
37 101
58 117
17 121
99 124
91 195
29 174
89 187
41 154
61 103
13 161
48 101
72 186
62 139
16 173
7 175
51 146
13 111
28 109
38 158
78 145
2 172
44 137
94 184
50 112
2 106
96 162
100 124
75 189
88 198
95 164
10 151
12 129
36 182
59 161
55 147
1 105
45 149
9 161
89 198
7 155
7 197
83 108
56 143
25 142
59 178
96 194
55 170
74 180
94 166
100 151
82 133
42 152
83 152
94 131
21 122
32 156
41 178
61 163
83 174
77 109
33 187
91 154
45 135
46 127
18 148
5 108
37 108
97 181
14 166
55 156
13 166
22 129
99 185
1 116
22 174
17 167
28 155
5 114
51 114
39 197
17 146
73 133
96 139
53 145
57 105
90 101
27 113
19 170
45 157
2 127
18 195
55 161
65 109
55 115
29 132
68 162
56 188
35 185
57 162
41 136
36 129
47 198
54 161
29 152
31 170
38 144
63 118
19 180
5 158
99 113
69 144
63 195
80 128
76 123
71 120
31 139
7 123
27 173
31 145
58 153
37 122
52 188
97 143
18 180
28 183
90 148
17 181
63 124
71 116
8 171
66 190
82 142
99 140
47 196
42 143
58 199
11 124
29 165
75 105
47 176
54 147
46 115
26 158
50 155
42 153
32 164
25 197
1 165
48 143
57 186
62 187
70 155
92 189
57 193
61 200
96 153
52 164
57 123
52 172
81 196
62 133
45 154
32 131
93 104
81 152
77 140
89 194
79 123
55 122
78 157
70 142
34 156
83 145
66 138
77 190
13 116
56 136
7 136
11 176
29 108
11 119
74 157
28 104
70 135
32 150
7 111
87 103
81 154
31 148
30 167
88 135
52 163
80 103
8 196
48 115
24 199
19 187
22 169
82 132
59 190
42 103
75 118
57 101
73 174
12 149
19 107
70 136
71 149
25 186
38 195
6 107
71 118
93 165
82 181
42 127
55 142
39 119
27 182
8 146
6 114
91 188
76 160
67 177
83 154
35 167
66 165
95 186
54 184
68 161
65 147
4 140
11 162
43 174
43 123
6 129
16 126
4 127
43 164
87 162
79 159
53 125
65 126
19 161
31 194
60 113
84 115
72 163
21 133
34 111
49 126
81 158
50 187
23 199
64 169
37 136
60 102
61 158
63 145
39 109
23 147
32 195
47 135
33 149
88 13
60 39
9 5
129 107
188 158
66 47
155 113
45 24
55 49
94 24
188 123
171 131
27 6
85 46
77 68
154 121
17 14
77 65
85 77
172 119
66 55
62 51
45 11
128 123
70 57
168 141
189 141
92 29
112 103
53 4
168 131
118 117
199 193
88 4
128 111
122 119
131 110
57 30
97 83
50 28
19 6
70 50
162 113
79 29
157 102
84 59
187 130
170 131
159 109
96 78
200 138
21 1
65 39
200 192
43 31
89 33
140 116
41 9
94 90
89 14
162 130
143 104
64 47
169 140
82 12
185 182
161 102
66 65
162 160
173 139
54 29
81 14
80 75
161 119
200 173
44 37
156 115
17 16
85 7
9 3
199 184
188 114
58 43
158 138
170 104
163 125
25 22
39 35
84 79
88 64
92 68
98 49
185 183
22 19
200 148
37 9
74 25
98 74
63 26
154 125
184 121
97 84
68 61
127 119
170 160
68 46
133 128
148 147
149 115
80 26
189 144
89 37
152 127
85 81
79 4
149 130
75 5
58 36
194 102
84 28
167 120
100 39
74 43
99 58
94 6
89 41
96 13
192 104
71 45
91 65
172 139
45 12
118 104
180 139
100 18
144 133
60 37
52 49
5 3
165 135
52 42
71 69
135 115
126 118
179 167
184 172
144 102
161 159
196 185
61 22
155 148
151 111
180 101
163 161
57 3
27 17
88 33
114 110
198 108
191 156
158 135
136 127
79 41
25 20
69 53
191 114
168 129
186 120
187 146
95 4
174 159
195 116
89 83
145 105
189 120
199 118
192 173
87 61
83 59
180 150
87 4
82 77
88 12
39 25
182 130
183 167
196 145
75 58
160 154
88 16
21 6
59 37
159 111
158 117
125 123
187 140
196 118
88 45
200 161
189 173
