200 600
48 198
24 178
90 199
25 185
20 135
19 170
69 176
21 177
96 181
47 109
36 178
49 124
25 127
80 185
14 183
20 111
40 118
93 114
85 104
49 168
76 160
72 191
88 148
12 161
25 186
79 104
24 148
16 176
6 136
55 186
31 176
22 175
32 185
81 105
98 191
85 120
29 129
20 102
84 137
72 138
76 132
100 188
19 108
82 150
18 173
62 140
85 169
99 114
72 111
71 191
92 127
3 174
7 188
60 144
24 102
57 177
24 131
24 164
48 181
71 103
79 105
6 154
91 190
26 101
54 155
53 184
95 108
29 110
21 104
63 139
23 147
85 145
37 121
31 119
31 189
50 106
52 109
87 131
36 110
76 156
56 137
33 115
43 135
61 193
37 196
44 179
86 111
88 188
79 169
36 144
62 127
29 156
12 179
57 195
67 121
84 135
31 177
56 197
81 147
60 104
69 152
56 161
4 113
86 116
37 197
94 158
27 172
20 138
61 105
67 111
12 118
27 163
44 172
96 185
38 151
72 123
30 173
41 128
71 133
71 164
6 193
73 164
22 187
9 191
89 105
39 134
52 200
92 143
26 135
5 125
69 193
11 173
88 178
64 188
13 115
23 112
8 184
82 164
55 199
83 155
39 112
40 125
5 144
16 144
11 185
68 159
88 141
30 168
33 122
53 177
16 127
36 132
48 165
23 135
65 176
98 128
7 165
66 122
28 101
77 150
20 103
57 178
97 170
70 125
53 172
29 197
19 138
40 173
3 108
90 141
48 187
54 167
49 177
5 151
44 141
74 146
61 133
22 114
63 123
86 193
8 172
62 175
69 200
86 119
100 153
2 121
19 183
88 136
51 173
96 131
12 154
68 108
80 182
65 190
26 160
89 177
78 176
60 158
3 150
59 166
26 139
49 172
88 133
42 144
61 153
10 108
47 146
51 139
14 186
15 106
80 111
35 174
75 135
1 147
83 151
25 149
38 197
54 120
46 157
24 200
85 107
37 108
10 194
37 156
52 141
79 198
72 185
58 189
54 180
93 130
44 192
49 123
3 111
15 126
37 105
88 105
14 144
22 169
46 177
18 155
68 174
14 101
59 188
17 195
44 183
97 144
13 103
77 171
70 133
31 193
29 174
45 162
98 106
12 129
77 169
18 106
13 153
14 185
94 168
84 196
28 162
32 166
5 156
3 198
38 124
79 114
44 161
62 176
29 182
4 136
80 160
34 194
36 148
65 168
36 174
73 161
47 121
47 108
74 180
8 137
68 115
48 164
65 108
28 163
12 127
32 160
65 181
82 130
13 157
63 145
23 125
49 166
65 118
70 193
13 164
21 129
77 119
61 178
9 181
87 153
124 108
187 116
97 75
192 121
200 130
96 53
96 20
190 189
92 86
68 66
74 56
167 136
153 111
130 128
67 25
155 144
90 34
128 109
173 109
200 189
149 126
95 91
197 177
190 137
200 174
57 3
165 123
100 92
100 95
192 105
99 88
53 40
82 69
195 134
63 9
21 2
195 180
112 108
56 39
155 133
34 4
147 132
89 64
176 163
154 153
90 76
63 24
86 7
87 18
81 79
75 71
52 31
189 179
161 106
187 140
21 14
95 42
73 71
164 126
159 154
72 53
95 16
169 141
196 138
60 13
75 32
22 12
194 168
100 2
180 177
178 115
139 110
69 32
165 155
154 135
187 161
67 56
46 23
171 149
66 12
39 21
69 35
147 114
184 165
40 32
14 9
163 148
166 136
82 53
156 152
85 33
181 174
150 118
146 126
24 21
46 7
67 5
198 121
199 190
187 147
28 20
171 150
191 151
185 112
29 1
40 11
90 36
198 168
181 115
42 22
84 51
43 7
164 143
22 16
178 146
179 171
199 132
184 127
145 105
184 146
59 1
200 148
134 122
184 155
99 23
191 106
152 129
84 76
96 35
94 79
192 149
138 132
200 187
188 164
125 123
90 41
151 105
200 111
39 8
75 65
184 164
71 33
45 34
54 49
189 117
67 59
191 173
165 152
35 21
84 22
95 57
85 2
136 102
99 44
69 14
187 134
199 195
79 13
94 49
156 117
86 48
55 28
72 15
85 54
157 133
191 130
71 9
199 184
148 116
200 144
70 2
52 8
93 5
198 153
176 146
175 142
97 1
69 26
72 13
52 10
160 106
74 42
130 127
184 101
12 5
74 5
59 45
185 105
94 71
53 1
97 9
198 166
177 141
167 125
150 111
94 74
166 137
158 144
87 27
132 123
76 18
153 116
167 134
200 132
83 35
59 48
45 35
87 59
162 136
177 128
128 107
187 123
180 117
183 165
76 61
22 19
35 20
155 103
78 43
83 77
133 108
170 126
78 9
88 43
96 87
199 124
85 25
123 101
146 136
186 161
15 11
63 23
150 149
65 2
97 21
142 104
187 178
127 110
142 110
92 38
194 153
60 1
11 5
143 136
23 12
100 42
153 117
128 119
182 150
140 110
178 120
36 12
159 139
38 3
57 45
59 37
68 62
96 52
85 16
198 142
79 31
72 3
72 60
199 150
193 136
81 44
168 137
145 108
174 166
173 124
71 7
79 34
30 17
150 143
88 49
194 180
200 157
177 116
164 155
55 16
35 1
172 136
171 107
63 57
36 1
84 4
40 38
169 112
35 24
94 68
54 31
43 32
38 16
199 114
157 140
198 182
38 28
99 58
160 128
69 39
