1000 2
914 471
926 483
607 164
178 265
649 206
262 181
97 346
9 434
542 99
14 429
28 471
811 368
159 284
29 414
635 192
524 81
376 67
604 161
301 142
32 411
48 491
462 19
181 262
508 65
8 435
505 62
799 356
596 153
107 336
567 124
679 236
826 383
830 387
306 137
448 5
159 284
473 30
42 485
19 462
754 311
156 287
532 89
519 76
422 21
15 428
1 442
701 258
76 367
831 388
860 417
871 428
79 364
387 56
657 214
485 42
1 444
761 318
291 152
760 317
531 88
117 326
273 170
379 64
635 192
463 20
24 467
804 361
387 56
513 70
453 10
50 493
666 223
522 79
684 241
618 175
737 294
227 216
278 165
751 308
391 52
861 418
116 327
405 38
328 115
905 462
796 353
748 305
244 199
917 474
196 247
875 432
787 344
24 419
812 369
713 270
387 56
860 417
359 84
580 137
419 24
253 190
13 430
854 411
263 180
688 245
439 4
382 61
862 419
616 173
553 110
677 234
581 138
379 64
894 451
44 399
330 113
7 436
300 143
301 142
615 172
870 427
2 441
868 425
22 421
267 176
650 207
667 224
669 226
136 307
81 362
23 466
325 118
251 192
50 493
462 19
6 449
109 334
505 62
463 20
812 369
230 213
595 152
37 406
617 174
262 181
107 336
862 419
885 442
554 111
9 434
645 202
564 121
359 84
304 139
601 158
33 476
43 486
666 223
737 294
604 161
844 401
371 72
2 441
706 263
323 120
851 408
862 419
355 88
665 222
16 459
431 12
763 320
284 159
795 352
797 354
400 43
635 192
219 224
698 255
22 421
466 23
628 185
54 389
194 249
303 140
469 26
703 260
296 147
73 370
203 240
753 310
299 144
316 127
883 440
628 185
683 240
45 398
34 409
836 393
432 11
811 368
206 237
490 47
512 69
653 210
829 386
527 84
272 171
274 169
534 91
688 245
387 56
182 261
64 379
852 409
339 104
896 453
47 396
667 224
367 76
405 38
210 233
195 248
806 363
436 7
123 320
923 480
638 195
836 393
879 436
127 316
135 308
572 129
235 208
801 358
672 229
419 24
826 383
908 465
36 407
55 388
201 242
920 477
304 139
476 33
632 189
366 77
738 295
926 483
6 437
495 52
47 396
146 297
390 53
426 17
113 330
332 111
38 405
757 314
859 416
613 170
74 369
657 214
159 284
48 395
895 452
547 104
543 100
115 328
7 450
924 481
576 133
46 489
247 196
705 262
644 201
142 301
6 437
112 331
923 480
144 299
879 436
261 182
857 414
42 485
470 27
216 227
556 113
428 15
388 55
79 364
608 165
27 470
59 384
563 120
15 458
701 258
70 373
225 218
854 411
806 363
177 266
642 199
558 115
924 481
780 337
47 396
468 25
743 300
520 77
105 338
320 123
744 301
346 97
173 270
800 357
541 98
176 267
737 294
665 222
316 127
609 166
916 473
182 261
109 334
51 392
91 352
360 83
82 361
526 83
414 29
480 37
237 206
915 472
640 197
33 476
830 387
917 474
555 112
286 157
296 147
714 271
739 296
132 311
164 279
795 352
58 385
429 14
526 83
773 330
667 224
762 319
116 327
913 470
858 415
171 272
5 448
37 406
600 157
253 190
927 484
607 164
526 83
791 348
572 129
226 217
450 7
284 159
404 39
45 398
781 338
729 286
186 257
574 131
98 345
287 156
523 80
576 133
119 324
22 421
652 209
543 100
124 319
705 262
219 224
11 454
801 358
12 431
47 490
705 262
295 148
709 266
312 131
8 451
49 492
806 363
326 117
455 12
521 78
914 471
919 476
460 17
33 410
354 89
462 19
787 344
84 359
453 10
434 9
923 480
204 239
50 493
680 237
199 244
50 493
892 449
596 153
6 437
768 325
754 311
665 222
399 44
13 456
282 161
139 304
601 158
431 12
517 74
339 104
594 151
280 163
533 90
357 86
942 499
394 49
759 316
695 252
522 79
43 486
188 255
331 112
58 385
803 360
904 461
271 172
618 175
423 20
566 123
375 68
11 454
391 52
359 84
27 470
838 395
64 379
312 131
280 163
924 481
404 39
50 493
735 292
623 180
15 458
513 70
150 293
53 390
610 167
574 131
38 405
43 486
616 173
482 39
215 228
55 388
928 485
367 76
592 149
666 223
55 388
52 391
413 30
761 318
879 436
428 15
238 205
905 462
424 19
483 40
208 235
755 312
433 10
342 101
877 434
350 93
24 467
816 373
505 62
15 458
613 170
752 309
503 60
688 245
218 225
580 137
6 437
561 118
853 410
537 94
93 350
829 386
293 150
340 103
683 240
615 172
10 433
172 271
827 384
50 493
877 434
586 143
889 446
336 107
920 477
816 373
715 272
509 66
623 180
853 410
722 279
212 231
218 225
280 163
706 263
433 10
13 430
144 299
7 436
132 311
586 143
673 230
580 137
318 125
312 131
838 395
260 183
503 60
20 423
867 424
245 198
690 247
361 82
597 154
826 383
847 404
618 175
416 27
586 143
28 471
178 265
492 49
761 318
901 458
773 330
108 335
884 441
385 58
715 272
184 259
903 460
369 74
517 74
685 242
775 332
248 195
26 469
472 29
142 301
87 356
508 65
419 24
577 134
756 313
136 307
924 481
645 202
36 479
196 247
29 472
679 236
527 84
26 469
380 63
751 308
265 178
889 446
271 172
848 405
858 415
891 448
327 116
353 90
902 459
708 265
726 283
587 144
199 244
627 184
935 492
582 139
163 280
290 153
513 70
38 481
558 115
76 367
434 9
13 456
652 209
782 339
846 403
422 21
705 262
926 483
793 350
82 361
775 332
474 31
498 55
433 10
469 26
389 54
168 275
31 474
456 13
628 185
769 326
243 200
903 460
811 368
871 428
435 8
363 80
310 133
664 221
233 210
205 238
865 422
658 215
806 363
767 324
835 392
795 352
28 415
135 308
286 157
67 376
12 431
148 295
804 361
382 61
407 36
220 223
706 263
44 487
245 198
166 277
334 109
36 479
937 494
764 321
106 337
141 302
361 82
65 378
690 247
618 175
522 79
256 187
841 398
140 303
261 182
835 392
518 75
842 399
694 251
725 282
831 388
688 245
717 274
706 263
845 402
827 384
36 479
404 39
785 342
855 412
813 370
629 186
468 25
370 73
50 493
786 343
556 113
510 67
228 215
56 387
210 233
90 353
807 364
499 56
826 383
61 382
421 22
242 201
904 461
617 174
466 23
330 113
247 196
628 185
127 316
891 448
19 462
606 163
88 355
554 111
642 199
646 203
332 111
424 19
2 441
219 224
231 212
380 63
456 13
893 450
285 158
194 249
395 48
100 343
230 213
752 309
826 383
265 178
161 282
270 173
764 321
791 348
865 422
456 13
516 73
653 210
341 102
891 448
329 114
747 304
808 365
256 187
437 6
376 67
484 41
680 237
743 300
404 39
662 219
34 477
739 296
495 52
117 326
344 99
900 457
81 362
240 203
871 428
713 270
521 78
782 339
50 493
26 417
60 383
189 254
296 147
350 93
662 219
26 469
210 233
499 56
2 445
557 114
498 55
745 302
303 140
420 23
593 150
25 418
452 9
933 490
679 236
415 28
546 103
495 52
917 474
38 405
656 213
403 40
249 194
698 255
238 205
664 221
102 341
12 455
903 460
195 248
200 243
708 265
47 490
475 32
586 143
43 486
289 154
70 373
847 404
926 483
345 98
849 406
876 433
412 31
412 31
214 229
620 177
794 351
229 214
493 50
715 272
499 56
15 428
105 338
416 27
717 274
513 70
498 55
297 146
108 335
769 326
228 215
10 453
252 191
92 351
47 396
257 186
334 109
13 456
501 58
571 128
425 18
172 271
483 40
745 302
5 448
918 475
44 487
726 283
248 195
302 141
17 460
393 50
464 21
395 48
620 177
487 44
97 346
153 290
650 207
186 257
869 426
718 275
534 91
840 397
682 239
643 200
865 422
394 49
222 221
333 110
320 123
278 165
499 56
600 157
517 74
758 315
272 171
262 181
690 247
450 7
280 163
37 480
161 282
519 76
326 117
872 429
404 39
854 411
321 122
224 219
133 310
40 483
1 444
50 493
439 4
530 87
443 0
146 297
85 358
729 286
211 232
307 136
131 312
556 113
757 314
917 474
533 90
4 447
918 475
511 68
548 105
815 372
614 171
505 62
546 103
509 66
370 73
47 396
184 259
196 247
524 81
645 202
939 496
381 62
831 388
32 411
925 482
695 252
221 222
708 265
641 198
18 461
363 80
727 284
576 133
867 424
253 190
730 287
889 446
849 406
278 165
207 236
570 127
385 58
857 414
169 274
701 258
865 422
50 493
746 303
762 319
232 211
916 473
533 90
54 389
854 411
30 413
556 113
702 259
648 205
68 375
716 273
666 223
439 4
2 441
133 310
131 312
781 338
267 176
313 130
884 441
726 283
539 96
763 320
763 320
156 287
151 292
883 440
840 397
895 452
24 419
642 199
841 398
25 468
340 103
678 235
