0 464 
0 476 
0 157 
0 -272 
0 199 
0 -188 
0 -353 
0 -441 
0 92 
0 -436 
0 -478 
0 361 
0 -291 
0 -421 
0 185 
0 74 
0 -74 
0 154 
0 -149 
0 -418 
0 -498 
0 12 
0 -269 
0 58 
0 -442 
0 55 
0 349 
0 146 
0 -343 
0 117 
0 229 
0 376 
0 380 
0 -144 
0 -2 
0 -291 
0 23 
0 -492 
0 -469 
0 304 
0 -294 
0 82 
0 69 
0 -28 
0 -435 
0 -449 
0 251 
0 -374 
0 381 
0 410 
0 421 
0 -371 
0 -63 
0 207 
0 35 
0 -451 
0 311 
0 -159 
0 310 
0 81 
0 -333 
0 -177 
0 -71 
0 185 
0 13 
0 -474 
0 354 
0 -63 
0 63 
0 3 
0 -500 
0 216 
0 72 
0 234 
0 168 
0 287 
0 -223 
0 -172 
0 301 
0 -59 
0 411 
0 -334 
0 -45 
0 -122 
0 455 
0 346 
0 298 
0 -206 
0 467 
0 -254 
0 425 
0 337 
0 -426 
0 362 
0 263 
0 -63 
0 410 
0 -91 
0 130 
0 -31 
0 -197 
0 -437 
0 404 
0 -187 
0 238 
0 -11 
0 -68 
0 412 
0 166 
0 103 
0 227 
0 131 
0 -71 
0 444 
0 -406 
0 -120 
0 -443 
0 -150 
0 -149 
0 165 
0 420 
0 -448 
0 418 
0 -428 
0 -183 
0 200 
0 217 
0 219 
0 -314 
0 -369 
0 -473 
0 -125 
0 -199 
0 -500 
0 12 
0 -456 
0 -341 
0 55 
0 13 
0 362 
0 -220 
0 145 
0 -413 
0 167 
0 -188 
0 -343 
0 412 
0 435 
0 104 
0 -441 
0 195 
0 114 
0 -91 
0 -146 
0 151 
0 -483 
0 -493 
0 216 
0 287 
0 154 
0 394 
0 -79 
0 -448 
0 256 
0 -127 
0 401 
0 412 
0 -95 
0 215 
0 -466 
0 -19 
0 313 
0 -166 
0 345 
0 347 
0 -50 
0 185 
0 -231 
0 248 
0 -428 
0 16 
0 178 
0 -396 
0 -256 
0 -147 
0 19 
0 253 
0 -154 
0 -377 
0 -247 
0 303 
0 -151 
0 -134 
0 433 
0 178 
0 233 
0 -405 
0 -416 
0 386 
0 -18 
0 361 
0 -244 
0 40 
0 62 
0 203 
0 379 
0 77 
0 -178 
0 -176 
0 84 
0 238 
0 -63 
0 -268 
0 -386 
0 402 
0 -111 
0 446 
0 -403 
0 217 
0 -83 
0 -45 
0 -240 
0 -255 
0 356 
0 -14 
0 -327 
0 473 
0 188 
0 386 
0 429 
0 -323 
0 -315 
0 122 
0 -215 
0 351 
0 222 
0 -31 
0 376 
0 458 
0 -414 
0 -395 
0 -249 
0 470 
0 -146 
0 26 
0 182 
0 -84 
0 288 
0 476 
0 -444 
0 45 
0 -403 
0 -304 
0 -60 
0 -24 
0 -337 
0 -118 
0 -412 
0 307 
0 409 
0 163 
0 -376 
0 207 
0 -291 
0 -402 
0 445 
0 97 
0 93 
0 -335 
0 -457 
0 474 
0 126 
0 -496 
0 -203 
0 255 
0 194 
0 -308 
0 -444 
0 -338 
0 473 
0 -306 
0 429 
0 -189 
0 407 
0 -492 
0 20 
0 -234 
0 106 
0 -22 
0 -62 
0 -371 
0 158 
0 -477 
0 -391 
0 113 
0 -465 
0 251 
0 -380 
0 -225 
0 404 
0 356 
0 -273 
0 192 
0 108 
0 474 
0 330 
0 -403 
0 18 
0 293 
0 70 
0 -345 
0 -130 
0 294 
0 -104 
0 -277 
0 350 
0 91 
0 -274 
0 287 
0 215 
0 -134 
0 159 
0 466 
0 -268 
0 -341 
0 -399 
0 -359 
0 -90 
0 -368 
0 76 
0 -36 
0 30 
0 -213 
0 465 
0 190 
0 -483 
0 380 
0 467 
0 105 
0 -164 
0 -154 
0 264 
0 289 
0 -318 
0 -286 
0 345 
0 -392 
0 -21 
0 76 
0 323 
0 217 
0 312 
0 -334 
0 463 
0 408 
0 -279 
0 -455 
0 -413 
0 150 
0 -197 
0 477 
0 157 
0 76 
0 341 
0 122 
0 -224 
0 0 
0 -166 
0 -46 
0 -405 
0 331 
0 279 
0 -264 
0 124 
0 -352 
0 -163 
0 73 
0 126 
0 -331 
0 -428 
0 202 
0 93 
0 -326 
0 255 
0 -231 
0 -461 
0 351 
0 -438 
0 -497 
0 255 
0 -155 
0 259 
0 -138 
0 -458 
0 -499 
0 356 
0 -124 
0 5 
0 71 
0 464 
0 469 
0 10 
0 -417 
0 -96 
0 12 
0 337 
0 -366 
0 3 
0 -16 
0 473 
0 -246 
0 -500 
0 230 
0 -251 
0 -500 
0 442 
0 146 
0 -444 
0 318 
0 304 
0 215 
0 -51 
0 -463 
0 -168 
0 -311 
0 151 
0 -19 
0 67 
0 -111 
0 144 
0 -170 
0 83 
0 -93 
0 492 
0 -56 
0 309 
0 245 
0 72 
0 -493 
0 -262 
0 -119 
0 -392 
0 353 
0 454 
0 -179 
0 168 
0 -27 
0 116 
0 -75 
0 -461 
0 -59 
0 -91 
0 -477 
0 388 
0 -386 
0 -138 
0 -170 
0 474 
0 -46 
0 -500 
0 285 
0 173 
0 -465 
0 63 
0 -300 
0 -397 
0 160 
0 124 
0 -412 
0 -493 
0 166 
0 32 
0 -235 
0 -395 
0 478 
0 -83 
0 142 
0 216 
0 -395 
0 -398 
0 -37 
0 311 
0 429 
0 -22 
0 -212 
0 455 
0 -26 
0 33 
0 -242 
0 305 
0 -17 
0 -108 
0 427 
0 -100 
0 -474 
0 366 
0 55 
0 -465 
0 163 
0 302 
0 53 
0 238 
0 -232 
0 130 
0 -444 
0 111 
0 403 
0 87 
0 -357 
0 379 
0 -157 
0 -110 
0 233 
0 165 
0 -440 
0 -278 
0 377 
0 -500 
0 427 
0 136 
0 439 
0 -114 
0 470 
0 366 
0 265 
0 59 
0 173 
0 403 
0 272 
0 -238 
0 -232 
0 -170 
0 256 
0 -17 
0 -437 
0 -306 
0 -443 
0 -318 
0 136 
0 223 
0 130 
0 -132 
0 -138 
0 388 
0 -190 
0 53 
0 -430 
0 417 
0 -205 
0 240 
0 -89 
0 147 
0 376 
0 397 
0 168 
0 -34 
0 136 
0 -478 
0 -272 
0 42 
0 311 
0 451 
0 323 
0 -342 
0 434 
0 -65 
0 265 
0 -266 
0 453 
0 -81 
0 67 
0 235 
0 325 
0 -202 
0 -476 
0 22 
0 -308 
0 -363 
0 58 
0 -31 
0 127 
0 306 
0 -314 
0 474 
0 195 
0 -486 
0 -254 
0 -479 
0 229 
0 77 
0 -476 
0 -70 
0 301 
0 -185 
0 439 
0 -179 
0 398 
0 408 
0 441 
0 -123 
0 -97 
0 452 
0 258 
0 276 
0 137 
0 -251 
0 177 
0 485 
0 132 
0 -287 
0 -160 
0 63 
0 -488 
0 108 
0 -374 
0 -16 
0 -463 
0 202 
0 332 
0 396 
0 -28 
0 255 
0 476 
0 343 
0 -368 
0 325 
0 24 
0 48 
0 -17 
0 19 
0 -61 
0 -282 
0 -481 
0 6 
0 178 
0 319 
0 -207 
0 453 
0 361 
0 421 
0 -15 
0 -87 
0 -140 
0 214 
0 -217 
0 -245 
0 415 
0 208 
0 356 
0 317 
0 385 
0 345 
0 -422 
0 -315 
0 -164 
0 -383 
0 -438 
0 -302 
0 354 
0 -68 
0 -43 
0 -230 
0 256 
0 -494 
0 -205 
0 -284 
0 -116 
0 -486 
0 487 
0 314 
0 -344 
0 -309 
0 -89 
0 -385 
0 240 
0 168 
0 72 
0 -194 
0 391 
0 -310 
0 -189 
0 385 
0 68 
0 392 
0 244 
0 275 
0 381 
0 238 
0 267 
0 256 
0 395 
0 377 
0 -486 
0 -46 
0 335 
0 405 
0 363 
0 179 
0 18 
0 -80 
0 -500 
0 336 
0 106 
0 60 
0 -222 
0 -394 
0 -240 
0 -360 
0 357 
0 49 
0 376 
0 -389 
0 -29 
0 -208 
0 454 
0 167 
0 16 
0 -120 
0 -203 
0 178 
0 -323 
0 441 
0 -469 
0 156 
0 -362 
0 104 
0 192 
0 196 
0 -118 
0 -26 
0 -448 
0 -231 
0 -219 
0 -70 
0 6 
0 443 
0 -165 
0 -256 
0 -55 
0 -350 
0 -220 
0 302 
0 376 
0 -185 
0 -289 
0 -180 
0 314 
0 341 
0 415 
0 6 
0 66 
0 203 
0 -109 
0 441 
0 -121 
0 297 
0 358 
0 -194 
0 -13 
0 -74 
0 34 
0 230 
0 293 
0 -46 
0 212 
0 -484 
0 289 
0 45 
0 -333 
0 -106 
0 450 
0 -369 
0 -210 
0 421 
0 263 
0 71 
0 332 
550 -1050 
0 -424 
0 -390 
0 -261 
0 -154 
0 -100 
0 212 
0 -476 
0 -240 
0 49 
0 -452 
0 107 
0 48 
0 295 
0 -147 
0 -30 
0 143 
0 -425 
0 2 
0 483 
0 229 
0 -35 
0 96 
0 45 
0 467 
0 -412 
0 206 
0 -47 
0 -201 
0 248 
0 -212 
0 214 
0 -348 
0 -462 
0 453 
0 -255 
0 -250 
0 258 
0 -497 
0 25 
0 136 
0 -493 
0 -161 
0 -380 
0 397 
0 476 
0 -105 
0 399 
0 426 
0 -38 
0 -38 
0 -236 
0 170 
0 344 
0 -221 
0 43 
0 265 
0 49 
0 -435 
0 -345 
0 -34 
0 267 
0 63 
0 48 
0 -153 
0 -342 
0 319 
0 -222 
0 -460 
0 -198 
0 -358 
0 -403 
0 -193 
0 -116 
0 -463 
0 51 
0 121 
0 -25 
0 -278 
0 33 
0 295 
0 -455 
0 468 
0 -494 
0 276 
0 -202 
0 -148 
0 -467 
0 -57 
0 14 
0 -55 
0 170 
0 37 
0 -353 
0 -297 
0 200 
0 -264 
0 419 
0 268 
0 84 
0 390 
0 232 
0 193 
0 415 
0 -56 
0 -228 
0 -117 
0 -130 
0 -172 
0 49 
0 150 
0 67 
0 308 
0 -178 
0 -188 
0 240 
0 0 
0 -170 
0 -487 
0 -289 
0 69 
0 -124 
0 422 
0 -46 
0 404 
0 -129 
0 -226 
0 -317 
0 -490 
0 -451 
-500 0 
0 -11 
0 80 
0 -7 
0 -304 
0 -365 
0 279 
0 -239 
0 -143 
0 -319 
0 106 
0 307 
0 467 
0 83 
0 -454 
0 468 
0 61 
0 98 
0 365 
0 164 
0 55 
0 96 
0 59 
0 -80 
0 -403 
0 -266 
0 -254 
0 74 
0 195 
0 489 
0 -69 
0 381 
0 -418 
0 475 
0 245 
0 -229 
0 258 
0 191 
0 -468 
0 -87 
0 277 
0 126 
0 417 
0 -197 
0 280 
0 439 
0 399 
0 -172 
0 -243 
0 120 
0 -65 
0 407 
0 -281 
0 251 
0 415 
-500 0 
0 296 
0 312 
0 -218 
0 466 
0 83 
0 -396 
0 404 
0 -420 
0 106 
0 252 
0 198 
0 -382 
0 266 
0 216 
0 -11 
0 -448 
0 -317 
0 -319 
0 331 
0 -183 
0 -137 
0 434 
0 276 
0 89 
0 313 
0 313 
0 -294 
0 -299 
0 433 
0 390 
0 445 
0 -426 
0 192 
0 391 
0 -475 
0 -110 
0 228 
