100 100
14 50 6 9 35 31 9 1 40 31 30 17 58 53 33 43 19 37 41 35 20 51 29 44 20 19 4 4 59 29 56 50 37 38 49 59 41 1 37 10 19 41 2 4 29 20 13 7 25 25 54 31 38 14 22 3 35 37 22 49 35 29 1 24 23 7 38 9 41 33 55 19 19 17 8 55 59 9 29 8 40 36 21 3 12 24 59 59 2 14 59 59 0 15 19 37 2 9 3 20
60 4 40 55 81 15 37 47 6 77 76 63 12 7 79 3 65 83 5 81 66 5 17 2 26 27 50 42 13 75 10 4 83 8 3 13 5 45 83 56 27 5 44 42 75 26 33 53 21 71 8 15 84 60 24 43 81 83 68 3 81 17 47 70 69 39 8 37 5 13 9 27 27 63 54 9 13 55 75 54 6 10 25 43 34 70 13 13 48 60 13 13 46 61 27 9 48 55 43 26
8 56 12 3 29 37 15 5 46 25 24 11 64 59 27 49 13 31 47 29 14 57 35 50 26 25 2 10 65 23 62 56 31 44 55 65 47 7 31 4 25 47 8 10 23 26 19 1 31 19 60 37 32 8 28 9 29 31 16 55 29 35 5 18 17 13 44 15 47 39 61 25 25 11 2 61 65 3 23 2 46 42 27 9 18 18 65 65 4 8 65 65 6 9 25 43 4 3 9 26
67 3 47 62 88 22 44 54 13 84 83 70 5 0 86 10 72 90 12 88 73 2 24 9 33 34 57 49 6 82 3 3 90 15 4 6 12 52 90 63 34 12 51 49 82 33 40 60 28 78 1 22 91 67 31 50 88 90 75 4 88 24 54 77 76 46 15 44 12 20 2 34 34 70 61 2 6 62 82 61 13 17 32 50 41 77 6 6 55 67 6 6 53 68 34 16 55 62 50 33
45 19 25 40 66 0 22 32 9 62 61 48 27 22 64 12 50 68 10 66 51 20 2 13 11 12 35 27 28 60 25 19 68 7 18 28 10 30 68 41 12 10 29 27 60 11 18 38 6 56 23 0 69 45 9 28 66 68 53 18 66 2 32 55 54 24 7 22 10 2 24 12 12 48 39 24 28 40 60 39 9 5 10 28 19 55 28 28 33 45 28 28 31 46 12 6 33 40 28 11
7 71 27 12 14 52 30 20 61 10 9 4 79 74 12 64 2 16 62 14 1 72 50 65 41 40 17 25 80 8 77 71 16 59 70 80 62 22 16 11 40 62 23 25 8 41 34 14 46 4 75 52 17 7 43 24 14 16 1 70 14 50 20 3 2 28 59 30 62 54 76 40 40 4 13 76 80 12 8 13 61 57 42 24 33 3 80 80 19 7 80 80 21 6 40 58 19 12 24 41
23 41 3 18 44 22 0 10 31 40 39 26 49 44 42 34 28 46 32 44 29 42 20 35 11 10 13 5 50 38 47 41 46 29 40 50 32 8 46 19 10 32 7 5 38 11 4 16 16 34 45 22 47 23 13 6 44 46 31 40 44 20 10 33 32 2 29 0 32 24 46 10 10 26 17 46 50 18 38 17 31 27 12 6 3 33 50 50 11 23 50 50 9 24 10 28 11 18 6 11
10 74 30 15 11 55 33 23 64 7 6 7 82 77 9 67 5 13 65 11 4 75 53 68 44 43 20 28 83 5 80 74 13 62 73 83 65 25 13 14 43 65 26 28 5 44 37 17 49 1 78 55 14 10 46 27 11 13 2 73 11 53 23 0 1 31 62 33 65 57 79 43 43 7 16 79 83 15 5 16 64 60 45 27 36 0 83 83 22 10 83 83 24 9 43 61 22 15 27 44
13 51 7 8 34 32 10 0 41 30 29 16 59 54 32 44 18 36 42 34 19 52 30 45 21 20 3 5 60 28 57 51 36 39 50 60 42 2 36 9 20 42 3 5 28 21 14 6 26 24 55 32 37 13 23 4 34 36 21 50 34 30 0 23 22 8 39 10 42 34 56 20 20 16 7 56 60 8 28 7 41 37 22 4 13 23 60 60 1 13 60 60 1 14 20 38 1 8 4 21
21 85 41 26 0 66 44 34 75 4 5 18 93 88 2 78 16 2 76 0 15 86 64 79 55 54 31 39 94 6 91 85 2 73 84 94 76 36 2 25 54 76 37 39 6 55 48 28 60 10 89 66 3 21 57 38 0 2 13 84 0 64 34 11 12 42 73 44 76 68 90 54 54 18 27 90 94 26 6 27 75 71 56 38 47 11 94 94 33 21 94 94 35 20 54 72 33 26 38 55
1 65 21 6 20 46 24 14 55 16 15 2 73 68 18 58 4 22 56 20 5 66 44 59 35 34 11 19 74 14 71 65 22 53 64 74 56 16 22 5 34 56 17 19 14 35 28 8 40 10 69 46 23 1 37 18 20 22 7 64 20 44 14 9 8 22 53 24 56 48 70 34 34 2 7 70 74 6 14 7 55 51 36 18 27 9 74 74 13 1 74 74 15 0 34 52 13 6 18 35
58 6 38 53 79 13 35 45 4 75 74 61 14 9 77 1 63 81 3 79 64 7 15 0 24 25 48 40 15 73 12 6 81 6 5 15 3 43 81 54 25 3 42 40 73 24 31 51 19 69 10 13 82 58 22 41 79 81 66 5 79 15 45 68 67 37 6 35 3 11 11 25 25 61 52 11 15 53 73 52 4 8 23 41 32 68 15 15 46 58 15 15 44 59 25 7 46 53 41 24
9 73 29 14 12 54 32 22 63 8 7 6 81 76 10 66 4 14 64 12 3 74 52 67 43 42 19 27 82 6 79 73 14 61 72 82 64 24 14 13 42 64 25 27 6 43 36 16 48 2 77 54 15 9 45 26 12 14 1 72 12 52 22 1 0 30 61 32 64 56 78 42 42 6 15 78 82 14 6 15 63 59 44 26 35 1 82 82 21 9 82 82 23 8 42 60 21 14 26 43
67 3 47 62 88 22 44 54 13 84 83 70 5 0 86 10 72 90 12 88 73 2 24 9 33 34 57 49 6 82 3 3 90 15 4 6 12 52 90 63 34 12 51 49 82 33 40 60 28 78 1 22 91 67 31 50 88 90 75 4 88 24 54 77 76 46 15 44 12 20 2 34 34 70 61 2 6 62 82 61 13 17 32 50 41 77 6 6 55 67 6 6 53 68 34 16 55 62 50 33
9 73 29 14 12 54 32 22 63 8 7 6 81 76 10 66 4 14 64 12 3 74 52 67 43 42 19 27 82 6 79 73 14 61 72 82 64 24 14 13 42 64 25 27 6 43 36 16 48 2 77 54 15 9 45 26 12 14 1 72 12 52 22 1 0 30 61 32 64 56 78 42 42 6 15 78 82 14 6 15 63 59 44 26 35 1 82 82 21 9 82 82 23 8 42 60 21 14 26 43
67 3 47 62 88 22 44 54 13 84 83 70 5 0 86 10 72 90 12 88 73 2 24 9 33 34 57 49 6 82 3 3 90 15 4 6 12 52 90 63 34 12 51 49 82 33 40 60 28 78 1 22 91 67 31 50 88 90 75 4 88 24 54 77 76 46 15 44 12 20 2 34 34 70 61 2 6 62 82 61 13 17 32 50 41 77 6 6 55 67 6 6 53 68 34 16 55 62 50 33
16 80 36 21 5 61 39 29 70 1 0 13 88 83 3 73 11 7 71 5 10 81 59 74 50 49 26 34 89 1 86 80 7 68 79 89 71 31 7 20 49 71 32 34 1 50 43 23 55 5 84 61 8 16 52 33 5 7 8 79 5 59 29 6 7 37 68 39 71 63 85 49 49 13 22 85 89 21 1 22 70 66 51 33 42 6 89 89 28 16 89 89 30 15 49 67 28 21 33 50
25 39 5 20 46 20 2 12 29 42 41 28 47 42 44 32 30 48 30 46 31 40 18 33 9 8 15 7 48 40 45 39 48 27 38 48 30 10 48 21 8 30 9 7 40 9 2 18 14 36 43 20 49 25 11 8 46 48 33 38 46 18 12 35 34 4 27 2 30 22 44 8 8 28 19 44 48 20 40 19 29 25 10 8 1 35 48 48 13 25 48 48 11 26 8 26 13 20 8 9
45 19 25 40 66 0 22 32 9 62 61 48 27 22 64 12 50 68 10 66 51 20 2 13 11 12 35 27 28 60 25 19 68 7 18 28 10 30 68 41 12 10 29 27 60 11 18 38 6 56 23 0 69 45 9 28 66 68 53 18 66 2 32 55 54 24 7 22 10 2 24 12 12 48 39 24 28 40 60 39 9 5 10 28 19 55 28 28 33 45 28 28 31 46 12 6 33 40 28 11
56 8 36 51 77 11 33 43 2 73 72 59 16 11 75 1 61 79 1 77 62 9 13 2 22 23 46 38 17 71 14 8 79 4 7 17 1 41 79 52 23 1 40 38 71 22 29 49 17 67 12 11 80 56 20 39 77 79 64 7 77 13 43 66 65 35 4 33 1 9 13 23 23 59 50 13 17 51 71 50 2 6 21 39 30 66 17 17 44 56 17 17 42 57 23 5 44 51 39 22
26 90 46 31 5 71 49 39 80 9 10 23 98 93 7 83 21 3 81 5 20 91 69 84 60 59 36 44 99 11 96 90 3 78 89 99 81 41 3 30 59 81 42 44 11 60 53 33 65 15 94 71 2 26 62 43 5 3 18 89 5 69 39 16 17 47 78 49 81 73 95 59 59 23 32 95 99 31 11 32 80 76 61 43 52 16 99 99 38 26 99 99 40 25 59 77 38 31 43 60
69 5 49 64 90 24 46 56 15 86 85 72 3 2 88 12 74 92 14 90 75 4 26 11 35 36 59 51 4 84 1 5 92 17 6 4 14 54 92 65 36 14 53 51 84 35 42 62 30 80 1 24 93 69 33 52 90 92 77 6 90 26 56 79 78 48 17 46 14 22 0 36 36 72 63 0 4 64 84 63 15 19 34 52 43 79 4 4 57 69 4 4 55 70 36 18 57 64 52 35
11 75 31 16 10 56 34 24 65 6 5 8 83 78 8 68 6 12 66 10 5 76 54 69 45 44 21 29 84 4 81 75 12 63 74 84 66 26 12 15 44 66 27 29 4 45 38 18 50 0 79 56 13 11 47 28 10 12 3 74 10 54 24 1 2 32 63 34 66 58 80 44 44 8 17 80 84 16 4 17 65 61 46 28 37 1 84 84 23 11 84 84 25 10 44 62 23 16 28 45
61 3 41 56 82 16 38 48 7 78 77 64 11 6 80 4 66 84 6 82 67 4 18 3 27 28 51 43 12 76 9 3 84 9 2 12 6 46 84 57 28 6 45 43 76 27 34 54 22 72 7 16 85 61 25 44 82 84 69 2 82 18 48 71 70 40 9 38 6 14 8 28 28 64 55 8 12 56 76 55 7 11 26 44 35 71 12 12 49 61 12 12 47 62 28 10 49 56 44 27
73 9 53 68 94 28 50 60 19 90 89 76 1 6 92 16 78 96 18 94 79 8 30 15 39 40 63 55 0 88 3 9 96 21 10 0 18 58 96 69 40 18 57 55 88 39 46 66 34 84 5 28 97 73 37 56 94 96 81 10 94 30 60 83 82 52 21 50 18 26 4 40 40 76 67 4 0 68 88 67 19 23 38 56 47 83 0 0 61 73 0 0 59 74 40 22 61 68 56 39
62 2 42 57 83 17 39 49 8 79 78 65 10 5 81 5 67 85 7 83 68 3 19 4 28 29 52 44 11 77 8 2 85 10 1 11 7 47 85 58 29 7 46 44 77 28 35 55 23 73 6 17 86 62 26 45 83 85 70 1 83 19 49 72 71 41 10 39 7 15 7 29 29 65 56 7 11 57 77 56 8 12 27 45 36 72 11 11 50 62 11 11 48 63 29 11 50 57 45 28
52 12 32 47 73 7 29 39 2 69 68 55 20 15 71 5 57 75 3 73 58 13 9 6 18 19 42 34 21 67 18 12 75 0 11 21 3 37 75 48 19 3 36 34 67 18 25 45 13 63 16 7 76 52 16 35 73 75 60 11 73 9 39 62 61 31 0 29 3 5 17 19 19 55 46 17 21 47 67 46 2 2 17 35 26 62 21 21 40 52 21 21 38 53 19 1 40 47 35 18
39 25 19 34 60 6 16 26 15 56 55 42 33 28 58 18 44 62 16 60 45 26 4 19 5 6 29 21 34 54 31 25 62 13 24 34 16 24 62 35 6 16 23 21 54 5 12 32 0 50 29 6 63 39 3 22 60 62 47 24 60 4 26 49 48 18 13 16 16 8 30 6 6 42 33 30 34 34 54 33 15 11 4 22 13 49 34 34 27 39 34 34 25 40 6 12 27 34 22 5
42 22 22 37 63 3 19 29 12 59 58 45 30 25 61 15 47 65 13 63 48 23 1 16 8 9 32 24 31 57 28 22 65 10 21 31 13 27 65 38 9 13 26 24 57 8 15 35 3 53 26 3 66 42 6 25 63 65 50 21 63 1 29 52 51 21 10 19 13 5 27 9 9 45 36 27 31 37 57 36 12 8 7 25 16 52 31 31 30 42 31 31 28 43 9 9 30 37 25 8
0 64 20 5 21 45 23 13 54 17 16 3 72 67 19 57 5 23 55 21 6 65 43 58 34 33 10 18 73 15 70 64 23 52 63 73 55 15 23 4 33 55 16 18 15 34 27 7 39 11 68 45 24 0 36 17 21 23 8 63 21 43 13 10 9 21 52 23 55 47 69 33 33 3 6 69 73 5 15 6 54 50 35 17 26 10 73 73 12 0 73 73 14 1 33 51 12 5 17 34
1 65 21 6 20 46 24 14 55 16 15 2 73 68 18 58 4 22 56 20 5 66 44 59 35 34 11 19 74 14 71 65 22 53 64 74 56 16 22 5 34 56 17 19 14 35 28 8 40 10 69 46 23 1 37 18 20 22 7 64 20 44 14 9 8 22 53 24 56 48 70 34 34 2 7 70 74 6 14 7 55 51 36 18 27 9 74 74 13 1 74 74 15 0 34 52 13 6 18 35
8 56 12 3 29 37 15 5 46 25 24 11 64 59 27 49 13 31 47 29 14 57 35 50 26 25 2 10 65 23 62 56 31 44 55 65 47 7 31 4 25 47 8 10 23 26 19 1 31 19 60 37 32 8 28 9 29 31 16 55 29 35 5 18 17 13 44 15 47 39 61 25 25 11 2 61 65 3 23 2 46 42 27 9 18 18 65 65 4 8 65 65 6 9 25 43 4 3 9 26
63 1 43 58 84 18 40 50 9 80 79 66 9 4 82 6 68 86 8 84 69 2 20 5 29 30 53 45 10 78 7 1 86 11 0 10 8 48 86 59 30 8 47 45 78 29 36 56 24 74 5 18 87 63 27 46 84 86 71 0 84 20 50 73 72 42 11 40 8 16 6 30 30 66 57 6 10 58 78 57 9 13 28 46 37 73 10 10 51 63 10 10 49 64 30 12 51 58 46 29
51 13 31 46 72 6 28 38 3 68 67 54 21 16 70 6 56 74 4 72 57 14 8 7 17 18 41 33 22 66 19 13 74 1 12 22 4 36 74 47 18 4 35 33 66 17 24 44 12 62 17 6 75 51 15 34 72 74 59 12 72 8 38 61 60 30 1 28 4 4 18 18 18 54 45 18 22 46 66 45 3 1 16 34 25 61 22 22 39 51 22 22 37 52 18 0 39 46 34 17
8 72 28 13 13 53 31 21 62 9 8 5 80 75 11 65 3 15 63 13 2 73 51 66 42 41 18 26 81 7 78 72 15 60 71 81 63 23 15 12 41 63 24 26 7 42 35 15 47 3 76 53 16 8 44 25 13 15 0 71 13 51 21 2 1 29 60 31 63 55 77 41 41 5 14 77 81 13 7 14 62 58 43 25 34 2 81 81 20 8 81 81 22 7 41 59 20 13 25 42
11 53 9 6 32 34 12 2 43 28 27 14 61 56 30 46 16 34 44 32 17 54 32 47 23 22 1 7 62 26 59 53 34 41 52 62 44 4 34 7 22 44 5 7 26 23 16 4 28 22 57 34 35 11 25 6 32 34 19 52 32 32 2 21 20 10 41 12 44 36 58 22 22 14 5 58 62 6 26 5 43 39 24 6 15 21 62 62 1 11 62 62 3 12 22 40 1 6 6 23
21 43 1 16 42 24 2 8 33 38 37 24 51 46 40 36 26 44 34 42 27 44 22 37 13 12 11 3 52 36 49 43 44 31 42 52 34 6 44 17 12 34 5 3 36 13 6 14 18 32 47 24 45 21 15 4 42 44 29 42 42 22 8 31 30 0 31 2 34 26 48 12 12 24 15 48 52 16 36 15 33 29 14 4 5 31 52 52 9 21 52 52 7 22 12 30 9 16 4 13
7 57 13 2 28 38 16 6 47 24 23 10 65 60 26 50 12 30 48 28 13 58 36 51 27 26 3 11 66 22 63 57 30 45 56 66 48 8 30 3 26 48 9 11 22 27 20 0 32 18 61 38 31 7 29 10 28 30 15 56 28 36 6 17 16 14 45 16 48 40 62 26 26 10 1 62 66 2 22 1 47 43 28 10 19 17 66 66 5 7 66 66 7 8 26 44 5 2 10 27
45 19 25 40 66 0 22 32 9 62 61 48 27 22 64 12 50 68 10 66 51 20 2 13 11 12 35 27 28 60 25 19 68 7 18 28 10 30 68 41 12 10 29 27 60 11 18 38 6 56 23 0 69 45 9 28 66 68 53 18 66 2 32 55 54 24 7 22 10 2 24 12 12 48 39 24 28 40 60 39 9 5 10 28 19 55 28 28 33 45 28 28 31 46 12 6 33 40 28 11
27 91 47 32 6 72 50 40 81 10 11 24 99 94 8 84 22 4 82 6 21 92 70 85 61 60 37 45 100 12 97 91 4 79 90 100 82 42 4 31 60 82 43 45 12 61 54 34 66 16 95 72 3 27 63 44 6 4 19 90 6 70 40 17 18 48 79 50 82 74 96 60 60 24 33 96 100 32 12 33 81 77 62 44 53 17 100 100 39 27 100 100 41 26 60 78 39 32 44 61
36 28 16 31 57 9 13 23 18 53 52 39 36 31 55 21 41 59 19 57 42 29 7 22 2 3 26 18 37 51 34 28 59 16 27 37 19 21 59 32 3 19 20 18 51 2 9 29 3 47 32 9 60 36 0 19 57 59 44 27 57 7 23 46 45 15 16 13 19 11 33 3 3 39 30 33 37 31 51 30 18 14 1 19 10 46 37 37 24 36 37 37 22 37 3 15 24 31 19 2
44 20 24 39 65 1 21 31 10 61 60 47 28 23 63 13 49 67 11 65 50 21 1 14 10 11 34 26 29 59 26 20 67 8 19 29 11 29 67 40 11 11 28 26 59 10 17 37 5 55 24 1 68 44 8 27 65 67 52 19 65 1 31 54 53 23 8 21 11 3 25 11 11 47 38 25 29 39 59 38 10 6 9 27 18 54 29 29 32 44 29 29 30 45 11 7 32 39 27 10
15 79 35 20 6 60 38 28 69 2 1 12 87 82 4 72 10 8 70 6 9 80 58 73 49 48 25 33 88 0 85 79 8 67 78 88 70 30 8 19 48 70 31 33 0 49 42 22 54 4 83 60 9 15 51 32 6 8 7 78 6 58 28 5 6 36 67 38 70 62 84 48 48 12 21 84 88 20 0 21 69 65 50 32 41 5 88 88 27 15 88 88 29 14 48 66 27 20 32 49
8 56 12 3 29 37 15 5 46 25 24 11 64 59 27 49 13 31 47 29 14 57 35 50 26 25 2 10 65 23 62 56 31 44 55 65 47 7 31 4 25 47 8 10 23 26 19 1 31 19 60 37 32 8 28 9 29 31 16 55 29 35 5 18 17 13 44 15 47 39 61 25 25 11 2 61 65 3 23 2 46 42 27 9 18 18 65 65 4 8 65 65 6 9 25 43 4 3 9 26
19 83 39 24 2 64 42 32 73 2 3 16 91 86 0 76 14 4 74 2 13 84 62 77 53 52 29 37 92 4 89 83 4 71 82 92 74 34 4 23 52 74 35 37 4 53 46 26 58 8 87 64 5 19 55 36 2 4 11 82 2 62 32 9 10 40 71 42 74 66 88 52 52 16 25 88 92 24 4 25 73 69 54 36 45 9 92 92 31 19 92 92 33 18 52 70 31 24 36 53
51 13 31 46 72 6 28 38 3 68 67 54 21 16 70 6 56 74 4 72 57 14 8 7 17 18 41 33 22 66 19 13 74 1 12 22 4 36 74 47 18 4 35 33 66 17 24 44 12 62 17 6 75 51 15 34 72 74 59 12 72 8 38 61 60 30 1 28 4 4 18 18 18 54 45 18 22 46 66 45 3 1 16 34 25 61 22 22 39 51 22 22 37 52 18 0 39 46 34 17
21 43 1 16 42 24 2 8 33 38 37 24 51 46 40 36 26 44 34 42 27 44 22 37 13 12 11 3 52 36 49 43 44 31 42 52 34 6 44 17 12 34 5 3 36 13 6 14 18 32 47 24 45 21 15 4 42 44 29 42 42 22 8 31 30 0 31 2 34 26 48 12 12 24 15 48 52 16 36 15 33 29 14 4 5 31 52 52 9 21 52 52 7 22 12 30 9 16 4 13
10 54 10 5 31 35 13 3 44 27 26 13 62 57 29 47 15 33 45 31 16 55 33 48 24 23 0 8 63 25 60 54 33 42 53 63 45 5 33 6 23 45 6 8 25 24 17 3 29 21 58 35 34 10 26 7 31 33 18 53 31 33 3 20 19 11 42 13 45 37 59 23 23 13 4 59 63 5 25 4 44 40 25 7 16 20 63 63 2 10 63 63 4 11 23 41 2 5 7 24
27 37 7 22 48 18 4 14 27 44 43 30 45 40 46 30 32 50 28 48 33 38 16 31 7 6 17 9 46 42 43 37 50 25 36 46 28 12 50 23 6 28 11 9 42 7 0 20 12 38 41 18 51 27 9 10 48 50 35 36 48 16 14 37 36 6 25 4 28 20 42 6 6 30 21 42 46 22 42 21 27 23 8 10 1 37 46 46 15 27 46 46 13 28 6 24 15 22 10 7
33 31 13 28 54 12 10 20 21 50 49 36 39 34 52 24 38 56 22 54 39 32 10 25 1 0 23 15 40 48 37 31 56 19 30 40 22 18 56 29 0 22 17 15 48 1 6 26 6 44 35 12 57 33 3 16 54 56 41 30 54 10 20 43 42 12 19 10 22 14 36 0 0 36 27 36 40 28 48 27 21 17 2 16 7 43 40 40 21 33 40 40 19 34 0 18 21 28 16 1
5 59 15 0 26 40 18 8 49 22 21 8 67 62 24 52 10 28 50 26 11 60 38 53 29 28 5 13 68 20 65 59 28 47 58 68 50 10 28 1 28 50 11 13 20 29 22 2 34 16 63 40 29 5 31 12 26 28 13 58 26 38 8 15 14 16 47 18 50 42 64 28 28 8 1 64 68 0 20 1 49 45 30 12 21 15 68 68 7 5 68 68 9 6 28 46 7 0 12 29
16 48 4 11 37 29 7 3 38 33 32 19 56 51 35 41 21 39 39 37 22 49 27 42 18 17 6 2 57 31 54 48 39 36 47 57 39 1 39 12 17 39 0 2 31 18 11 9 23 27 52 29 40 16 20 1 37 39 24 47 37 27 3 26 25 5 36 7 39 31 53 17 17 19 10 53 57 11 31 10 38 34 19 1 10 26 57 57 4 16 57 57 2 17 17 35 4 11 1 18
5 59 15 0 26 40 18 8 49 22 21 8 67 62 24 52 10 28 50 26 11 60 38 53 29 28 5 13 68 20 65 59 28 47 58 68 50 10 28 1 28 50 11 13 20 29 22 2 34 16 63 40 29 5 31 12 26 28 13 58 26 38 8 15 14 16 47 18 50 42 64 28 28 8 1 64 68 0 20 1 49 45 30 12 21 15 68 68 7 5 68 68 9 6 28 46 7 0 12 29
36 28 16 31 57 9 13 23 18 53 52 39 36 31 55 21 41 59 19 57 42 29 7 22 2 3 26 18 37 51 34 28 59 16 27 37 19 21 59 32 3 19 20 18 51 2 9 29 3 47 32 9 60 36 0 19 57 59 44 27 57 7 23 46 45 15 16 13 19 11 33 3 3 39 30 33 37 31 51 30 18 14 1 19 10 46 37 37 24 36 37 37 22 37 3 15 24 31 19 2
14 50 6 9 35 31 9 1 40 31 30 17 58 53 33 43 19 37 41 35 20 51 29 44 20 19 4 4 59 29 56 50 37 38 49 59 41 1 37 10 19 41 2 4 29 20 13 7 25 25 54 31 38 14 22 3 35 37 22 49 35 29 1 24 23 7 38 9 41 33 55 19 19 17 8 55 59 9 29 8 40 36 21 3 12 24 59 59 2 14 59 59 0 15 19 37 2 9 3 20
16 80 36 21 5 61 39 29 70 1 0 13 88 83 3 73 11 7 71 5 10 81 59 74 50 49 26 34 89 1 86 80 7 68 79 89 71 31 7 20 49 71 32 34 1 50 43 23 55 5 84 61 8 16 52 33 5 7 8 79 5 59 29 6 7 37 68 39 71 63 85 49 49 13 22 85 89 21 1 22 70 66 51 33 42 6 89 89 28 16 89 89 30 15 49 67 28 21 33 50
7 71 27 12 14 52 30 20 61 10 9 4 79 74 12 64 2 16 62 14 1 72 50 65 41 40 17 25 80 8 77 71 16 59 70 80 62 22 16 11 40 62 23 25 8 41 34 14 46 4 75 52 17 7 43 24 14 16 1 70 14 50 20 3 2 28 59 30 62 54 76 40 40 4 13 76 80 12 8 13 61 57 42 24 33 3 80 80 19 7 80 80 21 6 40 58 19 12 24 41
7 71 27 12 14 52 30 20 61 10 9 4 79 74 12 64 2 16 62 14 1 72 50 65 41 40 17 25 80 8 77 71 16 59 70 80 62 22 16 11 40 62 23 25 8 41 34 14 46 4 75 52 17 7 43 24 14 16 1 70 14 50 20 3 2 28 59 30 62 54 76 40 40 4 13 76 80 12 8 13 61 57 42 24 33 3 80 80 19 7 80 80 21 6 40 58 19 12 24 41
40 24 20 35 61 5 17 27 14 57 56 43 32 27 59 17 45 63 15 61 46 25 3 18 6 7 30 22 33 55 30 24 63 12 23 33 15 25 63 36 7 15 24 22 55 6 13 33 1 51 28 5 64 40 4 23 61 63 48 23 61 3 27 50 49 19 12 17 15 7 29 7 7 43 34 29 33 35 55 34 14 10 5 23 14 50 33 33 28 40 33 33 26 41 7 11 28 35 23 6
34 30 14 29 55 11 11 21 20 51 50 37 38 33 53 23 39 57 21 55 40 31 9 24 0 1 24 16 39 49 36 30 57 18 29 39 21 19 57 30 1 21 18 16 49 0 7 27 5 45 34 11 58 34 2 17 55 57 42 29 55 9 21 44 43 13 18 11 21 13 35 1 1 37 28 35 39 29 49 28 20 16 1 17 8 44 39 39 22 34 39 39 20 35 1 17 22 29 17 0
27 37 7 22 48 18 4 14 27 44 43 30 45 40 46 30 32 50 28 48 33 38 16 31 7 6 17 9 46 42 43 37 50 25 36 46 28 12 50 23 6 28 11 9 42 7 0 20 12 38 41 18 51 27 9 10 48 50 35 36 48 16 14 37 36 6 25 4 28 20 42 6 6 30 21 42 46 22 42 21 27 23 8 10 1 37 46 46 15 27 46 46 13 28 6 24 15 22 10 7
41 23 21 36 62 4 18 28 13 58 57 44 31 26 60 16 46 64 14 62 47 24 2 17 7 8 31 23 32 56 29 23 64 11 22 32 14 26 64 37 8 14 25 23 56 7 14 34 2 52 27 4 65 41 5 24 62 64 49 22 62 2 28 51 50 20 11 18 14 6 28 8 8 44 35 28 32 36 56 35 13 9 6 24 15 51 32 32 29 41 32 32 27 42 8 10 29 36 24 7
17 47 3 12 38 28 6 4 37 34 33 20 55 50 36 40 22 40 38 38 23 48 26 41 17 16 7 1 56 32 53 47 40 35 46 56 38 2 40 13 16 38 1 1 32 17 10 10 22 28 51 28 41 17 19 0 38 40 25 46 38 26 4 27 26 4 35 6 38 30 52 16 16 20 11 52 56 12 32 11 37 33 18 0 9 27 56 56 5 17 56 56 3 18 16 34 5 12 0 17
18 82 38 23 3 63 41 31 72 1 2 15 90 85 1 75 13 5 73 3 12 83 61 76 52 51 28 36 91 3 88 82 5 70 81 91 73 33 5 22 51 73 34 36 3 52 45 25 57 7 86 63 6 18 54 35 3 5 10 81 3 61 31 8 9 39 70 41 73 65 87 51 51 15 24 87 91 23 3 24 72 68 53 35 44 8 91 91 30 18 91 91 32 17 51 69 30 23 35 52
13 77 33 18 8 58 36 26 67 4 3 10 85 80 6 70 8 10 68 8 7 78 56 71 47 46 23 31 86 2 83 77 10 65 76 86 68 28 10 17 46 68 29 31 2 47 40 20 52 2 81 58 11 13 49 30 8 10 5 76 8 56 26 3 4 34 65 36 68 60 82 46 46 10 19 82 86 18 2 19 67 63 48 30 39 3 86 86 25 13 86 86 27 12 46 64 25 18 30 47
22 42 2 17 43 23 1 9 32 39 38 25 50 45 41 35 27 45 33 43 28 43 21 36 12 11 12 4 51 37 48 42 45 30 41 51 33 7 45 18 11 33 6 4 37 12 5 15 17 33 46 23 46 22 14 5 43 45 30 41 43 21 9 32 31 1 30 1 33 25 47 11 11 25 16 47 51 17 37 16 32 28 13 5 4 32 51 51 10 22 51 51 8 23 11 29 10 17 5 12
7 71 27 12 14 52 30 20 61 10 9 4 79 74 12 64 2 16 62 14 1 72 50 65 41 40 17 25 80 8 77 71 16 59 70 80 62 22 16 11 40 62 23 25 8 41 34 14 46 4 75 52 17 7 43 24 14 16 1 70 14 50 20 3 2 28 59 30 62 54 76 40 40 4 13 76 80 12 8 13 61 57 42 24 33 3 80 80 19 7 80 80 21 6 40 58 19 12 24 41
70 6 50 65 91 25 47 57 16 87 86 73 2 3 89 13 75 93 15 91 76 5 27 12 36 37 60 52 3 85 0 6 93 18 7 3 15 55 93 66 37 15 54 52 85 36 43 63 31 81 2 25 94 70 34 53 91 93 78 7 91 27 57 80 79 49 18 47 15 23 1 37 37 73 64 1 3 65 85 64 16 20 35 53 44 80 3 3 58 70 3 3 56 71 37 19 58 65 53 36
71 7 51 66 92 26 48 58 17 88 87 74 1 4 90 14 76 94 16 92 77 6 28 13 37 38 61 53 2 86 1 7 94 19 8 2 16 56 94 67 38 16 55 53 86 37 44 64 32 82 3 26 95 71 35 54 92 94 79 8 92 28 58 81 80 50 19 48 16 24 2 38 38 74 65 2 2 66 86 65 17 21 36 54 45 81 2 2 59 71 2 2 57 72 38 20 59 66 54 37
68 4 48 63 89 23 45 55 14 85 84 71 4 1 87 11 73 91 13 89 74 3 25 10 34 35 58 50 5 83 2 4 91 16 5 5 13 53 91 64 35 13 52 50 83 34 41 61 29 79 0 23 92 68 32 51 89 91 76 5 89 25 55 78 77 47 16 45 13 21 1 35 35 71 62 1 5 63 83 62 14 18 33 51 42 78 5 5 56 68 5 5 54 69 35 17 56 63 51 34
19 45 1 14 40 26 4 6 35 36 35 22 53 48 38 38 24 42 36 40 25 46 24 39 15 14 9 1 54 34 51 45 42 33 44 54 36 4 42 15 14 36 3 1 34 15 8 12 20 30 49 26 43 19 17 2 40 42 27 44 40 24 6 29 28 2 33 4 36 28 50 14 14 22 13 50 54 14 34 13 35 31 16 2 7 29 54 54 7 19 54 54 5 20 14 32 7 14 2 15
69 5 49 64 90 24 46 56 15 86 85 72 3 2 88 12 74 92 14 90 75 4 26 11 35 36 59 51 4 84 1 5 92 17 6 4 14 54 92 65 36 14 53 51 84 35 42 62 30 80 1 24 93 69 33 52 90 92 77 6 90 26 56 79 78 48 17 46 14 22 0 36 36 72 63 0 4 64 84 63 15 19 34 52 43 79 4 4 57 69 4 4 55 70 36 18 57 64 52 35
26 38 6 21 47 19 3 13 28 43 42 29 46 41 45 31 31 49 29 47 32 39 17 32 8 7 16 8 47 41 44 38 49 26 37 47 29 11 49 22 7 29 10 8 41 8 1 19 13 37 42 19 50 26 10 9 47 49 34 37 47 17 13 36 35 5 26 3 29 21 43 7 7 29 20 43 47 21 41 20 28 24 9 9 0 36 47 47 14 26 47 47 12 27 7 25 14 21 9 8
54 10 34 49 75 9 31 41 0 71 70 57 18 13 73 3 59 77 1 75 60 11 11 4 20 21 44 36 19 69 16 10 77 2 9 19 1 39 77 50 21 1 38 36 69 20 27 47 15 65 14 9 78 54 18 37 75 77 62 9 75 11 41 64 63 33 2 31 1 7 15 21 21 57 48 15 19 49 69 48 0 4 19 37 28 64 19 19 42 54 19 19 40 55 21 3 42 49 37 20
69 5 49 64 90 24 46 56 15 86 85 72 3 2 88 12 74 92 14 90 75 4 26 11 35 36 59 51 4 84 1 5 92 17 6 4 14 54 92 65 36 14 53 51 84 35 42 62 30 80 1 24 93 69 33 52 90 92 77 6 90 26 56 79 78 48 17 46 14 22 0 36 36 72 63 0 4 64 84 63 15 19 34 52 43 79 4 4 57 69 4 4 55 70 36 18 57 64 52 35
73 9 53 68 94 28 50 60 19 90 89 76 1 6 92 16 78 96 18 94 79 8 30 15 39 40 63 55 0 88 3 9 96 21 10 0 18 58 96 69 40 18 57 55 88 39 46 66 34 84 5 28 97 73 37 56 94 96 81 10 94 30 60 83 82 52 21 50 18 26 4 40 40 76 67 4 0 68 88 67 19 23 38 56 47 83 0 0 61 73 0 0 59 74 40 22 61 68 56 39
32 32 12 27 53 13 9 19 22 49 48 35 40 35 51 25 37 55 23 53 38 33 11 26 2 1 22 14 41 47 38 32 55 20 31 41 23 17 55 28 1 23 16 14 47 2 5 25 7 43 36 13 56 32 4 15 53 55 40 31 53 11 19 42 41 11 20 9 23 15 37 1 1 35 26 37 41 27 47 26 22 18 3 15 6 42 41 41 20 32 41 41 18 33 1 19 20 27 15 2
17 81 37 22 4 62 40 30 71 0 1 14 89 84 2 74 12 6 72 4 11 82 60 75 51 50 27 35 90 2 87 81 6 69 80 90 72 32 6 21 50 72 33 35 2 51 44 24 56 6 85 62 7 17 53 34 4 6 9 80 4 60 30 7 8 38 69 40 72 64 86 50 50 14 23 86 90 22 2 23 71 67 52 34 43 7 90 90 29 17 90 90 31 16 50 68 29 22 34 51
4 60 16 1 25 41 19 9 50 21 20 7 68 63 23 53 9 27 51 25 10 61 39 54 30 29 6 14 69 19 66 60 27 48 59 69 51 11 27 0 29 51 12 14 19 30 23 3 35 15 64 41 28 4 32 13 25 27 12 59 25 39 9 14 13 17 48 19 51 43 65 29 29 7 2 65 69 1 19 2 50 46 31 13 22 14 69 69 8 4 69 69 10 5 29 47 8 1 13 30
62 2 42 57 83 17 39 49 8 79 78 65 10 5 81 5 67 85 7 83 68 3 19 4 28 29 52 44 11 77 8 2 85 10 1 11 7 47 85 58 29 7 46 44 77 28 35 55 23 73 6 17 86 62 26 45 83 85 70 1 83 19 49 72 71 41 10 39 7 15 7 29 29 65 56 7 11 57 77 56 8 12 27 45 36 72 11 11 50 62 11 11 48 63 29 11 50 57 45 28
43 21 23 38 64 2 20 30 11 60 59 46 29 24 62 14 48 66 12 64 49 22 0 15 9 10 33 25 30 58 27 21 66 9 20 30 12 28 66 39 10 12 27 25 58 9 16 36 4 54 25 2 67 43 7 26 64 66 51 20 64 0 30 53 52 22 9 20 12 4 26 10 10 46 37 26 30 38 58 37 11 7 8 26 17 53 30 30 31 43 30 30 29 44 10 8 31 38 26 9
26 38 6 21 47 19 3 13 28 43 42 29 46 41 45 31 31 49 29 47 32 39 17 32 8 7 16 8 47 41 44 38 49 26 37 47 29 11 49 22 7 29 10 8 41 8 1 19 13 37 42 19 50 26 10 9 47 49 34 37 47 17 13 36 35 5 26 3 29 21 43 7 7 29 20 43 47 21 41 20 28 24 9 9 0 36 47 47 14 26 47 47 12 27 7 25 14 21 9 8
16 48 4 11 37 29 7 3 38 33 32 19 56 51 35 41 21 39 39 37 22 49 27 42 18 17 6 2 57 31 54 48 39 36 47 57 39 1 39 12 17 39 0 2 31 18 11 9 23 27 52 29 40 16 20 1 37 39 24 47 37 27 3 26 25 5 36 7 39 31 53 17 17 19 10 53 57 11 31 10 38 34 19 1 10 26 57 57 4 16 57 57 2 17 17 35 4 11 1 18
11 53 9 6 32 34 12 2 43 28 27 14 61 56 30 46 16 34 44 32 17 54 32 47 23 22 1 7 62 26 59 53 34 41 52 62 44 4 34 7 22 44 5 7 26 23 16 4 28 22 57 34 35 11 25 6 32 34 19 52 32 32 2 21 20 10 41 12 44 36 58 22 22 14 5 58 62 6 26 5 43 39 24 6 15 21 62 62 1 11 62 62 3 12 22 40 1 6 6 23
24 88 44 29 3 69 47 37 78 7 8 21 96 91 5 81 19 1 79 3 18 89 67 82 58 57 34 42 97 9 94 88 1 76 87 97 79 39 1 28 57 79 40 42 9 58 51 31 63 13 92 69 0 24 60 41 3 1 16 87 3 67 37 14 15 45 76 47 79 71 93 57 57 21 30 93 97 29 9 30 78 74 59 41 50 14 97 97 36 24 97 97 38 23 57 75 36 29 41 58
10 54 10 5 31 35 13 3 44 27 26 13 62 57 29 47 15 33 45 31 16 55 33 48 24 23 0 8 63 25 60 54 33 42 53 63 45 5 33 6 23 45 6 8 25 24 17 3 29 21 58 35 34 10 26 7 31 33 18 53 31 33 3 20 19 11 42 13 45 37 59 23 23 13 4 59 63 5 25 4 44 40 25 7 16 20 63 63 2 10 63 63 4 11 23 41 2 5 7 24
25 39 5 20 46 20 2 12 29 42 41 28 47 42 44 32 30 48 30 46 31 40 18 33 9 8 15 7 48 40 45 39 48 27 38 48 30 10 48 21 8 30 9 7 40 9 2 18 14 36 43 20 49 25 11 8 46 48 33 38 46 18 12 35 34 4 27 2 30 22 44 8 8 28 19 44 48 20 40 19 29 25 10 8 1 35 48 48 13 25 48 48 11 26 8 26 13 20 8 9
55 9 35 50 76 10 32 42 1 72 71 58 17 12 74 2 60 78 0 76 61 10 12 3 21 22 45 37 18 70 15 9 78 3 8 18 0 40 78 51 22 0 39 37 70 21 28 48 16 66 13 10 79 55 19 38 76 78 63 8 76 12 42 65 64 34 3 32 0 8 14 22 22 58 49 14 18 50 70 49 1 5 20 38 29 65 18 18 43 55 18 18 41 56 22 4 43 50 38 21
0 64 20 5 21 45 23 13 54 17 16 3 72 67 19 57 5 23 55 21 6 65 43 58 34 33 10 18 73 15 70 64 23 52 63 73 55 15 23 4 33 55 16 18 15 34 27 7 39 11 68 45 24 0 36 17 21 23 8 63 21 43 13 10 9 21 52 23 55 47 69 33 33 3 6 69 73 5 15 6 54 50 35 17 26 10 73 73 12 0 73 73 14 1 33 51 12 5 17 34
15 79 35 20 6 60 38 28 69 2 1 12 87 82 4 72 10 8 70 6 9 80 58 73 49 48 25 33 88 0 85 79 8 67 78 88 70 30 8 19 48 70 31 33 0 49 42 22 54 4 83 60 9 15 51 32 6 8 7 78 6 58 28 5 6 36 67 38 70 62 84 48 48 12 21 84 88 20 0 21 69 65 50 32 41 5 88 88 27 15 88 88 29 14 48 66 27 20 32 49
37 27 17 32 58 8 14 24 17 54 53 40 35 30 56 20 42 60 18 58 43 28 6 21 3 4 27 19 36 52 33 27 60 15 26 36 18 22 60 33 4 18 21 19 52 3 10 30 2 48 31 8 61 37 1 20 58 60 45 26 58 6 24 47 46 16 15 14 18 10 32 4 4 40 31 32 36 32 52 31 17 13 2 20 11 47 36 36 25 37 36 36 23 38 4 14 25 32 20 3
45 19 25 40 66 0 22 32 9 62 61 48 27 22 64 12 50 68 10 66 51 20 2 13 11 12 35 27 28 60 25 19 68 7 18 28 10 30 68 41 12 10 29 27 60 11 18 38 6 56 23 0 69 45 9 28 66 68 53 18 66 2 32 55 54 24 7 22 10 2 24 12 12 48 39 24 28 40 60 39 9 5 10 28 19 55 28 28 33 45 28 28 31 46 12 6 33 40 28 11
59 5 39 54 80 14 36 46 5 76 75 62 13 8 78 2 64 82 4 80 65 6 16 1 25 26 49 41 14 74 11 5 82 7 4 14 4 44 82 55 26 4 43 41 74 25 32 52 20 70 9 14 83 59 23 42 80 82 67 4 80 16 46 69 68 38 7 36 4 12 10 26 26 62 53 10 14 54 74 53 5 9 24 42 33 69 14 14 47 59 14 14 45 60 26 8 47 54 42 25
71 7 51 66 92 26 48 58 17 88 87 74 1 4 90 14 76 94 16 92 77 6 28 13 37 38 61 53 2 86 1 7 94 19 8 2 16 56 94 67 38 16 55 53 86 37 44 64 32 82 3 26 95 71 35 54 92 94 79 8 92 28 58 81 80 50 19 48 16 24 2 38 38 74 65 2 2 66 86 65 17 21 36 54 45 81 2 2 59 71 2 2 57 72 38 20 59 66 54 37
27 37 7 22 48 18 4 14 27 44 43 30 45 40 46 30 32 50 28 48 33 38 16 31 7 6 17 9 46 42 43 37 50 25 36 46 28 12 50 23 6 28 11 9 42 7 0 20 12 38 41 18 51 27 9 10 48 50 35 36 48 16 14 37 36 6 25 4 28 20 42 6 6 30 21 42 46 22 42 21 27 23 8 10 1 37 46 46 15 27 46 46 13 28 6 24 15 22 10 7
18 82 38 23 3 63 41 31 72 1 2 15 90 85 1 75 13 5 73 3 12 83 61 76 52 51 28 36 91 3 88 82 5 70 81 91 73 33 5 22 51 73 34 36 3 52 45 25 57 7 86 63 6 18 54 35 3 5 10 81 3 61 31 8 9 39 70 41 73 65 87 51 51 15 24 87 91 23 3 24 72 68 53 35 44 8 91 91 30 18 91 91 32 17 51 69 30 23 35 52
39 25 19 34 60 6 16 26 15 56 55 42 33 28 58 18 44 62 16 60 45 26 4 19 5 6 29 21 34 54 31 25 62 13 24 34 16 24 62 35 6 16 23 21 54 5 12 32 0 50 29 6 63 39 3 22 60 62 47 24 60 4 26 49 48 18 13 16 16 8 30 6 6 42 33 30 34 34 54 33 15 11 4 22 13 49 34 34 27 39 34 34 25 40 6 12 27 34 22 5
57 7 37 52 78 12 34 44 3 74 73 60 15 10 76 0 62 80 2 78 63 8 14 1 23 24 47 39 16 72 13 7 80 5 6 16 2 42 80 53 24 2 41 39 72 23 30 50 18 68 11 12 81 57 21 40 78 80 65 6 78 14 44 67 66 36 5 34 2 10 12 24 24 60 51 12 16 52 72 51 3 7 22 40 31 67 16 16 45 57 16 16 43 58 24 6 45 52 40 23
52 12 32 47 73 7 29 39 2 69 68 55 20 15 71 5 57 75 3 73 58 13 9 6 18 19 42 34 21 67 18 12 75 0 11 21 3 37 75 48 19 3 36 34 67 18 25 45 13 63 16 7 76 52 16 35 73 75 60 11 73 9 39 62 61 31 0 29 3 5 17 19 19 55 46 17 21 47 67 46 2 2 17 35 26 62 21 21 40 52 21 21 38 53 19 1 40 47 35 18
7 71 27 12 14 52 30 20 61 10 9 4 79 74 12 64 2 16 62 14 1 72 50 65 41 40 17 25 80 8 77 71 16 59 70 80 62 22 16 11 40 62 23 25 8 41 34 14 46 4 75 52 17 7 43 24 14 16 1 70 14 50 20 3 2 28 59 30 62 54 76 40 40 4 13 76 80 12 8 13 61 57 42 24 33 3 80 80 19 7 80 80 21 6 40 58 19 12 24 41
