100 99
73 48 60 14 17 47 25 80 15 56 6 7 14 3 30 6 72 51 5 36 12 9 47 30 5 55 30 28 32 9 41 30 38 47 9 55 53 18 70 94 28 61 42 4 8 10 88 79 89 73 34 76 51 34 47 37 22 19 42 75 46 13 25 14 33 88 94 2 74 31 17 2 13 94 81 51 15 88 56 58 66 94 6 93 94 57 85 73 26 8 79 45 16 94 82 71 76 74 50
20 45 33 79 76 46 68 13 78 37 87 86 79 90 63 87 21 42 88 57 81 84 46 63 88 38 63 65 61 84 52 63 55 46 84 38 40 75 23 1 65 32 51 89 85 83 5 14 4 20 59 17 42 59 46 56 71 74 51 18 47 80 68 79 60 5 1 95 19 62 76 91 80 1 12 42 78 5 37 35 27 1 87 0 1 36 8 20 67 85 14 48 77 1 11 22 17 19 43
14 11 1 45 42 12 34 21 44 3 53 52 45 56 29 53 13 8 54 23 47 50 12 29 54 4 29 31 27 50 18 29 21 12 50 4 6 41 11 35 31 2 17 55 51 49 29 20 30 14 25 17 8 25 12 22 37 40 17 16 13 46 34 45 26 29 35 61 15 28 42 57 46 35 22 8 44 29 3 1 7 35 53 34 35 2 26 14 33 51 20 14 43 35 23 12 17 15 9
17 8 4 42 39 9 31 24 41 0 50 49 42 53 26 50 16 5 51 20 44 47 9 26 51 1 26 28 24 47 15 26 18 9 47 1 3 38 14 38 28 5 14 52 48 46 32 23 33 17 22 20 5 22 9 19 34 37 14 19 10 43 31 42 23 32 38 58 18 25 39 54 43 38 25 5 41 32 0 2 10 38 50 37 38 1 29 17 30 48 23 11 40 38 26 15 20 18 6
69 44 56 10 13 43 21 76 11 52 2 3 10 1 26 2 68 47 1 32 8 5 43 26 1 51 26 24 28 5 37 26 34 43 5 51 49 14 66 90 24 57 38 0 4 6 84 75 85 69 30 72 47 30 43 33 18 15 38 71 42 9 21 10 29 84 90 6 70 27 13 2 9 90 77 47 11 84 52 54 62 90 2 89 90 53 81 69 22 4 75 41 12 90 78 67 72 70 46
66 41 53 7 10 40 18 73 8 49 1 0 7 4 23 1 65 44 2 29 5 2 40 23 2 48 23 21 25 2 34 23 31 40 2 48 46 11 63 87 21 54 35 3 1 3 81 72 82 66 27 69 44 27 40 30 15 12 35 68 39 6 18 7 26 81 87 9 67 24 10 5 6 87 74 44 8 81 49 51 59 87 1 86 87 50 78 66 19 1 72 38 9 87 75 64 69 67 43
63 38 50 4 7 37 15 70 5 46 4 3 4 7 20 4 62 41 5 26 2 1 37 20 5 45 20 18 22 1 31 20 28 37 1 45 43 8 60 84 18 51 32 6 2 0 78 69 79 63 24 66 41 24 37 27 12 9 32 65 36 3 15 4 23 78 84 12 64 21 7 8 3 84 71 41 5 78 46 48 56 84 4 83 84 47 75 63 16 2 69 35 6 84 72 61 66 64 40
54 29 41 5 2 28 6 61 4 37 13 12 5 16 11 13 53 32 14 17 7 10 28 11 14 36 11 9 13 10 22 11 19 28 10 36 34 1 51 75 9 42 23 15 11 9 69 60 70 54 15 57 32 15 28 18 3 0 23 56 27 6 6 5 14 69 75 21 55 12 2 17 6 75 62 32 4 69 37 39 47 75 13 74 75 38 66 54 7 11 60 26 3 75 63 52 57 55 31
42 17 29 17 14 16 6 49 16 25 25 24 17 28 1 25 41 20 26 5 19 22 16 1 26 24 1 3 1 22 10 1 7 16 22 24 22 13 39 63 3 30 11 27 23 21 57 48 58 42 3 45 20 3 16 6 9 12 11 44 15 18 6 17 2 57 63 33 43 0 14 29 18 63 50 20 16 57 25 27 35 63 25 62 63 26 54 42 5 23 48 14 15 63 51 40 45 43 19
54 29 41 5 2 28 6 61 4 37 13 12 5 16 11 13 53 32 14 17 7 10 28 11 14 36 11 9 13 10 22 11 19 28 10 36 34 1 51 75 9 42 23 15 11 9 69 60 70 54 15 57 32 15 28 18 3 0 23 56 27 6 6 5 14 69 75 21 55 12 2 17 6 75 62 32 4 69 37 39 47 75 13 74 75 38 66 54 7 11 60 26 3 75 63 52 57 55 31
13 38 26 72 69 39 61 6 71 30 80 79 72 83 56 80 14 35 81 50 74 77 39 56 81 31 56 58 54 77 45 56 48 39 77 31 33 68 16 8 58 25 44 82 78 76 2 7 3 13 52 10 35 52 39 49 64 67 44 11 40 73 61 72 53 2 8 88 12 55 69 84 73 8 5 35 71 2 30 28 20 8 80 7 8 29 1 13 60 78 7 41 70 8 4 15 10 12 36
40 15 27 19 16 14 8 47 18 23 27 26 19 30 3 27 39 18 28 3 21 24 14 3 28 22 3 5 1 24 8 3 5 14 24 22 20 15 37 61 5 28 9 29 25 23 55 46 56 40 1 43 18 1 14 4 11 14 9 42 13 20 8 19 0 55 61 35 41 2 16 31 20 61 48 18 18 55 23 25 33 61 27 60 61 24 52 40 7 25 46 12 17 61 49 38 43 41 17
25 0 12 34 31 1 23 32 33 8 42 41 34 45 18 42 24 3 43 12 36 39 1 18 43 7 18 20 16 39 7 18 10 1 39 7 5 30 22 46 20 13 6 44 40 38 40 31 41 25 14 28 3 14 1 11 26 29 6 27 2 35 23 34 15 40 46 50 26 17 31 46 35 46 33 3 33 40 8 10 18 46 42 45 46 9 37 25 22 40 31 3 32 46 34 23 28 26 2
54 29 41 5 2 28 6 61 4 37 13 12 5 16 11 13 53 32 14 17 7 10 28 11 14 36 11 9 13 10 22 11 19 28 10 36 34 1 51 75 9 42 23 15 11 9 69 60 70 54 15 57 32 15 28 18 3 0 23 56 27 6 6 5 14 69 75 21 55 12 2 17 6 75 62 32 4 69 37 39 47 75 13 74 75 38 66 54 7 11 60 26 3 75 63 52 57 55 31
58 33 45 1 2 32 10 65 0 41 9 8 1 12 15 9 57 36 10 21 3 6 32 15 10 40 15 13 17 6 26 15 23 32 6 40 38 3 55 79 13 46 27 11 7 5 73 64 74 58 19 61 36 19 32 22 7 4 27 60 31 2 10 1 18 73 79 17 59 16 2 13 2 79 66 36 0 73 41 43 51 79 9 78 79 42 70 58 11 7 64 30 1 79 67 56 61 59 35
66 41 53 7 10 40 18 73 8 49 1 0 7 4 23 1 65 44 2 29 5 2 40 23 2 48 23 21 25 2 34 23 31 40 2 48 46 11 63 87 21 54 35 3 1 3 81 72 82 66 27 69 44 27 40 30 15 12 35 68 39 6 18 7 26 81 87 9 67 24 10 5 6 87 74 44 8 81 49 51 59 87 1 86 87 50 78 66 19 1 72 38 9 87 75 64 69 67 43
77 52 64 18 21 51 29 84 19 60 10 11 18 7 34 10 76 55 9 40 16 13 51 34 9 59 34 32 36 13 45 34 42 51 13 59 57 22 74 98 32 65 46 8 12 14 92 83 93 77 38 80 55 38 51 41 26 23 46 79 50 17 29 18 37 92 98 2 78 35 21 6 17 98 85 55 19 92 60 62 70 98 10 97 98 61 89 77 30 12 83 49 20 98 86 75 80 78 54
7 32 20 66 63 33 55 0 65 24 74 73 66 77 50 74 8 29 75 44 68 71 33 50 75 25 50 52 48 71 39 50 42 33 71 25 27 62 10 14 52 19 38 76 72 70 8 1 9 7 46 4 29 46 33 43 58 61 38 5 34 67 55 66 47 8 14 82 6 49 63 78 67 14 1 29 65 8 24 22 14 14 74 13 14 23 5 7 54 72 1 35 64 14 2 9 4 6 30
29 4 16 30 27 3 19 36 29 12 38 37 30 41 14 38 28 7 39 8 32 35 3 14 39 11 14 16 12 35 3 14 6 3 35 11 9 26 26 50 16 17 2 40 36 34 44 35 45 29 10 32 7 10 3 7 22 25 2 31 2 31 19 30 11 44 50 46 30 13 27 42 31 50 37 7 29 44 12 14 22 50 38 49 50 13 41 29 18 36 35 1 28 50 38 27 32 30 6
58 33 45 1 2 32 10 65 0 41 9 8 1 12 15 9 57 36 10 21 3 6 32 15 10 40 15 13 17 6 26 15 23 32 6 40 38 3 55 79 13 46 27 11 7 5 73 64 74 58 19 61 36 19 32 22 7 4 27 60 31 2 10 1 18 73 79 17 59 16 2 13 2 79 66 36 0 73 41 43 51 79 9 78 79 42 70 58 11 7 64 30 1 79 67 56 61 59 35
27 2 14 32 29 1 21 34 31 10 40 39 32 43 16 40 26 5 41 10 34 37 1 16 41 9 16 18 14 37 5 16 8 1 37 9 7 28 24 48 18 15 4 42 38 36 42 33 43 27 12 30 5 12 1 9 24 27 4 29 0 33 21 32 13 42 48 48 28 15 29 44 33 48 35 5 31 42 10 12 20 48 40 47 48 11 39 27 20 38 33 1 30 48 36 25 30 28 4
49 24 36 10 7 23 1 56 9 32 18 17 10 21 6 18 48 27 19 12 12 15 23 6 19 31 6 4 8 15 17 6 14 23 15 31 29 6 46 70 4 37 18 20 16 14 64 55 65 49 10 52 27 10 23 13 2 5 18 51 22 11 1 10 9 64 70 26 50 7 7 22 11 70 57 27 9 64 32 34 42 70 18 69 70 33 61 49 2 16 55 21 8 70 58 47 52 50 26
46 21 33 13 10 20 2 53 12 29 21 20 13 24 3 21 45 24 22 9 15 18 20 3 22 28 3 1 5 18 14 3 11 20 18 28 26 9 43 67 1 34 15 23 19 17 61 52 62 46 7 49 24 7 20 10 5 8 15 48 19 14 2 13 6 61 67 29 47 4 10 25 14 67 54 24 12 61 29 31 39 67 21 66 67 30 58 46 1 19 52 18 11 67 55 44 49 47 23
19 6 6 40 37 7 29 26 39 2 48 47 40 51 24 48 18 3 49 18 42 45 7 24 49 1 24 26 22 45 13 24 16 7 45 1 1 36 16 40 26 7 12 50 46 44 34 25 35 19 20 22 3 20 7 17 32 35 12 21 8 41 29 40 21 34 40 56 20 23 37 52 41 40 27 3 39 34 2 4 12 40 48 39 40 3 31 19 28 46 25 9 38 40 28 17 22 20 4
3 28 16 62 59 29 51 4 61 20 70 69 62 73 46 70 4 25 71 40 64 67 29 46 71 21 46 48 44 67 35 46 38 29 67 21 23 58 6 18 48 15 34 72 68 66 12 3 13 3 42 0 25 42 29 39 54 57 34 1 30 63 51 62 43 12 18 78 2 45 59 74 63 18 5 25 61 12 20 18 10 18 70 17 18 19 9 3 50 68 3 31 60 18 6 5 0 2 26
12 13 1 47 44 14 36 19 46 5 55 54 47 58 31 55 11 10 56 25 49 52 14 31 56 6 31 33 29 52 20 31 23 14 52 6 8 43 9 33 33 0 19 57 53 51 27 18 28 12 27 15 10 27 14 24 39 42 19 14 15 48 36 47 28 27 33 63 13 30 44 59 48 33 20 10 46 27 5 3 5 33 55 32 33 4 24 12 35 53 18 16 45 33 21 10 15 13 11
22 3 9 37 34 4 26 29 36 5 45 44 37 48 21 45 21 0 46 15 39 42 4 21 46 4 21 23 19 42 10 21 13 4 42 4 2 33 19 43 23 10 9 47 43 41 37 28 38 22 17 25 0 17 4 14 29 32 9 24 5 38 26 37 18 37 43 53 23 20 34 49 38 43 30 0 36 37 5 7 15 43 45 42 43 6 34 22 25 43 28 6 35 43 31 20 25 23 1
51 26 38 8 5 25 3 58 7 34 16 15 8 19 8 16 50 29 17 14 10 13 25 8 17 33 8 6 10 13 19 8 16 25 13 33 31 4 48 72 6 39 20 18 14 12 66 57 67 51 12 54 29 12 25 15 0 3 20 53 24 9 3 8 11 66 72 24 52 9 5 20 9 72 59 29 7 66 34 36 44 72 16 71 72 35 63 51 4 14 57 23 6 72 60 49 54 52 28
76 51 63 17 20 50 28 83 18 59 9 10 17 6 33 9 75 54 8 39 15 12 50 33 8 58 33 31 35 12 44 33 41 50 12 58 56 21 73 97 31 64 45 7 11 13 91 82 92 76 37 79 54 37 50 40 25 22 45 78 49 16 28 17 36 91 97 1 77 34 20 5 16 97 84 54 18 91 59 61 69 97 9 96 97 60 88 76 29 11 82 48 19 97 85 74 79 77 53
37 12 24 22 19 11 11 44 21 20 30 29 22 33 6 30 36 15 31 0 24 27 11 6 31 19 6 8 4 27 5 6 2 11 27 19 17 18 34 58 8 25 6 32 28 26 52 43 53 37 2 40 15 2 11 1 14 17 6 39 10 23 11 22 3 52 58 38 38 5 19 34 23 58 45 15 21 52 20 22 30 58 30 57 58 21 49 37 10 28 43 9 20 58 46 35 40 38 14
54 29 41 5 2 28 6 61 4 37 13 12 5 16 11 13 53 32 14 17 7 10 28 11 14 36 11 9 13 10 22 11 19 28 10 36 34 1 51 75 9 42 23 15 11 9 69 60 70 54 15 57 32 15 28 18 3 0 23 56 27 6 6 5 14 69 75 21 55 12 2 17 6 75 62 32 4 69 37 39 47 75 13 74 75 38 66 54 7 11 60 26 3 75 63 52 57 55 31
5 20 8 54 51 21 43 12 53 12 62 61 54 65 38 62 4 17 63 32 56 59 21 38 63 13 38 40 36 59 27 38 30 21 59 13 15 50 2 26 40 7 26 64 60 58 20 11 21 5 34 8 17 34 21 31 46 49 26 7 22 55 43 54 35 20 26 70 6 37 51 66 55 26 13 17 53 20 12 10 2 26 62 25 26 11 17 5 42 60 11 23 52 26 14 3 8 6 18
65 40 52 6 9 39 17 72 7 48 2 1 6 5 22 2 64 43 3 28 4 1 39 22 3 47 22 20 24 1 33 22 30 39 1 47 45 10 62 86 20 53 34 4 0 2 80 71 81 65 26 68 43 26 39 29 14 11 34 67 38 5 17 6 25 80 86 10 66 23 9 6 5 86 73 43 7 80 48 50 58 86 2 85 86 49 77 65 18 0 71 37 8 86 74 63 68 66 42
65 40 52 6 9 39 17 72 7 48 2 1 6 5 22 2 64 43 3 28 4 1 39 22 3 47 22 20 24 1 33 22 30 39 1 47 45 10 62 86 20 53 34 4 0 2 80 71 81 65 26 68 43 26 39 29 14 11 34 67 38 5 17 6 25 80 86 10 66 23 9 6 5 86 73 43 7 80 48 50 58 86 2 85 86 49 77 65 18 0 71 37 8 86 74 63 68 66 42
72 47 59 13 16 46 24 79 14 55 5 6 13 2 29 5 71 50 4 35 11 8 46 29 4 54 29 27 31 8 40 29 37 46 8 54 52 17 69 93 27 60 41 3 7 9 87 78 88 72 33 75 50 33 46 36 21 18 41 74 45 12 24 13 32 87 93 3 73 30 16 1 12 93 80 50 14 87 55 57 65 93 5 92 93 56 84 72 25 7 78 44 15 93 81 70 75 73 49
3 22 10 56 53 23 45 10 55 14 64 63 56 67 40 64 2 19 65 34 58 61 23 40 65 15 40 42 38 61 29 40 32 23 61 15 17 52 0 24 42 9 28 66 62 60 18 9 19 3 36 6 19 36 23 33 48 51 28 5 24 57 45 56 37 18 24 72 4 39 53 68 57 24 11 19 55 18 14 12 4 24 64 23 24 13 15 3 44 62 9 25 54 24 12 1 6 4 20
62 37 49 3 6 36 14 69 4 45 5 4 3 8 19 5 61 40 6 25 1 2 36 19 6 44 19 17 21 2 30 19 27 36 2 44 42 7 59 83 17 50 31 7 3 1 77 68 78 62 23 65 40 23 36 26 11 8 31 64 35 2 14 3 22 77 83 13 63 20 6 9 2 83 70 40 4 77 45 47 55 83 5 82 83 46 74 62 15 3 68 34 5 83 71 60 65 63 39
3 22 10 56 53 23 45 10 55 14 64 63 56 67 40 64 2 19 65 34 58 61 23 40 65 15 40 42 38 61 29 40 32 23 61 15 17 52 0 24 42 9 28 66 62 60 18 9 19 3 36 6 19 36 23 33 48 51 28 5 24 57 45 56 37 18 24 72 4 39 53 68 57 24 11 19 55 18 14 12 4 24 64 23 24 13 15 3 44 62 9 25 54 24 12 1 6 4 20
66 41 53 7 10 40 18 73 8 49 1 0 7 4 23 1 65 44 2 29 5 2 40 23 2 48 23 21 25 2 34 23 31 40 2 48 46 11 63 87 21 54 35 3 1 3 81 72 82 66 27 69 44 27 40 30 15 12 35 68 39 6 18 7 26 81 87 9 67 24 10 5 6 87 74 44 8 81 49 51 59 87 1 86 87 50 78 66 19 1 72 38 9 87 75 64 69 67 43
9 16 4 50 47 17 39 16 49 8 58 57 50 61 34 58 8 13 59 28 52 55 17 34 59 9 34 36 32 55 23 34 26 17 55 9 11 46 6 30 36 3 22 60 56 54 24 15 25 9 30 12 13 30 17 27 42 45 22 11 18 51 39 50 31 24 30 66 10 33 47 62 51 30 17 13 49 24 8 6 2 30 58 29 30 7 21 9 38 56 15 19 48 30 18 7 12 10 14
9 34 22 68 65 35 57 2 67 26 76 75 68 79 52 76 10 31 77 46 70 73 35 52 77 27 52 54 50 73 41 52 44 35 73 27 29 64 12 12 54 21 40 78 74 72 6 3 7 9 48 6 31 48 35 45 60 63 40 7 36 69 57 68 49 6 12 84 8 51 65 80 69 12 1 31 67 6 26 24 16 12 76 11 12 25 3 9 56 74 3 37 66 12 0 11 6 8 32
30 5 17 29 26 4 18 37 28 13 37 36 29 40 13 37 29 8 38 7 31 34 4 13 38 12 13 15 11 34 2 13 5 4 34 12 10 25 27 51 15 18 1 39 35 33 45 36 46 30 9 33 8 9 4 6 21 24 1 32 3 30 18 29 10 45 51 45 31 12 26 41 30 51 38 8 28 45 13 15 23 51 37 50 51 14 42 30 17 35 36 2 27 51 39 28 33 31 7
3 22 10 56 53 23 45 10 55 14 64 63 56 67 40 64 2 19 65 34 58 61 23 40 65 15 40 42 38 61 29 40 32 23 61 15 17 52 0 24 42 9 28 66 62 60 18 9 19 3 36 6 19 36 23 33 48 51 28 5 24 57 45 56 37 18 24 72 4 39 53 68 57 24 11 19 55 18 14 12 4 24 64 23 24 13 15 3 44 62 9 25 54 24 12 1 6 4 20
15 10 2 44 41 11 33 22 43 2 52 51 44 55 28 52 14 7 53 22 46 49 11 28 53 3 28 30 26 49 17 28 20 11 49 3 5 40 12 36 30 3 16 54 50 48 30 21 31 15 24 18 7 24 11 21 36 39 16 17 12 45 33 44 25 30 36 60 16 27 41 56 45 36 23 7 43 30 2 0 8 36 52 35 36 1 27 15 32 50 21 13 42 36 24 13 18 16 8
54 29 41 5 2 28 6 61 4 37 13 12 5 16 11 13 53 32 14 17 7 10 28 11 14 36 11 9 13 10 22 11 19 28 10 36 34 1 51 75 9 42 23 15 11 9 69 60 70 54 15 57 32 15 28 18 3 0 23 56 27 6 6 5 14 69 75 21 55 12 2 17 6 75 62 32 4 69 37 39 47 75 13 74 75 38 66 54 7 11 60 26 3 75 63 52 57 55 31
12 37 25 71 68 38 60 5 70 29 79 78 71 82 55 79 13 34 80 49 73 76 38 55 80 30 55 57 53 76 44 55 47 38 76 30 32 67 15 9 57 24 43 81 77 75 3 6 4 12 51 9 34 51 38 48 63 66 43 10 39 72 60 71 52 3 9 87 11 54 68 83 72 9 4 34 70 3 29 27 19 9 79 8 9 28 0 12 59 77 6 40 69 9 3 14 9 11 35
16 9 3 43 40 10 32 23 42 1 51 50 43 54 27 51 15 6 52 21 45 48 10 27 52 2 27 29 25 48 16 27 19 10 48 2 4 39 13 37 29 4 15 53 49 47 31 22 32 16 23 19 6 23 10 20 35 38 15 18 11 44 32 43 24 31 37 59 17 26 40 55 44 37 24 6 42 31 1 1 9 37 51 36 37 0 28 16 31 49 22 12 41 37 25 14 19 17 7
33 8 20 26 23 7 15 40 25 16 34 33 26 37 10 34 32 11 35 4 28 31 7 10 35 15 10 12 8 31 1 10 2 7 31 15 13 22 30 54 12 21 2 36 32 30 48 39 49 33 6 36 11 6 7 3 18 21 2 35 6 27 15 26 7 48 54 42 34 9 23 38 27 54 41 11 25 48 16 18 26 54 34 53 54 17 45 33 14 32 39 5 24 54 42 31 36 34 10
75 50 62 16 19 49 27 82 17 58 8 9 16 5 32 8 74 53 7 38 14 11 49 32 7 57 32 30 34 11 43 32 40 49 11 57 55 20 72 96 30 63 44 6 10 12 90 81 91 75 36 78 53 36 49 39 24 21 44 77 48 15 27 16 35 90 96 0 76 33 19 4 15 96 83 53 17 90 58 60 68 96 8 95 96 59 87 75 28 10 81 47 18 96 84 73 78 76 52
69 44 56 10 13 43 21 76 11 52 2 3 10 1 26 2 68 47 1 32 8 5 43 26 1 51 26 24 28 5 37 26 34 43 5 51 49 14 66 90 24 57 38 0 4 6 84 75 85 69 30 72 47 30 43 33 18 15 38 71 42 9 21 10 29 84 90 6 70 27 13 2 9 90 77 47 11 84 52 54 62 90 2 89 90 53 81 69 22 4 75 41 12 90 78 67 72 70 46
3 22 10 56 53 23 45 10 55 14 64 63 56 67 40 64 2 19 65 34 58 61 23 40 65 15 40 42 38 61 29 40 32 23 61 15 17 52 0 24 42 9 28 66 62 60 18 9 19 3 36 6 19 36 23 33 48 51 28 5 24 57 45 56 37 18 24 72 4 39 53 68 57 24 11 19 55 18 14 12 4 24 64 23 24 13 15 3 44 62 9 25 54 24 12 1 6 4 20
1 24 12 58 55 25 47 8 57 16 66 65 58 69 42 66 0 21 67 36 60 63 25 42 67 17 42 44 40 63 31 42 34 25 63 17 19 54 2 22 44 11 30 68 64 62 16 7 17 1 38 4 21 38 25 35 50 53 30 3 26 59 47 58 39 16 22 74 2 41 55 70 59 22 9 21 57 16 16 14 6 22 66 21 22 15 13 1 46 64 7 27 56 22 10 1 4 2 22
19 6 6 40 37 7 29 26 39 2 48 47 40 51 24 48 18 3 49 18 42 45 7 24 49 1 24 26 22 45 13 24 16 7 45 1 1 36 16 40 26 7 12 50 46 44 34 25 35 19 20 22 3 20 7 17 32 35 12 21 8 41 29 40 21 34 40 56 20 23 37 52 41 40 27 3 39 34 2 4 12 40 48 39 40 3 31 19 28 46 25 9 38 40 28 17 22 20 4
55 30 42 4 1 29 7 62 3 38 12 11 4 15 12 12 54 33 13 18 6 9 29 12 13 37 12 10 14 9 23 12 20 29 9 37 35 0 52 76 10 43 24 14 10 8 70 61 71 55 16 58 33 16 29 19 4 1 24 57 28 5 7 4 15 70 76 20 56 13 1 16 5 76 63 33 3 70 38 40 48 76 12 75 76 39 67 55 8 10 61 27 2 76 64 53 58 56 32
46 21 33 13 10 20 2 53 12 29 21 20 13 24 3 21 45 24 22 9 15 18 20 3 22 28 3 1 5 18 14 3 11 20 18 28 26 9 43 67 1 34 15 23 19 17 61 52 62 46 7 49 24 7 20 10 5 8 15 48 19 14 2 13 6 61 67 29 47 4 10 25 14 67 54 24 12 61 29 31 39 67 21 66 67 30 58 46 1 19 52 18 11 67 55 44 49 47 23
35 10 22 24 21 9 13 42 23 18 32 31 24 35 8 32 34 13 33 2 26 29 9 8 33 17 8 10 6 29 3 8 0 9 29 17 15 20 32 56 10 23 4 34 30 28 50 41 51 35 4 38 13 4 9 1 16 19 4 37 8 25 13 24 5 50 56 40 36 7 21 36 25 56 43 13 23 50 18 20 28 56 32 55 56 19 47 35 12 30 41 7 22 56 44 33 38 36 12
59 34 46 0 3 33 11 66 1 42 8 7 0 11 16 8 58 37 9 22 2 5 33 16 9 41 16 14 18 5 27 16 24 33 5 41 39 4 56 80 14 47 28 10 6 4 74 65 75 59 20 62 37 20 33 23 8 5 28 61 32 1 11 0 19 74 80 16 60 17 3 12 1 80 67 37 1 74 42 44 52 80 8 79 80 43 71 59 12 6 65 31 2 80 68 57 62 60 36
12 13 1 47 44 14 36 19 46 5 55 54 47 58 31 55 11 10 56 25 49 52 14 31 56 6 31 33 29 52 20 31 23 14 52 6 8 43 9 33 33 0 19 57 53 51 27 18 28 12 27 15 10 27 14 24 39 42 19 14 15 48 36 47 28 27 33 63 13 30 44 59 48 33 20 10 46 27 5 3 5 33 55 32 33 4 24 12 35 53 18 16 45 33 21 10 15 13 11
34 9 21 25 22 8 14 41 24 17 33 32 25 36 9 33 33 12 34 3 27 30 8 9 34 16 9 11 7 30 2 9 1 8 30 16 14 21 31 55 11 22 3 35 31 29 49 40 50 34 5 37 12 5 8 2 17 20 3 36 7 26 14 25 6 49 55 41 35 8 22 37 26 55 42 12 24 49 17 19 27 55 33 54 55 18 46 34 13 31 40 6 23 55 43 32 37 35 11
6 31 19 65 62 32 54 1 64 23 73 72 65 76 49 73 7 28 74 43 67 70 32 49 74 24 49 51 47 70 38 49 41 32 70 24 26 61 9 15 51 18 37 75 71 69 9 0 10 6 45 3 28 45 32 42 57 60 37 4 33 66 54 65 46 9 15 81 5 48 62 77 66 15 2 28 64 9 23 21 13 15 73 14 15 22 6 6 53 71 0 34 63 15 3 8 3 5 29
46 21 33 13 10 20 2 53 12 29 21 20 13 24 3 21 45 24 22 9 15 18 20 3 22 28 3 1 5 18 14 3 11 20 18 28 26 9 43 67 1 34 15 23 19 17 61 52 62 46 7 49 24 7 20 10 5 8 15 48 19 14 2 13 6 61 67 29 47 4 10 25 14 67 54 24 12 61 29 31 39 67 21 66 67 30 58 46 1 19 52 18 11 67 55 44 49 47 23
1 26 14 60 57 27 49 6 59 18 68 67 60 71 44 68 2 23 69 38 62 65 27 44 69 19 44 46 42 65 33 44 36 27 65 19 21 56 4 20 46 13 32 70 66 64 14 5 15 1 40 2 23 40 27 37 52 55 32 1 28 61 49 60 41 14 20 76 0 43 57 72 61 20 7 23 59 14 18 16 8 20 68 19 20 17 11 1 48 66 5 29 58 20 8 3 2 0 24
34 9 21 25 22 8 14 41 24 17 33 32 25 36 9 33 33 12 34 3 27 30 8 9 34 16 9 11 7 30 2 9 1 8 30 16 14 21 31 55 11 22 3 35 31 29 49 40 50 34 5 37 12 5 8 2 17 20 3 36 7 26 14 25 6 49 55 41 35 8 22 37 26 55 42 12 24 49 17 19 27 55 33 54 55 18 46 34 13 31 40 6 23 55 43 32 37 35 11
33 8 20 26 23 7 15 40 25 16 34 33 26 37 10 34 32 11 35 4 28 31 7 10 35 15 10 12 8 31 1 10 2 7 31 15 13 22 30 54 12 21 2 36 32 30 48 39 49 33 6 36 11 6 7 3 18 21 2 35 6 27 15 26 7 48 54 42 34 9 23 38 27 54 41 11 25 48 16 18 26 54 34 53 54 17 45 33 14 32 39 5 24 54 42 31 36 34 10
19 44 32 78 75 45 67 12 77 36 86 85 78 89 62 86 20 41 87 56 80 83 45 62 87 37 62 64 60 83 51 62 54 45 83 37 39 74 22 2 64 31 50 88 84 82 4 13 3 19 58 16 41 58 45 55 70 73 50 17 46 79 67 78 59 4 2 94 18 61 75 90 79 2 11 41 77 4 36 34 26 2 86 1 2 35 7 19 66 84 13 47 76 2 10 21 16 18 42
10 15 3 49 46 16 38 17 48 7 57 56 49 60 33 57 9 12 58 27 51 54 16 33 58 8 33 35 31 54 22 33 25 16 54 8 10 45 7 31 35 2 21 59 55 53 25 16 26 10 29 13 12 29 16 26 41 44 21 12 17 50 38 49 30 25 31 65 11 32 46 61 50 31 18 12 48 25 7 5 3 31 57 30 31 6 22 10 37 55 16 18 47 31 19 8 13 11 13
57 32 44 2 1 31 9 64 1 40 10 9 2 13 14 10 56 35 11 20 4 7 31 14 11 39 14 12 16 7 25 14 22 31 7 39 37 2 54 78 12 45 26 12 8 6 72 63 73 57 18 60 35 18 31 21 6 3 26 59 30 3 9 2 17 72 78 18 58 15 1 14 3 78 65 35 1 72 40 42 50 78 10 77 78 41 69 57 10 8 63 29 0 78 66 55 60 58 34
6 19 7 53 50 20 42 13 52 11 61 60 53 64 37 61 5 16 62 31 55 58 20 37 62 12 37 39 35 58 26 37 29 20 58 12 14 49 3 27 39 6 25 63 59 57 21 12 22 6 33 9 16 33 20 30 45 48 25 8 21 54 42 53 34 21 27 69 7 36 50 65 54 27 14 16 52 21 11 9 1 27 61 26 27 10 18 6 41 59 12 22 51 27 15 4 9 7 17
5 30 18 64 61 31 53 2 63 22 72 71 64 75 48 72 6 27 73 42 66 69 31 48 73 23 48 50 46 69 37 48 40 31 69 23 25 60 8 16 50 17 36 74 70 68 10 1 11 5 44 2 27 44 31 41 56 59 36 3 32 65 53 64 45 10 16 80 4 47 61 76 65 16 3 27 63 10 22 20 12 16 72 15 16 21 7 5 52 70 1 33 62 16 4 7 2 4 28
5 20 8 54 51 21 43 12 53 12 62 61 54 65 38 62 4 17 63 32 56 59 21 38 63 13 38 40 36 59 27 38 30 21 59 13 15 50 2 26 40 7 26 64 60 58 20 11 21 5 34 8 17 34 21 31 46 49 26 7 22 55 43 54 35 20 26 70 6 37 51 66 55 26 13 17 53 20 12 10 2 26 62 25 26 11 17 5 42 60 11 23 52 26 14 3 8 6 18
0 25 13 59 56 26 48 7 58 17 67 66 59 70 43 67 1 22 68 37 61 64 26 43 68 18 43 45 41 64 32 43 35 26 64 18 20 55 3 21 45 12 31 69 65 63 15 6 16 0 39 3 22 39 26 36 51 54 31 2 27 60 48 59 40 15 21 75 1 42 56 71 60 21 8 22 58 15 17 15 7 21 67 20 21 16 12 0 47 65 6 28 57 21 9 2 3 1 23
14 11 1 45 42 12 34 21 44 3 53 52 45 56 29 53 13 8 54 23 47 50 12 29 54 4 29 31 27 50 18 29 21 12 50 4 6 41 11 35 31 2 17 55 51 49 29 20 30 14 25 17 8 25 12 22 37 40 17 16 13 46 34 45 26 29 35 61 15 28 42 57 46 35 22 8 44 29 3 1 7 35 53 34 35 2 26 14 33 51 20 14 43 35 23 12 17 15 9
42 17 29 17 14 16 6 49 16 25 25 24 17 28 1 25 41 20 26 5 19 22 16 1 26 24 1 3 1 22 10 1 7 16 22 24 22 13 39 63 3 30 11 27 23 21 57 48 58 42 3 45 20 3 16 6 9 12 11 44 15 18 6 17 2 57 63 33 43 0 14 29 18 63 50 20 16 57 25 27 35 63 25 62 63 26 54 42 5 23 48 14 15 63 51 40 45 43 19
10 15 3 49 46 16 38 17 48 7 57 56 49 60 33 57 9 12 58 27 51 54 16 33 58 8 33 35 31 54 22 33 25 16 54 8 10 45 7 31 35 2 21 59 55 53 25 16 26 10 29 13 12 29 16 26 41 44 21 12 17 50 38 49 30 25 31 65 11 32 46 61 50 31 18 12 48 25 7 5 3 31 57 30 31 6 22 10 37 55 16 18 47 31 19 8 13 11 13
32 7 19 27 24 6 16 39 26 15 35 34 27 38 11 35 31 10 36 5 29 32 6 11 36 14 11 13 9 32 0 11 3 6 32 14 12 23 29 53 13 20 1 37 33 31 47 38 48 32 7 35 10 7 6 4 19 22 1 34 5 28 16 27 8 47 53 43 33 10 24 39 28 53 40 10 26 47 15 17 25 53 35 52 53 16 44 32 15 33 38 4 25 53 41 30 35 33 9
18 7 5 41 38 8 30 25 40 1 49 48 41 52 25 49 17 4 50 19 43 46 8 25 50 0 25 27 23 46 14 25 17 8 46 0 2 37 15 39 27 6 13 51 47 45 33 24 34 18 21 21 4 21 8 18 33 36 13 20 9 42 30 41 22 33 39 57 19 24 38 53 42 39 26 4 40 33 1 3 11 39 49 38 39 2 30 18 29 47 24 10 39 39 27 16 21 19 5
68 43 55 9 12 42 20 75 10 51 1 2 9 2 25 1 67 46 0 31 7 4 42 25 0 50 25 23 27 4 36 25 33 42 4 50 48 13 65 89 23 56 37 1 3 5 83 74 84 68 29 71 46 29 42 32 17 14 37 70 41 8 20 9 28 83 89 7 69 26 12 3 8 89 76 46 10 83 51 53 61 89 1 88 89 52 80 68 21 3 74 40 11 89 77 66 71 69 45
46 21 33 13 10 20 2 53 12 29 21 20 13 24 3 21 45 24 22 9 15 18 20 3 22 28 3 1 5 18 14 3 11 20 18 28 26 9 43 67 1 34 15 23 19 17 61 52 62 46 7 49 24 7 20 10 5 8 15 48 19 14 2 13 6 61 67 29 47 4 10 25 14 67 54 24 12 61 29 31 39 67 21 66 67 30 58 46 1 19 52 18 11 67 55 44 49 47 23
1 24 12 58 55 25 47 8 57 16 66 65 58 69 42 66 0 21 67 36 60 63 25 42 67 17 42 44 40 63 31 42 34 25 63 17 19 54 2 22 44 11 30 68 64 62 16 7 17 1 38 4 21 38 25 35 50 53 30 3 26 59 47 58 39 16 22 74 2 41 55 70 59 22 9 21 57 16 16 14 6 22 66 21 22 15 13 1 46 64 7 27 56 22 10 1 4 2 22
2 27 15 61 58 28 50 5 60 19 69 68 61 72 45 69 3 24 70 39 63 66 28 45 70 20 45 47 43 66 34 45 37 28 66 20 22 57 5 19 47 14 33 71 67 65 13 4 14 2 41 1 24 41 28 38 53 56 33 0 29 62 50 61 42 13 19 77 1 44 58 73 62 19 6 24 60 13 19 17 9 19 69 18 19 18 10 2 49 67 4 30 59 19 7 4 1 1 25
16 41 29 75 72 42 64 9 74 33 83 82 75 86 59 83 17 38 84 53 77 80 42 59 84 34 59 61 57 80 48 59 51 42 80 34 36 71 19 5 61 28 47 85 81 79 1 10 0 16 55 13 38 55 42 52 67 70 47 14 43 76 64 75 56 1 5 91 15 58 72 87 76 5 8 38 74 1 33 31 23 5 83 4 5 32 4 16 63 81 10 44 73 5 7 18 13 15 39
63 38 50 4 7 37 15 70 5 46 4 3 4 7 20 4 62 41 5 26 2 1 37 20 5 45 20 18 22 1 31 20 28 37 1 45 43 8 60 84 18 51 32 6 2 0 78 69 79 63 24 66 41 24 37 27 12 9 32 65 36 3 15 4 23 78 84 12 64 21 7 8 3 84 71 41 5 78 46 48 56 84 4 83 84 47 75 63 16 2 69 35 6 84 72 61 66 64 40
1 26 14 60 57 27 49 6 59 18 68 67 60 71 44 68 2 23 69 38 62 65 27 44 69 19 44 46 42 65 33 44 36 27 65 19 21 56 4 20 46 13 32 70 66 64 14 5 15 1 40 2 23 40 27 37 52 55 32 1 28 61 49 60 41 14 20 76 0 43 57 72 61 20 7 23 59 14 18 16 8 20 68 19 20 17 11 1 48 66 5 29 58 20 8 3 2 0 24
18 43 31 77 74 44 66 11 76 35 85 84 77 88 61 85 19 40 86 55 79 82 44 61 86 36 61 63 59 82 50 61 53 44 82 36 38 73 21 3 63 30 49 87 83 81 3 12 2 18 57 15 40 57 44 54 69 72 49 16 45 78 66 77 58 3 3 93 17 60 74 89 78 3 10 40 76 3 35 33 25 3 85 2 3 34 6 18 65 83 12 46 75 3 9 20 15 17 41
8 17 5 51 48 18 40 15 50 9 59 58 51 62 35 59 7 14 60 29 53 56 18 35 60 10 35 37 33 56 24 35 27 18 56 10 12 47 5 29 37 4 23 61 57 55 23 14 24 8 31 11 14 31 18 28 43 46 23 10 19 52 40 51 32 23 29 67 9 34 48 63 52 29 16 14 50 23 9 7 1 29 59 28 29 8 20 8 39 57 14 20 49 29 17 6 11 9 15
7 32 20 66 63 33 55 0 65 24 74 73 66 77 50 74 8 29 75 44 68 71 33 50 75 25 50 52 48 71 39 50 42 33 71 25 27 62 10 14 52 19 38 76 72 70 8 1 9 7 46 4 29 46 33 43 58 61 38 5 34 67 55 66 47 8 14 82 6 49 63 78 67 14 1 29 65 8 24 22 14 14 74 13 14 23 5 7 54 72 1 35 64 14 2 9 4 6 30
36 11 23 23 20 10 12 43 22 19 31 30 23 34 7 31 35 14 32 1 25 28 10 7 32 18 7 9 5 28 4 7 1 10 28 18 16 19 33 57 9 24 5 33 29 27 51 42 52 36 3 39 14 3 10 0 15 18 5 38 9 24 12 23 4 51 57 39 37 6 20 35 24 57 44 14 22 51 19 21 29 57 31 56 57 20 48 36 11 29 42 8 21 57 45 34 39 37 13
15 40 28 74 71 41 63 8 73 32 82 81 74 85 58 82 16 37 83 52 76 79 41 58 83 33 58 60 56 79 47 58 50 41 79 33 35 70 18 6 60 27 46 84 80 78 0 9 1 15 54 12 37 54 41 51 66 69 46 13 42 75 63 74 55 0 6 90 14 57 71 86 75 6 7 37 73 0 32 30 22 6 82 5 6 31 3 15 62 80 9 43 72 6 6 17 12 14 38
13 12 0 46 43 13 35 20 45 4 54 53 46 57 30 54 12 9 55 24 48 51 13 30 55 5 30 32 28 51 19 30 22 13 51 5 7 42 10 34 32 1 18 56 52 50 28 19 29 13 26 16 9 26 13 23 38 41 18 15 14 47 35 46 27 28 34 62 14 29 43 58 47 34 21 9 45 28 4 2 6 34 54 33 34 3 25 13 34 52 19 15 44 34 22 11 16 14 10
1 24 12 58 55 25 47 8 57 16 66 65 58 69 42 66 0 21 67 36 60 63 25 42 67 17 42 44 40 63 31 42 34 25 63 17 19 54 2 22 44 11 30 68 64 62 16 7 17 1 38 4 21 38 25 35 50 53 30 3 26 59 47 58 39 16 22 74 2 41 55 70 59 22 9 21 57 16 16 14 6 22 66 21 22 15 13 1 46 64 7 27 56 22 10 1 4 2 22
17 8 4 42 39 9 31 24 41 0 50 49 42 53 26 50 16 5 51 20 44 47 9 26 51 1 26 28 24 47 15 26 18 9 47 1 3 38 14 38 28 5 14 52 48 46 32 23 33 17 22 20 5 22 9 19 34 37 14 19 10 43 31 42 23 32 38 58 18 25 39 54 43 38 25 5 41 32 0 2 10 38 50 37 38 1 29 17 30 48 23 11 40 38 26 15 20 18 6
13 12 0 46 43 13 35 20 45 4 54 53 46 57 30 54 12 9 55 24 48 51 13 30 55 5 30 32 28 51 19 30 22 13 51 5 7 42 10 34 32 1 18 56 52 50 28 19 29 13 26 16 9 26 13 23 38 41 18 15 14 47 35 46 27 28 34 62 14 29 43 58 47 34 21 9 45 28 4 2 6 34 54 33 34 3 25 13 34 52 19 15 44 34 22 11 16 14 10
75 50 62 16 19 49 27 82 17 58 8 9 16 5 32 8 74 53 7 38 14 11 49 32 7 57 32 30 34 11 43 32 40 49 11 57 55 20 72 96 30 63 44 6 10 12 90 81 91 75 36 78 53 36 49 39 24 21 44 77 48 15 27 16 35 90 96 0 76 33 19 4 15 96 83 53 17 90 58 60 68 96 8 95 96 59 87 75 28 10 81 47 18 96 84 73 78 76 52
4 29 17 63 60 30 52 3 62 21 71 70 63 74 47 71 5 26 72 41 65 68 30 47 72 22 47 49 45 68 36 47 39 30 68 22 24 59 7 17 49 16 35 73 69 67 11 2 12 4 43 1 26 43 30 40 55 58 35 2 31 64 52 63 44 11 17 79 3 46 60 75 64 17 4 26 62 11 21 19 11 17 71 16 17 20 8 4 51 69 2 32 61 17 5 6 1 3 27
51 26 38 8 5 25 3 58 7 34 16 15 8 19 8 16 50 29 17 14 10 13 25 8 17 33 8 6 10 13 19 8 16 25 13 33 31 4 48 72 6 39 20 18 14 12 66 57 67 51 12 54 29 12 25 15 0 3 20 53 24 9 3 8 11 66 72 24 52 9 5 20 9 72 59 29 7 66 34 36 44 72 16 71 72 35 63 51 4 14 57 23 6 72 60 49 54 52 28
1 24 12 58 55 25 47 8 57 16 66 65 58 69 42 66 0 21 67 36 60 63 25 42 67 17 42 44 40 63 31 42 34 25 63 17 19 54 2 22 44 11 30 68 64 62 16 7 17 1 38 4 21 38 25 35 50 53 30 3 26 59 47 58 39 16 22 74 2 41 55 70 59 22 9 21 57 16 16 14 6 22 66 21 22 15 13 1 46 64 7 27 56 22 10 1 4 2 22
63 38 50 4 7 37 15 70 5 46 4 3 4 7 20 4 62 41 5 26 2 1 37 20 5 45 20 18 22 1 31 20 28 37 1 45 43 8 60 84 18 51 32 6 2 0 78 69 79 63 24 66 41 24 37 27 12 9 32 65 36 3 15 4 23 78 84 12 64 21 7 8 3 84 71 41 5 78 46 48 56 84 4 83 84 47 75 63 16 2 69 35 6 84 72 61 66 64 40
32 7 19 27 24 6 16 39 26 15 35 34 27 38 11 35 31 10 36 5 29 32 6 11 36 14 11 13 9 32 0 11 3 6 32 14 12 23 29 53 13 20 1 37 33 31 47 38 48 32 7 35 10 7 6 4 19 22 1 34 5 28 16 27 8 47 53 43 33 10 24 39 28 53 40 10 26 47 15 17 25 53 35 52 53 16 44 32 15 33 38 4 25 53 41 30 35 33 9
11 14 2 48 45 15 37 18 47 6 56 55 48 59 32 56 10 11 57 26 50 53 15 32 57 7 32 34 30 53 21 32 24 15 53 7 9 44 8 32 34 1 20 58 54 52 26 17 27 11 28 14 11 28 15 25 40 43 20 13 16 49 37 48 29 26 32 64 12 31 45 60 49 32 19 11 47 26 6 4 4 32 56 31 32 5 23 11 36 54 17 17 46 32 20 9 14 12 12
71 46 58 12 15 45 23 78 13 54 4 5 12 1 28 4 70 49 3 34 10 7 45 28 3 53 28 26 30 7 39 28 36 45 7 53 51 16 68 92 26 59 40 2 6 8 86 77 87 71 32 74 49 32 45 35 20 17 40 73 44 11 23 12 31 86 92 4 72 29 15 0 11 92 79 49 13 86 54 56 64 92 4 91 92 55 83 71 24 6 77 43 14 92 80 69 74 72 48
