97 99
54 54 32 29 6 23 17 54 44 43 24 15 57 39 52 8 4 26 13 27 44 34 20 42 34 24 34 7 7 33 39 41 31 7 18 6 27 9 52 31 15 18 23 1 33 45 9 27 43 38 20 22 30 44 51 21 54 30 23 10 18 29 37 23 4 0 55 39 6 22 15 39 37 29 15 50 41 53 14 10 33 38 24 38 5 38 15 14 22 22 11 51 30 2 18 6 34 30 39
72 72 50 11 24 5 35 72 62 61 42 3 75 21 70 10 22 8 31 45 62 52 2 60 16 6 52 11 25 51 57 59 13 25 0 24 9 9 70 49 3 0 5 17 15 63 9 45 61 20 38 40 12 62 69 3 72 12 5 8 0 47 55 41 14 18 73 57 12 4 3 57 55 47 33 68 59 71 4 8 51 56 6 20 23 20 33 32 4 4 7 69 12 20 36 24 52 12 21
71 71 49 12 23 6 34 71 61 60 41 2 74 22 69 9 21 9 30 44 61 51 3 59 17 7 51 10 24 50 56 58 14 24 1 23 10 8 69 48 2 1 6 16 16 62 8 44 60 21 37 39 13 61 68 4 71 13 6 7 1 46 54 40 13 17 72 56 11 5 2 56 54 46 32 67 58 70 3 7 50 55 7 21 22 21 32 31 5 5 6 68 13 19 35 23 51 13 22
60 60 38 23 12 17 23 60 50 49 30 9 63 33 58 2 10 20 19 33 50 40 14 48 28 18 40 1 13 39 45 47 25 13 12 12 21 3 58 37 9 12 17 5 27 51 3 33 49 32 26 28 24 50 57 15 60 24 17 4 12 35 43 29 2 6 61 45 0 16 9 45 43 35 21 56 47 59 8 4 39 44 18 32 11 32 21 20 16 16 5 57 24 8 24 12 40 24 33
4 4 26 87 52 81 41 4 14 15 34 73 1 97 6 66 54 84 45 31 14 24 78 16 92 82 24 65 51 25 19 17 89 51 76 52 85 67 6 27 73 76 81 59 91 13 67 31 15 96 38 36 88 14 7 79 4 88 81 68 76 29 21 35 62 58 3 19 64 80 73 19 21 29 43 8 17 5 72 68 25 20 82 96 53 96 43 44 80 80 69 7 88 56 40 52 24 88 97
11 11 11 72 37 66 26 11 1 0 19 58 14 82 9 51 39 69 30 16 1 9 63 1 77 67 9 50 36 10 4 2 74 36 61 37 70 52 9 12 58 61 66 44 76 2 52 16 0 81 23 21 73 1 8 64 11 73 66 53 61 14 6 20 47 43 12 4 49 65 58 4 6 14 28 7 2 10 57 53 10 5 67 81 38 81 28 29 65 65 54 8 73 41 25 37 9 73 82
46 46 24 37 2 31 9 46 36 35 16 23 49 47 44 16 4 34 5 19 36 26 28 34 42 32 26 15 1 25 31 33 39 1 26 2 35 17 44 23 23 26 31 9 41 37 17 19 35 46 12 14 38 36 43 29 46 38 31 18 26 21 29 15 12 8 47 31 14 30 23 31 29 21 7 42 33 45 22 18 25 30 32 46 3 46 7 6 30 30 19 43 38 6 10 2 26 38 47
25 25 3 58 23 52 12 25 15 14 5 44 28 68 23 37 25 55 16 2 15 5 49 13 63 53 5 36 22 4 10 12 60 22 47 23 56 38 23 2 44 47 52 30 62 16 38 2 14 67 9 7 59 15 22 50 25 59 52 39 47 0 8 6 33 29 26 10 35 51 44 10 8 0 14 21 12 24 43 39 4 9 53 67 24 67 14 15 51 51 40 22 59 27 11 23 5 59 68
71 71 49 12 23 6 34 71 61 60 41 2 74 22 69 9 21 9 30 44 61 51 3 59 17 7 51 10 24 50 56 58 14 24 1 23 10 8 69 48 2 1 6 16 16 62 8 44 60 21 37 39 13 61 68 4 71 13 6 7 1 46 54 40 13 17 72 56 11 5 2 56 54 46 32 67 58 70 3 7 50 55 7 21 22 21 32 31 5 5 6 68 13 19 35 23 51 13 22
3 3 25 86 51 80 40 3 13 14 33 72 0 96 5 65 53 83 44 30 13 23 77 15 91 81 23 64 50 24 18 16 88 50 75 51 84 66 5 26 72 75 80 58 90 12 66 30 14 95 37 35 87 13 6 78 3 87 80 67 75 28 20 34 61 57 2 18 63 79 72 18 20 28 42 7 16 4 71 67 24 19 81 95 52 95 42 43 79 79 68 6 87 55 39 51 23 87 96
36 36 14 47 12 41 1 36 26 25 6 33 39 57 34 26 14 44 5 9 26 16 38 24 52 42 16 25 11 15 21 23 49 11 36 12 45 27 34 13 33 36 41 19 51 27 27 9 25 56 2 4 48 26 33 39 36 48 41 28 36 11 19 5 22 18 37 21 24 40 33 21 19 11 3 32 23 35 32 28 15 20 42 56 13 56 3 4 40 40 29 33 48 16 0 12 16 48 57
44 44 22 39 4 33 7 44 34 33 14 25 47 49 42 18 6 36 3 17 34 24 30 32 44 34 24 17 3 23 29 31 41 3 28 4 37 19 42 21 25 28 33 11 43 35 19 17 33 48 10 12 40 34 41 31 44 40 33 20 28 19 27 13 14 10 45 29 16 32 25 29 27 19 5 40 31 43 24 20 23 28 34 48 5 48 5 4 32 32 21 41 40 8 8 4 24 40 49
2 2 20 81 46 75 35 2 8 9 28 67 5 91 0 60 48 78 39 25 8 18 72 10 86 76 18 59 45 19 13 11 83 45 70 46 79 61 0 21 67 70 75 53 85 7 61 25 9 90 32 30 82 8 1 73 2 82 75 62 70 23 15 29 56 52 3 13 58 74 67 13 15 23 37 2 11 1 66 62 19 14 76 90 47 90 37 38 74 74 63 1 82 50 34 46 18 82 91
81 81 59 2 33 4 44 81 71 70 51 12 84 12 79 19 31 1 40 54 71 61 7 69 7 3 61 20 34 60 66 68 4 34 9 33 0 18 79 58 12 9 4 26 6 72 18 54 70 11 47 49 3 71 78 6 81 3 4 17 9 56 64 50 23 27 82 66 21 5 12 66 64 56 42 77 68 80 13 17 60 65 3 11 32 11 42 41 5 5 16 78 3 29 45 33 61 3 12
4 4 18 79 44 73 33 4 6 7 26 65 7 89 2 58 46 76 37 23 6 16 70 8 84 74 16 57 43 17 11 9 81 43 68 44 77 59 2 19 65 68 73 51 83 5 59 23 7 88 30 28 80 6 1 71 4 80 73 60 68 21 13 27 54 50 5 11 56 72 65 11 13 21 35 0 9 3 64 60 17 12 74 88 45 88 35 36 72 72 61 1 80 48 32 44 16 80 89
81 81 59 2 33 4 44 81 71 70 51 12 84 12 79 19 31 1 40 54 71 61 7 69 7 3 61 20 34 60 66 68 4 34 9 33 0 18 79 58 12 9 4 26 6 72 18 54 70 11 47 49 3 71 78 6 81 3 4 17 9 56 64 50 23 27 82 66 21 5 12 66 64 56 42 77 68 80 13 17 60 65 3 11 32 11 42 41 5 5 16 78 3 29 45 33 61 3 12
95 95 73 12 47 18 58 95 85 84 65 26 98 2 93 33 45 15 54 68 85 75 21 83 7 17 75 34 48 74 80 82 10 48 23 47 14 32 93 72 26 23 18 40 8 86 32 68 84 3 61 63 11 85 92 20 95 11 18 31 23 70 78 64 37 41 96 80 35 19 26 80 78 70 56 91 82 94 27 31 74 79 17 3 46 3 56 55 19 19 30 92 11 43 59 47 75 11 2
81 81 59 2 33 4 44 81 71 70 51 12 84 12 79 19 31 1 40 54 71 61 7 69 7 3 61 20 34 60 66 68 4 34 9 33 0 18 79 58 12 9 4 26 6 72 18 54 70 11 47 49 3 71 78 6 81 3 4 17 9 56 64 50 23 27 82 66 21 5 12 66 64 56 42 77 68 80 13 17 60 65 3 11 32 11 42 41 5 5 16 78 3 29 45 33 61 3 12
0 0 22 83 48 77 37 0 10 11 30 69 3 93 2 62 50 80 41 27 10 20 74 12 88 78 20 61 47 21 15 13 85 47 72 48 81 63 2 23 69 72 77 55 87 9 63 27 11 92 34 32 84 10 3 75 0 84 77 64 72 25 17 31 58 54 1 15 60 76 69 15 17 25 39 4 13 1 68 64 21 16 78 92 49 92 39 40 76 76 65 3 84 52 36 48 20 84 93
85 85 63 2 37 8 48 85 75 74 55 16 88 8 83 23 35 5 44 58 75 65 11 73 3 7 65 24 38 64 70 72 0 38 13 37 4 22 83 62 16 13 8 30 2 76 22 58 74 7 51 53 1 75 82 10 85 1 8 21 13 60 68 54 27 31 86 70 25 9 16 70 68 60 46 81 72 84 17 21 64 69 7 7 36 7 46 45 9 9 20 82 1 33 49 37 65 1 8
54 54 32 29 6 23 17 54 44 43 24 15 57 39 52 8 4 26 13 27 44 34 20 42 34 24 34 7 7 33 39 41 31 7 18 6 27 9 52 31 15 18 23 1 33 45 9 27 43 38 20 22 30 44 51 21 54 30 23 10 18 29 37 23 4 0 55 39 6 22 15 39 37 29 15 50 41 53 14 10 33 38 24 38 5 38 15 14 22 22 11 51 30 2 18 6 34 30 39
8 8 14 75 40 69 29 8 2 3 22 61 11 85 6 54 42 72 33 19 2 12 66 4 80 70 12 53 39 13 7 5 77 39 64 40 73 55 6 15 61 64 69 47 79 1 55 19 3 84 26 24 76 2 5 67 8 76 69 56 64 17 9 23 50 46 9 7 52 68 61 7 9 17 31 4 5 7 60 56 13 8 70 84 41 84 31 32 68 68 57 5 76 44 28 40 12 76 85
95 95 73 12 47 18 58 95 85 84 65 26 98 2 93 33 45 15 54 68 85 75 21 83 7 17 75 34 48 74 80 82 10 48 23 47 14 32 93 72 26 23 18 40 8 86 32 68 84 3 61 63 11 85 92 20 95 11 18 31 23 70 78 64 37 41 96 80 35 19 26 80 78 70 56 91 82 94 27 31 74 79 17 3 46 3 56 55 19 19 30 92 11 43 59 47 75 11 2
37 37 15 46 11 40 0 37 27 26 7 32 40 56 35 25 13 43 4 10 27 17 37 25 51 41 17 24 10 16 22 24 48 10 35 11 44 26 35 14 32 35 40 18 50 28 26 10 26 55 3 5 47 27 34 38 37 47 40 27 35 12 20 6 21 17 38 22 23 39 32 22 20 12 2 33 24 36 31 27 16 21 41 55 12 55 2 3 39 39 28 34 47 15 1 11 17 47 56
54 54 32 29 6 23 17 54 44 43 24 15 57 39 52 8 4 26 13 27 44 34 20 42 34 24 34 7 7 33 39 41 31 7 18 6 27 9 52 31 15 18 23 1 33 45 9 27 43 38 20 22 30 44 51 21 54 30 23 10 18 29 37 23 4 0 55 39 6 22 15 39 37 29 15 50 41 53 14 10 33 38 24 38 5 38 15 14 22 22 11 51 30 2 18 6 34 30 39
0 0 22 83 48 77 37 0 10 11 30 69 3 93 2 62 50 80 41 27 10 20 74 12 88 78 20 61 47 21 15 13 85 47 72 48 81 63 2 23 69 72 77 55 87 9 63 27 11 92 34 32 84 10 3 75 0 84 77 64 72 25 17 31 58 54 1 15 60 76 69 15 17 25 39 4 13 1 68 64 21 16 78 92 49 92 39 40 76 76 65 3 84 52 36 48 20 84 93
38 38 16 45 10 39 1 38 28 27 8 31 41 55 36 24 12 42 3 11 28 18 36 26 50 40 18 23 9 17 23 25 47 9 34 10 43 25 36 15 31 34 39 17 49 29 25 11 27 54 4 6 46 28 35 37 38 46 39 26 34 13 21 7 20 16 39 23 22 38 31 23 21 13 1 34 25 37 30 26 17 22 40 54 11 54 1 2 38 38 27 35 46 14 2 10 18 46 55
24 24 2 59 24 53 13 24 14 13 6 45 27 69 22 38 26 56 17 3 14 4 50 12 64 54 4 37 23 3 9 11 61 23 48 24 57 39 22 1 45 48 53 31 63 15 39 3 13 68 10 8 60 14 21 51 24 60 53 40 48 1 7 7 34 30 25 9 36 52 45 9 7 1 15 20 11 23 44 40 3 8 54 68 25 68 15 16 52 52 41 21 60 28 12 24 4 60 69
36 36 14 47 12 41 1 36 26 25 6 33 39 57 34 26 14 44 5 9 26 16 38 24 52 42 16 25 11 15 21 23 49 11 36 12 45 27 34 13 33 36 41 19 51 27 27 9 25 56 2 4 48 26 33 39 36 48 41 28 36 11 19 5 22 18 37 21 24 40 33 21 19 11 3 32 23 35 32 28 15 20 42 56 13 56 3 4 40 40 29 33 48 16 0 12 16 48 57
52 52 30 31 4 25 15 52 42 41 22 17 55 41 50 10 2 28 11 25 42 32 22 40 36 26 32 9 5 31 37 39 33 5 20 4 29 11 50 29 17 20 25 3 35 43 11 25 41 40 18 20 32 42 49 23 52 32 25 12 20 27 35 21 6 2 53 37 8 24 17 37 35 27 13 48 39 51 16 12 31 36 26 40 3 40 13 12 24 24 13 49 32 0 16 4 32 32 41
2 2 24 85 50 79 39 2 12 13 32 71 1 95 4 64 52 82 43 29 12 22 76 14 90 80 22 63 49 23 17 15 87 49 74 50 83 65 4 25 71 74 79 57 89 11 65 29 13 94 36 34 86 12 5 77 2 86 79 66 74 27 19 33 60 56 1 17 62 78 71 17 19 27 41 6 15 3 70 66 23 18 80 94 51 94 41 42 78 78 67 5 86 54 38 50 22 86 95
11 11 11 72 37 66 26 11 1 0 19 58 14 82 9 51 39 69 30 16 1 9 63 1 77 67 9 50 36 10 4 2 74 36 61 37 70 52 9 12 58 61 66 44 76 2 52 16 0 81 23 21 73 1 8 64 11 73 66 53 61 14 6 20 47 43 12 4 49 65 58 4 6 14 28 7 2 10 57 53 10 5 67 81 38 81 28 29 65 65 54 8 73 41 25 37 9 73 82
77 77 55 6 29 0 40 77 67 66 47 8 80 16 75 15 27 3 36 50 67 57 3 65 11 1 57 16 30 56 62 64 8 30 5 29 4 14 75 54 8 5 0 22 10 68 14 50 66 15 43 45 7 67 74 2 77 7 0 13 5 52 60 46 19 23 78 62 17 1 8 62 60 52 38 73 64 76 9 13 56 61 1 15 28 15 38 37 1 1 12 74 7 25 41 29 57 7 16
0 0 22 83 48 77 37 0 10 11 30 69 3 93 2 62 50 80 41 27 10 20 74 12 88 78 20 61 47 21 15 13 85 47 72 48 81 63 2 23 69 72 77 55 87 9 63 27 11 92 34 32 84 10 3 75 0 84 77 64 72 25 17 31 58 54 1 15 60 76 69 15 17 25 39 4 13 1 68 64 21 16 78 92 49 92 39 40 76 76 65 3 84 52 36 48 20 84 93
45 45 23 38 3 32 8 45 35 34 15 24 48 48 43 17 5 35 4 18 35 25 29 33 43 33 25 16 2 24 30 32 40 2 27 3 36 18 43 22 24 27 32 10 42 36 18 18 34 47 11 13 39 35 42 30 45 39 32 19 27 20 28 14 13 9 46 30 15 31 24 30 28 20 6 41 32 44 23 19 24 29 33 47 4 47 6 5 31 31 20 42 39 7 9 3 25 39 48
48 48 26 35 0 29 11 48 38 37 18 21 51 45 46 14 2 32 7 21 38 28 26 36 40 30 28 13 1 27 33 35 37 1 24 0 33 15 46 25 21 24 29 7 39 39 15 21 37 44 14 16 36 38 45 27 48 36 29 16 24 23 31 17 10 6 49 33 12 28 21 33 31 23 9 44 35 47 20 16 27 32 30 44 1 44 9 8 28 28 17 45 36 4 12 0 28 36 45
42 42 20 41 6 35 5 42 32 31 12 27 45 51 40 20 8 38 1 15 32 22 32 30 46 36 22 19 5 21 27 29 43 5 30 6 39 21 40 19 27 30 35 13 45 33 21 15 31 50 8 10 42 32 39 33 42 42 35 22 30 17 25 11 16 12 43 27 18 34 27 27 25 17 3 38 29 41 26 22 21 26 36 50 7 50 3 2 34 34 23 39 42 10 6 6 22 42 51
56 56 34 27 8 21 19 56 46 45 26 13 59 37 54 6 6 24 15 29 46 36 18 44 32 22 36 5 9 35 41 43 29 9 16 8 25 7 54 33 13 16 21 1 31 47 7 29 45 36 22 24 28 46 53 19 56 28 21 8 16 31 39 25 2 2 57 41 4 20 13 41 39 31 17 52 43 55 12 8 35 40 22 36 7 36 17 16 20 20 9 53 28 4 20 8 36 28 37
48 48 26 35 0 29 11 48 38 37 18 21 51 45 46 14 2 32 7 21 38 28 26 36 40 30 28 13 1 27 33 35 37 1 24 0 33 15 46 25 21 24 29 7 39 39 15 21 37 44 14 16 36 38 45 27 48 36 29 16 24 23 31 17 10 6 49 33 12 28 21 33 31 23 9 44 35 47 20 16 27 32 30 44 1 44 9 8 28 28 17 45 36 4 12 0 28 36 45
74 74 52 9 26 3 37 74 64 63 44 5 77 19 72 12 24 6 33 47 64 54 0 62 14 4 54 13 27 53 59 61 11 27 2 26 7 11 72 51 5 2 3 19 13 65 11 47 63 18 40 42 10 64 71 1 74 10 3 10 2 49 57 43 16 20 75 59 14 2 5 59 57 49 35 70 61 73 6 10 53 58 4 18 25 18 35 34 2 2 9 71 10 22 38 26 54 10 19
6 6 16 77 42 71 31 6 4 5 24 63 9 87 4 56 44 74 35 21 4 14 68 6 82 72 14 55 41 15 9 7 79 41 66 42 75 57 4 17 63 66 71 49 81 3 57 21 5 86 28 26 78 4 3 69 6 78 71 58 66 19 11 25 52 48 7 9 54 70 63 9 11 19 33 2 7 5 62 58 15 10 72 86 43 86 33 34 70 70 59 3 78 46 30 42 14 78 87
75 75 53 8 27 2 38 75 65 64 45 6 78 18 73 13 25 5 34 48 65 55 1 63 13 3 55 14 28 54 60 62 10 28 3 27 6 12 73 52 6 3 2 20 12 66 12 48 64 17 41 43 9 65 72 0 75 9 2 11 3 50 58 44 17 21 76 60 15 1 6 60 58 50 36 71 62 74 7 11 54 59 3 17 26 17 36 35 1 1 10 72 9 23 39 27 55 9 18
8 8 14 75 40 69 29 8 2 3 22 61 11 85 6 54 42 72 33 19 2 12 66 4 80 70 12 53 39 13 7 5 77 39 64 40 73 55 6 15 61 64 69 47 79 1 55 19 3 84 26 24 76 2 5 67 8 76 69 56 64 17 9 23 50 46 9 7 52 68 61 7 9 17 31 4 5 7 60 56 13 8 70 84 41 84 31 32 68 68 57 5 76 44 28 40 12 76 85
56 56 34 27 8 21 19 56 46 45 26 13 59 37 54 6 6 24 15 29 46 36 18 44 32 22 36 5 9 35 41 43 29 9 16 8 25 7 54 33 13 16 21 1 31 47 7 29 45 36 22 24 28 46 53 19 56 28 21 8 16 31 39 25 2 2 57 41 4 20 13 41 39 31 17 52 43 55 12 8 35 40 22 36 7 36 17 16 20 20 9 53 28 4 20 8 36 28 37
14 14 8 69 34 63 23 14 4 3 16 55 17 79 12 48 36 66 27 13 4 6 60 2 74 64 6 47 33 7 1 1 71 33 58 34 67 49 12 9 55 58 63 41 73 5 49 13 3 78 20 18 70 4 11 61 14 70 63 50 58 11 3 17 44 40 15 1 46 62 55 1 3 11 25 10 1 13 54 50 7 2 64 78 35 78 25 26 62 62 51 11 70 38 22 34 6 70 79
56 56 34 27 8 21 19 56 46 45 26 13 59 37 54 6 6 24 15 29 46 36 18 44 32 22 36 5 9 35 41 43 29 9 16 8 25 7 54 33 13 16 21 1 31 47 7 29 45 36 22 24 28 46 53 19 56 28 21 8 16 31 39 25 2 2 57 41 4 20 13 41 39 31 17 52 43 55 12 8 35 40 22 36 7 36 17 16 20 20 9 53 28 4 20 8 36 28 37
87 87 65 4 39 10 50 87 77 76 57 18 90 6 85 25 37 7 46 60 77 67 13 75 1 9 67 26 40 66 72 74 2 40 15 39 6 24 85 64 18 15 10 32 0 78 24 60 76 5 53 55 3 77 84 12 87 3 10 23 15 62 70 56 29 33 88 72 27 11 18 72 70 62 48 83 74 86 19 23 66 71 9 5 38 5 48 47 11 11 22 84 3 35 51 39 67 3 6
91 91 69 8 43 14 54 91 81 80 61 22 94 2 89 29 41 11 50 64 81 71 17 79 3 13 71 30 44 70 76 78 6 44 19 43 10 28 89 68 22 19 14 36 4 82 28 64 80 1 57 59 7 81 88 16 91 7 14 27 19 66 74 60 33 37 92 76 31 15 22 76 74 66 52 87 78 90 23 27 70 75 13 1 42 1 52 51 15 15 26 88 7 39 55 43 71 7 2
57 57 35 26 9 20 20 57 47 46 27 12 60 36 55 5 7 23 16 30 47 37 17 45 31 21 37 4 10 36 42 44 28 10 15 9 24 6 55 34 12 15 20 2 30 48 6 30 46 35 23 25 27 47 54 18 57 27 20 7 15 32 40 26 1 3 58 42 3 19 12 42 40 32 18 53 44 56 11 7 36 41 21 35 8 35 18 17 19 19 8 54 27 5 21 9 37 27 36
60 60 38 23 12 17 23 60 50 49 30 9 63 33 58 2 10 20 19 33 50 40 14 48 28 18 40 1 13 39 45 47 25 13 12 12 21 3 58 37 9 12 17 5 27 51 3 33 49 32 26 28 24 50 57 15 60 24 17 4 12 35 43 29 2 6 61 45 0 16 9 45 43 35 21 56 47 59 8 4 39 44 18 32 11 32 21 20 16 16 5 57 24 8 24 12 40 24 33
3 3 19 80 45 74 34 3 7 8 27 66 6 90 1 59 47 77 38 24 7 17 71 9 85 75 17 58 44 18 12 10 82 44 69 45 78 60 1 20 66 69 74 52 84 6 60 24 8 89 31 29 81 7 0 72 3 81 74 61 69 22 14 28 55 51 4 12 57 73 66 12 14 22 36 1 10 2 65 61 18 13 75 89 46 89 36 37 73 73 62 0 81 49 33 45 17 81 90
22 22 0 61 26 55 15 22 12 11 8 47 25 71 20 40 28 58 19 5 12 2 52 10 66 56 2 39 25 1 7 9 63 25 50 26 59 41 20 1 47 50 55 33 65 13 41 5 11 70 12 10 62 12 19 53 22 62 55 42 50 3 5 9 36 32 23 7 38 54 47 7 5 3 17 18 9 21 46 42 1 6 56 70 27 70 17 18 54 54 43 19 62 30 14 26 2 62 71
10 10 12 73 38 67 27 10 0 1 20 59 13 83 8 52 40 70 31 17 0 10 64 2 78 68 10 51 37 11 5 3 75 37 62 38 71 53 8 13 59 62 67 45 77 1 53 17 1 82 24 22 74 0 7 65 10 74 67 54 62 15 7 21 48 44 11 5 50 66 59 5 7 15 29 6 3 9 58 54 11 6 68 82 39 82 29 30 66 66 55 7 74 42 26 38 10 74 83
49 49 27 34 1 28 12 49 39 38 19 20 52 44 47 13 1 31 8 22 39 29 25 37 39 29 29 12 2 28 34 36 36 2 23 1 32 14 47 26 20 23 28 6 38 40 14 22 38 43 15 17 35 39 46 26 49 35 28 15 23 24 32 18 9 5 50 34 11 27 20 34 32 24 10 45 36 48 19 15 28 33 29 43 0 43 10 9 27 27 16 46 35 3 13 1 29 35 44
4 4 26 87 52 81 41 4 14 15 34 73 1 97 6 66 54 84 45 31 14 24 78 16 92 82 24 65 51 25 19 17 89 51 76 52 85 67 6 27 73 76 81 59 91 13 67 31 15 96 38 36 88 14 7 79 4 88 81 68 76 29 21 35 62 58 3 19 64 80 73 19 21 29 43 8 17 5 72 68 25 20 82 96 53 96 43 44 80 80 69 7 88 56 40 52 24 88 97
2 2 20 81 46 75 35 2 8 9 28 67 5 91 0 60 48 78 39 25 8 18 72 10 86 76 18 59 45 19 13 11 83 45 70 46 79 61 0 21 67 70 75 53 85 7 61 25 9 90 32 30 82 8 1 73 2 82 75 62 70 23 15 29 56 52 3 13 58 74 67 13 15 23 37 2 11 1 66 62 19 14 76 90 47 90 37 38 74 74 63 1 82 50 34 46 18 82 91
76 76 54 7 28 1 39 76 66 65 46 7 79 17 74 14 26 4 35 49 66 56 2 64 12 2 56 15 29 55 61 63 9 29 4 28 5 13 74 53 7 4 1 21 11 67 13 49 65 16 42 44 8 66 73 1 76 8 1 12 4 51 59 45 18 22 77 61 16 0 7 61 59 51 37 72 63 75 8 12 55 60 2 16 27 16 37 36 0 0 11 73 8 24 40 28 56 8 17
70 70 48 13 22 7 33 70 60 59 40 1 73 23 68 8 20 10 29 43 60 50 4 58 18 8 50 9 23 49 55 57 15 23 2 22 11 7 68 47 1 2 7 15 17 61 7 43 59 22 36 38 14 60 67 5 70 14 7 6 2 45 53 39 12 16 71 55 10 6 1 55 53 45 31 66 57 69 2 6 49 54 8 22 21 22 31 30 6 6 5 67 14 18 34 22 50 14 23
79 79 57 4 31 2 42 79 69 68 49 10 82 14 77 17 29 1 38 52 69 59 5 67 9 1 59 18 32 58 64 66 6 32 7 31 2 16 77 56 10 7 2 24 8 70 16 52 68 13 45 47 5 69 76 4 79 5 2 15 7 54 62 48 21 25 80 64 19 3 10 64 62 54 40 75 66 78 11 15 58 63 1 13 30 13 40 39 3 3 14 76 5 27 43 31 59 5 14
69 69 47 14 21 8 32 69 59 58 39 0 72 24 67 7 19 11 28 42 59 49 5 57 19 9 49 8 22 48 54 56 16 22 3 21 12 6 67 46 0 3 8 14 18 60 6 42 58 23 35 37 15 59 66 6 69 15 8 5 3 44 52 38 11 15 70 54 9 7 0 54 52 44 30 65 56 68 1 5 48 53 9 23 20 23 30 29 7 7 4 66 15 17 33 21 49 15 24
59 59 37 24 11 18 22 59 49 48 29 10 62 34 57 3 9 21 18 32 49 39 15 47 29 19 39 2 12 38 44 46 26 12 13 11 22 4 57 36 10 13 18 4 28 50 4 32 48 33 25 27 25 49 56 16 59 25 18 5 13 34 42 28 1 5 60 44 1 17 10 44 42 34 20 55 46 58 9 5 38 43 19 33 10 33 20 19 17 17 6 56 25 7 23 11 39 25 34
23 23 1 60 25 54 14 23 13 12 7 46 26 70 21 39 27 57 18 4 13 3 51 11 65 55 3 38 24 2 8 10 62 24 49 25 58 40 21 0 46 49 54 32 64 14 40 4 12 69 11 9 61 13 20 52 23 61 54 41 49 2 6 8 35 31 24 8 37 53 46 8 6 2 16 19 10 22 45 41 2 7 55 69 26 69 16 17 53 53 42 20 61 29 13 25 3 61 70
85 85 63 2 37 8 48 85 75 74 55 16 88 8 83 23 35 5 44 58 75 65 11 73 3 7 65 24 38 64 70 72 0 38 13 37 4 22 83 62 16 13 8 30 2 76 22 58 74 7 51 53 1 75 82 10 85 1 8 21 13 60 68 54 27 31 86 70 25 9 16 70 68 60 46 81 72 84 17 21 64 69 7 7 36 7 46 45 9 9 20 82 1 33 49 37 65 1 8
93 93 71 10 45 16 56 93 83 82 63 24 96 0 91 31 43 13 52 66 83 73 19 81 5 15 73 32 46 72 78 80 8 46 21 45 12 30 91 70 24 21 16 38 6 84 30 66 82 1 59 61 9 83 90 18 93 9 16 29 21 68 76 62 35 39 94 78 33 17 24 78 76 68 54 89 80 92 25 29 72 77 15 1 44 1 54 53 17 17 28 90 9 41 57 45 73 9 0
14 14 8 69 34 63 23 14 4 3 16 55 17 79 12 48 36 66 27 13 4 6 60 2 74 64 6 47 33 7 1 1 71 33 58 34 67 49 12 9 55 58 63 41 73 5 49 13 3 78 20 18 70 4 11 61 14 70 63 50 58 11 3 17 44 40 15 1 46 62 55 1 3 11 25 10 1 13 54 50 7 2 64 78 35 78 25 26 62 62 51 11 70 38 22 34 6 70 79
2 2 20 81 46 75 35 2 8 9 28 67 5 91 0 60 48 78 39 25 8 18 72 10 86 76 18 59 45 19 13 11 83 45 70 46 79 61 0 21 67 70 75 53 85 7 61 25 9 90 32 30 82 8 1 73 2 82 75 62 70 23 15 29 56 52 3 13 58 74 67 13 15 23 37 2 11 1 66 62 19 14 76 90 47 90 37 38 74 74 63 1 82 50 34 46 18 82 91
34 34 12 49 14 43 3 34 24 23 4 35 37 59 32 28 16 46 7 7 24 14 40 22 54 44 14 27 13 13 19 21 51 13 38 14 47 29 32 11 35 38 43 21 53 25 29 7 23 58 0 2 50 24 31 41 34 50 43 30 38 9 17 3 24 20 35 19 26 42 35 19 17 9 5 30 21 33 34 30 13 18 44 58 15 58 5 6 42 42 31 31 50 18 2 14 14 50 59
76 76 54 7 28 1 39 76 66 65 46 7 79 17 74 14 26 4 35 49 66 56 2 64 12 2 56 15 29 55 61 63 9 29 4 28 5 13 74 53 7 4 1 21 11 67 13 49 65 16 42 44 8 66 73 1 76 8 1 12 4 51 59 45 18 22 77 61 16 0 7 61 59 51 37 72 63 75 8 12 55 60 2 16 27 16 37 36 0 0 11 73 8 24 40 28 56 8 17
14 14 8 69 34 63 23 14 4 3 16 55 17 79 12 48 36 66 27 13 4 6 60 2 74 64 6 47 33 7 1 1 71 33 58 34 67 49 12 9 55 58 63 41 73 5 49 13 3 78 20 18 70 4 11 61 14 70 63 50 58 11 3 17 44 40 15 1 46 62 55 1 3 11 25 10 1 13 54 50 7 2 64 78 35 78 25 26 62 62 51 11 70 38 22 34 6 70 79
30 30 8 53 18 47 7 30 20 19 0 39 33 63 28 32 20 50 11 3 20 10 44 18 58 48 10 31 17 9 15 17 55 17 42 18 51 33 28 7 39 42 47 25 57 21 33 3 19 62 4 2 54 20 27 45 30 54 47 34 42 5 13 1 28 24 31 15 30 46 39 15 13 5 9 26 17 29 38 34 9 14 48 62 19 62 9 10 46 46 35 27 54 22 6 18 10 54 63
73 73 51 10 25 4 36 73 63 62 43 4 76 20 71 11 23 7 32 46 63 53 1 61 15 5 53 12 26 52 58 60 12 26 1 25 8 10 71 50 4 1 4 18 14 64 10 46 62 19 39 41 11 63 70 2 73 11 4 9 1 48 56 42 15 19 74 58 13 3 4 58 56 48 34 69 60 72 5 9 52 57 5 19 24 19 34 33 3 3 8 70 11 21 37 25 53 11 20
88 88 66 5 40 11 51 88 78 77 58 19 91 5 86 26 38 8 47 61 78 68 14 76 0 10 68 27 41 67 73 75 3 41 16 40 7 25 86 65 19 16 11 33 1 79 25 61 77 4 54 56 4 78 85 13 88 4 11 24 16 63 71 57 30 34 89 73 28 12 19 73 71 63 49 84 75 87 20 24 67 72 10 4 39 4 49 48 12 12 23 85 4 36 52 40 68 4 5
70 70 48 13 22 7 33 70 60 59 40 1 73 23 68 8 20 10 29 43 60 50 4 58 18 8 50 9 23 49 55 57 15 23 2 22 11 7 68 47 1 2 7 15 17 61 7 43 59 22 36 38 14 60 67 5 70 14 7 6 2 45 53 39 12 16 71 55 10 6 1 55 53 45 31 66 57 69 2 6 49 54 8 22 21 22 31 30 6 6 5 67 14 18 34 22 50 14 23
43 43 21 40 5 34 6 43 33 32 13 26 46 50 41 19 7 37 2 16 33 23 31 31 45 35 23 18 4 22 28 30 42 4 29 5 38 20 41 20 26 29 34 12 44 34 20 16 32 49 9 11 41 33 40 32 43 41 34 21 29 18 26 12 15 11 44 28 17 33 26 28 26 18 4 39 30 42 25 21 22 27 35 49 6 49 4 3 33 33 22 40 41 9 7 5 23 41 50
22 22 0 61 26 55 15 22 12 11 8 47 25 71 20 40 28 58 19 5 12 2 52 10 66 56 2 39 25 1 7 9 63 25 50 26 59 41 20 1 47 50 55 33 65 13 41 5 11 70 12 10 62 12 19 53 22 62 55 42 50 3 5 9 36 32 23 7 38 54 47 7 5 3 17 18 9 21 46 42 1 6 56 70 27 70 17 18 54 54 43 19 62 30 14 26 2 62 71
83 83 61 0 35 6 46 83 73 72 53 14 86 10 81 21 33 3 42 56 73 63 9 71 5 5 63 22 36 62 68 70 2 36 11 35 2 20 81 60 14 11 6 28 4 74 20 56 72 9 49 51 1 73 80 8 83 1 6 19 11 58 66 52 25 29 84 68 23 7 14 68 66 58 44 79 70 82 15 19 62 67 5 9 34 9 44 43 7 7 18 80 1 31 47 35 63 1 10
66 66 44 17 18 11 29 66 56 55 36 3 69 27 64 4 16 14 25 39 56 46 8 54 22 12 46 5 19 45 51 53 19 19 6 18 15 3 64 43 3 6 11 11 21 57 3 39 55 26 32 34 18 56 63 9 66 18 11 2 6 41 49 35 8 12 67 51 6 10 3 51 49 41 27 62 53 65 2 2 45 50 12 26 17 26 27 26 10 10 1 63 18 14 30 18 46 18 27
67 67 45 16 19 10 30 67 57 56 37 2 70 26 65 5 17 13 26 40 57 47 7 55 21 11 47 6 20 46 52 54 18 20 5 19 14 4 65 44 2 5 10 12 20 58 4 40 56 25 33 35 17 57 64 8 67 17 10 3 5 42 50 36 9 13 68 52 7 9 2 52 50 42 28 63 54 66 1 3 46 51 11 25 18 25 28 27 9 9 2 64 17 15 31 19 47 17 26
54 54 32 29 6 23 17 54 44 43 24 15 57 39 52 8 4 26 13 27 44 34 20 42 34 24 34 7 7 33 39 41 31 7 18 6 27 9 52 31 15 18 23 1 33 45 9 27 43 38 20 22 30 44 51 21 54 30 23 10 18 29 37 23 4 0 55 39 6 22 15 39 37 29 15 50 41 53 14 10 33 38 24 38 5 38 15 14 22 22 11 51 30 2 18 6 34 30 39
1 1 21 82 47 76 36 1 9 10 29 68 4 92 1 61 49 79 40 26 9 19 73 11 87 77 19 60 46 20 14 12 84 46 71 47 80 62 1 22 68 71 76 54 86 8 62 26 10 91 33 31 83 9 2 74 1 83 76 63 71 24 16 30 57 53 2 14 59 75 68 14 16 24 38 3 12 0 67 63 20 15 77 91 48 91 38 39 75 75 64 2 83 51 35 47 19 83 92
73 73 51 10 25 4 36 73 63 62 43 4 76 20 71 11 23 7 32 46 63 53 1 61 15 5 53 12 26 52 58 60 12 26 1 25 8 10 71 50 4 1 4 18 14 64 10 46 62 19 39 41 11 63 70 2 73 11 4 9 1 48 56 42 15 19 74 58 13 3 4 58 56 48 34 69 60 72 5 9 52 57 5 19 24 19 34 33 3 3 8 70 11 21 37 25 53 11 20
17 17 5 66 31 60 20 17 7 6 13 52 20 76 15 45 33 63 24 10 7 3 57 5 71 61 3 44 30 4 2 4 68 30 55 31 64 46 15 6 52 55 60 38 70 8 46 10 6 75 17 15 67 7 14 58 17 67 60 47 55 8 0 14 41 37 18 2 43 59 52 2 0 8 22 13 4 16 51 47 4 1 61 75 32 75 22 23 59 59 48 14 67 35 19 31 3 67 76
57 57 35 26 9 20 20 57 47 46 27 12 60 36 55 5 7 23 16 30 47 37 17 45 31 21 37 4 10 36 42 44 28 10 15 9 24 6 55 34 12 15 20 2 30 48 6 30 46 35 23 25 27 47 54 18 57 27 20 7 15 32 40 26 1 3 58 42 3 19 12 42 40 32 18 53 44 56 11 7 36 41 21 35 8 35 18 17 19 19 8 54 27 5 21 9 37 27 36
77 77 55 6 29 0 40 77 67 66 47 8 80 16 75 15 27 3 36 50 67 57 3 65 11 1 57 16 30 56 62 64 8 30 5 29 4 14 75 54 8 5 0 22 10 68 14 50 66 15 43 45 7 67 74 2 77 7 0 13 5 52 60 46 19 23 78 62 17 1 8 62 60 52 38 73 64 76 9 13 56 61 1 15 28 15 38 37 1 1 12 74 7 25 41 29 57 7 16
2 2 20 81 46 75 35 2 8 9 28 67 5 91 0 60 48 78 39 25 8 18 72 10 86 76 18 59 45 19 13 11 83 45 70 46 79 61 0 21 67 70 75 53 85 7 61 25 9 90 32 30 82 8 1 73 2 82 75 62 70 23 15 29 56 52 3 13 58 74 67 13 15 23 37 2 11 1 66 62 19 14 76 90 47 90 37 38 74 74 63 1 82 50 34 46 18 82 91
88 88 66 5 40 11 51 88 78 77 58 19 91 5 86 26 38 8 47 61 78 68 14 76 0 10 68 27 41 67 73 75 3 41 16 40 7 25 86 65 19 16 11 33 1 79 25 61 77 4 54 56 4 78 85 13 88 4 11 24 16 63 71 57 30 34 89 73 28 12 19 73 71 63 49 84 75 87 20 24 67 72 10 4 39 4 49 48 12 12 23 85 4 36 52 40 68 4 5
90 90 68 7 42 13 53 90 80 79 60 21 93 3 88 28 40 10 49 63 80 70 16 78 2 12 70 29 43 69 75 77 5 43 18 42 9 27 88 67 21 18 13 35 3 81 27 63 79 2 56 58 6 80 87 15 90 6 13 26 18 65 73 59 32 36 91 75 30 14 21 75 73 65 51 86 77 89 22 26 69 74 12 2 41 2 51 50 14 14 25 87 6 38 54 42 70 6 3
87 87 65 4 39 10 50 87 77 76 57 18 90 6 85 25 37 7 46 60 77 67 13 75 1 9 67 26 40 66 72 74 2 40 15 39 6 24 85 64 18 15 10 32 0 78 24 60 76 5 53 55 3 77 84 12 87 3 10 23 15 62 70 56 29 33 88 72 27 11 18 72 70 62 48 83 74 86 19 23 66 71 9 5 38 5 48 47 11 11 22 84 3 35 51 39 67 3 6
62 62 40 21 14 15 25 62 52 51 32 7 65 31 60 0 12 18 21 35 52 42 12 50 26 16 42 1 15 41 47 49 23 15 10 14 19 1 60 39 7 10 15 7 25 53 1 35 51 30 28 30 22 52 59 13 62 22 15 2 10 37 45 31 4 8 63 47 2 14 7 47 45 37 23 58 49 61 6 2 41 46 16 30 13 30 23 22 14 14 3 59 22 10 26 14 42 22 31
6 6 16 77 42 71 31 6 4 5 24 63 9 87 4 56 44 74 35 21 4 14 68 6 82 72 14 55 41 15 9 7 79 41 66 42 75 57 4 17 63 66 71 49 81 3 57 21 5 86 28 26 78 4 3 69 6 78 71 58 66 19 11 25 52 48 7 9 54 70 63 9 11 19 33 2 7 5 62 58 15 10 72 86 43 86 33 34 70 70 59 3 78 46 30 42 14 78 87
95 95 73 12 47 18 58 95 85 84 65 26 98 2 93 33 45 15 54 68 85 75 21 83 7 17 75 34 48 74 80 82 10 48 23 47 14 32 93 72 26 23 18 40 8 86 32 68 84 3 61 63 11 85 92 20 95 11 18 31 23 70 78 64 37 41 96 80 35 19 26 80 78 70 56 91 82 94 27 31 74 79 17 3 46 3 56 55 19 19 30 92 11 43 59 47 75 11 2
82 82 60 1 34 5 45 82 72 71 52 13 85 11 80 20 32 2 41 55 72 62 8 70 6 4 62 21 35 61 67 69 3 35 10 34 1 19 80 59 13 10 5 27 5 73 19 55 71 10 48 50 2 72 79 7 82 2 5 18 10 57 65 51 24 28 83 67 22 6 13 67 65 57 43 78 69 81 14 18 61 66 4 10 33 10 43 42 6 6 17 79 2 30 46 34 62 2 11
19 19 3 64 29 58 18 19 9 8 11 50 22 74 17 43 31 61 22 8 9 1 55 7 69 59 1 42 28 2 4 6 66 28 53 29 62 44 17 4 50 53 58 36 68 10 44 8 8 73 15 13 65 9 16 56 19 65 58 45 53 6 2 12 39 35 20 4 41 57 50 4 2 6 20 15 6 18 49 45 2 3 59 73 30 73 20 21 57 57 46 16 65 33 17 29 1 65 74
4 4 26 87 52 81 41 4 14 15 34 73 1 97 6 66 54 84 45 31 14 24 78 16 92 82 24 65 51 25 19 17 89 51 76 52 85 67 6 27 73 76 81 59 91 13 67 31 15 96 38 36 88 14 7 79 4 88 81 68 76 29 21 35 62 58 3 19 64 80 73 19 21 29 43 8 17 5 72 68 25 20 82 96 53 96 43 44 80 80 69 7 88 56 40 52 24 88 97
3 3 25 86 51 80 40 3 13 14 33 72 0 96 5 65 53 83 44 30 13 23 77 15 91 81 23 64 50 24 18 16 88 50 75 51 84 66 5 26 72 75 80 58 90 12 66 30 14 95 37 35 87 13 6 78 3 87 80 67 75 28 20 34 61 57 2 18 63 79 72 18 20 28 42 7 16 4 71 67 24 19 81 95 52 95 42 43 79 79 68 6 87 55 39 51 23 87 96
2 2 20 81 46 75 35 2 8 9 28 67 5 91 0 60 48 78 39 25 8 18 72 10 86 76 18 59 45 19 13 11 83 45 70 46 79 61 0 21 67 70 75 53 85 7 61 25 9 90 32 30 82 8 1 73 2 82 75 62 70 23 15 29 56 52 3 13 58 74 67 13 15 23 37 2 11 1 66 62 19 14 76 90 47 90 37 38 74 74 63 1 82 50 34 46 18 82 91
4 4 26 87 52 81 41 4 14 15 34 73 1 97 6 66 54 84 45 31 14 24 78 16 92 82 24 65 51 25 19 17 89 51 76 52 85 67 6 27 73 76 81 59 91 13 67 31 15 96 38 36 88 14 7 79 4 88 81 68 76 29 21 35 62 58 3 19 64 80 73 19 21 29 43 8 17 5 72 68 25 20 82 96 53 96 43 44 80 80 69 7 88 56 40 52 24 88 97
