100 83
19 67 28 9 1 20 1 70 62 74 9 39 49 15 37 14 72 2 41 39 8 68 22 54 25 45 34 1 48 1 5 38 67 77 17 11 16 25 73 69 61 66 32 21 68 31 7 76 19 2 24 64 1 65 76 7 67 3 13 21 47 20 18 2 23 8 65 34 5 44 2 1 14 62 75 16 27 4 21 10 52 39 56
12 74 35 2 8 13 6 77 69 81 2 46 56 22 44 7 79 9 48 46 1 75 29 61 32 52 41 6 55 8 2 45 74 84 10 4 23 32 80 76 68 73 39 28 75 38 0 83 12 5 31 71 6 72 83 14 74 4 6 28 54 27 25 9 30 15 72 41 12 51 5 8 7 69 82 23 34 3 28 3 59 46 63
39 47 8 29 19 40 21 50 42 54 29 19 29 5 17 34 52 18 21 19 28 48 2 34 5 25 14 21 28 19 25 18 47 57 37 31 4 5 53 49 41 46 12 1 48 11 27 56 39 22 4 44 21 45 56 13 47 23 33 1 27 0 2 18 3 12 45 14 15 24 22 19 34 42 55 4 7 24 1 30 32 19 36
29 57 18 19 9 30 11 60 52 64 19 29 39 5 27 24 62 8 31 29 18 58 12 44 15 35 24 11 38 9 15 28 57 67 27 21 6 15 63 59 51 56 22 11 58 21 17 66 29 12 14 54 11 55 66 3 57 13 23 11 37 10 8 8 13 2 55 24 5 34 12 9 24 52 65 6 17 14 11 20 42 29 46
17 69 30 7 3 18 1 72 64 76 7 41 51 17 39 12 74 4 43 41 6 70 24 56 27 47 36 1 50 3 3 40 69 79 15 9 18 27 75 71 63 68 34 23 70 33 5 78 17 0 26 66 1 67 78 9 69 1 11 23 49 22 20 4 25 10 67 36 7 46 0 3 12 64 77 18 29 2 23 8 54 41 58
81 5 34 71 61 82 63 8 0 12 71 23 13 47 25 76 10 60 21 23 70 6 40 8 37 17 28 63 14 61 67 24 5 15 79 73 46 37 11 7 1 4 30 41 6 31 69 14 81 64 38 2 63 3 14 55 5 65 75 41 15 42 44 60 39 54 3 28 57 18 64 61 76 0 13 46 35 66 41 72 10 23 6
52 34 5 42 32 53 34 37 29 41 42 6 16 18 4 47 39 31 8 6 41 35 11 21 8 12 1 34 15 32 38 5 34 44 50 44 17 8 40 36 28 33 1 12 35 2 40 43 52 35 9 31 34 32 43 26 34 36 46 12 14 13 15 31 10 25 32 1 28 11 35 32 47 29 42 17 6 37 12 43 19 6 23
54 32 7 44 34 55 36 35 27 39 44 4 14 20 2 49 37 33 6 4 43 33 13 19 10 10 1 36 13 34 40 3 32 42 52 46 19 10 38 34 26 31 3 14 33 4 42 41 54 37 11 29 36 30 41 28 32 38 48 14 12 15 17 33 12 27 30 1 30 9 37 34 49 27 40 19 8 39 14 45 17 4 21
76 10 29 66 56 77 58 13 5 17 66 18 8 42 20 71 15 55 16 18 65 11 35 3 32 12 23 58 9 56 62 19 10 20 74 68 41 32 16 12 4 9 25 36 11 26 64 19 76 59 33 7 58 8 19 50 10 60 70 36 10 37 39 55 34 49 8 23 52 13 59 56 71 5 18 41 30 61 36 67 5 18 1
21 65 26 11 1 22 3 68 60 72 11 37 47 13 35 16 70 0 39 37 10 66 20 52 23 43 32 3 46 1 7 36 65 75 19 13 14 23 71 67 59 64 30 19 66 29 9 74 21 4 22 62 3 63 74 5 65 5 15 19 45 18 16 0 21 6 63 32 3 42 4 1 16 60 73 14 25 6 19 12 50 37 54
58 28 11 48 38 59 40 31 23 35 48 0 10 24 2 53 33 37 2 0 47 29 17 15 14 6 5 40 9 38 44 1 28 38 56 50 23 14 34 30 22 27 7 18 29 8 46 37 58 41 15 25 40 26 37 32 28 42 52 18 8 19 21 37 16 31 26 5 34 5 41 38 53 23 36 23 12 43 18 49 13 0 17
75 11 28 65 55 76 57 14 6 18 65 17 7 41 19 70 16 54 15 17 64 12 34 2 31 11 22 57 8 55 61 18 11 21 73 67 40 31 17 13 5 10 24 35 12 25 63 20 75 58 32 8 57 9 20 49 11 59 69 35 9 36 38 54 33 48 9 22 51 12 58 55 70 6 19 40 29 60 35 66 4 17 0
43 43 4 33 23 44 25 46 38 50 33 15 25 9 13 38 48 22 17 15 32 44 2 30 1 21 10 25 24 23 29 14 43 53 41 35 8 1 49 45 37 42 8 3 44 7 31 52 43 26 0 40 25 41 52 17 43 27 37 3 23 4 6 22 1 16 41 10 19 20 26 23 38 38 51 8 3 28 3 34 28 15 32
13 73 34 3 7 14 5 76 68 80 3 45 55 21 43 8 78 8 47 45 2 74 28 60 31 51 40 5 54 7 1 44 73 83 11 5 22 31 79 75 67 72 38 27 74 37 1 82 13 4 30 70 5 71 82 13 73 3 7 27 53 26 24 8 29 14 71 40 11 50 4 7 8 68 81 22 33 2 27 4 58 45 62
9 77 38 1 11 10 9 80 72 84 1 49 59 25 47 4 82 12 51 49 2 78 32 64 35 55 44 9 58 11 5 48 77 87 7 1 26 35 83 79 71 76 42 31 78 41 3 86 9 8 34 74 9 75 86 17 77 7 3 31 57 30 28 12 33 18 75 44 15 54 8 11 4 72 85 26 37 6 31 0 62 49 66
41 45 6 31 21 42 23 48 40 52 31 17 27 7 15 36 50 20 19 17 30 46 0 32 3 23 12 23 26 21 27 16 45 55 39 33 6 3 51 47 39 44 10 1 46 9 29 54 41 24 2 42 23 43 54 15 45 25 35 1 25 2 4 20 1 14 43 12 17 22 24 21 36 40 53 6 5 26 1 32 30 17 34
23 63 24 13 3 24 5 66 58 70 13 35 45 11 33 18 68 2 37 35 12 64 18 50 21 41 30 5 44 3 9 34 63 73 21 15 12 21 69 65 57 62 28 17 64 27 11 72 23 6 20 60 5 61 72 3 63 7 17 17 43 16 14 2 19 4 61 30 1 40 6 3 18 58 71 12 23 8 17 14 48 35 52
47 39 0 37 27 48 29 42 34 46 37 11 21 13 9 42 44 26 13 11 36 40 6 26 3 17 6 29 20 27 33 10 39 49 45 39 12 3 45 41 33 38 4 7 40 3 35 48 47 30 4 36 29 37 48 21 39 31 41 7 19 8 10 26 5 20 37 6 23 16 30 27 42 34 47 12 1 32 7 38 24 11 28
3 83 44 7 17 4 15 86 78 90 7 55 65 31 53 2 88 18 57 55 8 84 38 70 41 61 50 15 64 17 11 54 83 93 1 5 32 41 89 85 77 82 48 37 84 47 9 92 3 14 40 80 15 81 92 23 83 13 3 37 63 36 34 18 39 24 81 50 21 60 14 17 2 78 91 32 43 12 37 6 68 55 72
46 40 1 36 26 47 28 43 35 47 36 12 22 12 10 41 45 25 14 12 35 41 5 27 2 18 7 28 21 26 32 11 40 50 44 38 11 2 46 42 34 39 5 6 41 4 34 49 46 29 3 37 28 38 49 20 40 30 40 6 20 7 9 25 4 19 38 7 22 17 29 26 41 35 48 11 0 31 6 37 25 12 29
31 55 16 21 11 32 13 58 50 62 21 27 37 3 25 26 60 10 29 27 20 56 10 42 13 33 22 13 36 11 17 26 55 65 29 23 4 13 61 57 49 54 20 9 56 19 19 64 31 14 12 52 13 53 64 5 55 15 25 9 35 8 6 10 11 4 53 22 7 32 14 11 26 50 63 4 15 16 9 22 40 27 44
61 25 14 51 41 62 43 28 20 32 51 3 7 27 5 56 30 40 1 3 50 26 20 12 17 3 8 43 6 41 47 4 25 35 59 53 26 17 31 27 19 24 10 21 26 11 49 34 61 44 18 22 43 23 34 35 25 45 55 21 5 22 24 40 19 34 23 8 37 2 44 41 56 20 33 26 15 46 21 52 10 3 14
18 68 29 8 2 19 0 71 63 75 8 40 50 16 38 13 73 3 42 40 7 69 23 55 26 46 35 0 49 2 4 39 68 78 16 10 17 26 74 70 62 67 33 22 69 32 6 77 18 1 25 65 0 66 77 8 68 2 12 22 48 21 19 3 24 9 66 35 6 45 1 2 13 63 76 17 28 3 22 9 53 40 57
81 5 34 71 61 82 63 8 0 12 71 23 13 47 25 76 10 60 21 23 70 6 40 8 37 17 28 63 14 61 67 24 5 15 79 73 46 37 11 7 1 4 30 41 6 31 69 14 81 64 38 2 63 3 14 55 5 65 75 41 15 42 44 60 39 54 3 28 57 18 64 61 76 0 13 46 35 66 41 72 10 23 6
11 75 36 1 9 12 7 78 70 82 1 47 57 23 45 6 80 10 49 47 0 76 30 62 33 53 42 7 56 9 3 46 75 85 9 3 24 33 81 77 69 74 40 29 76 39 1 84 11 6 32 72 7 73 84 15 75 5 5 29 55 28 26 10 31 16 73 42 13 52 6 9 6 70 83 24 35 4 29 2 60 47 64
24 62 23 14 4 25 6 65 57 69 14 34 44 10 32 19 67 3 36 34 13 63 17 49 20 40 29 6 43 4 10 33 62 72 22 16 11 20 68 64 56 61 27 16 63 26 12 71 24 7 19 59 6 60 71 2 62 8 18 16 42 15 13 3 18 3 60 29 0 39 7 4 19 57 70 11 22 9 16 15 47 34 51
44 42 3 34 24 45 26 45 37 49 34 14 24 10 12 39 47 23 16 14 33 43 3 29 0 20 9 26 23 24 30 13 42 52 42 36 9 0 48 44 36 41 7 4 43 6 32 51 44 27 1 39 26 40 51 18 42 28 38 4 22 5 7 23 2 17 40 9 20 19 27 24 39 37 50 9 2 29 4 35 27 14 31
3 83 44 7 17 4 15 86 78 90 7 55 65 31 53 2 88 18 57 55 8 84 38 70 41 61 50 15 64 17 11 54 83 93 1 5 32 41 89 85 77 82 48 37 84 47 9 92 3 14 40 80 15 81 92 23 83 13 3 37 63 36 34 18 39 24 81 50 21 60 14 17 2 78 91 32 43 12 37 6 68 55 72
95 9 48 85 75 96 77 6 14 2 85 37 27 61 39 90 4 74 35 37 84 8 54 22 51 31 42 77 28 75 81 38 9 1 93 87 60 51 3 7 15 10 44 55 8 45 83 0 95 78 52 12 77 11 0 69 9 79 89 55 29 56 58 74 53 68 11 42 71 32 78 75 90 14 1 60 49 80 55 86 24 37 20
10 76 37 0 10 11 8 79 71 83 0 48 58 24 46 5 81 11 50 48 1 77 31 63 34 54 43 8 57 10 4 47 76 86 8 2 25 34 82 78 70 75 41 30 77 40 2 85 10 7 33 73 8 74 85 16 76 6 4 30 56 29 27 11 32 17 74 43 14 53 7 10 5 71 84 25 36 5 30 1 61 48 65
1 87 48 11 21 0 19 90 82 94 11 59 69 35 57 6 92 22 61 59 12 88 42 74 45 65 54 19 68 21 15 58 87 97 3 9 36 45 93 89 81 86 52 41 88 51 13 96 1 18 44 84 19 85 96 27 87 17 7 41 67 40 38 22 43 28 85 54 25 64 18 21 6 82 95 36 47 16 41 10 72 59 76
45 41 2 35 25 46 27 44 36 48 35 13 23 11 11 40 46 24 15 13 34 42 4 28 1 19 8 27 22 25 31 12 41 51 43 37 10 1 47 43 35 40 6 5 42 5 33 50 45 28 2 38 27 39 50 19 41 29 39 5 21 6 8 24 3 18 39 8 21 18 28 25 40 36 49 10 1 30 5 36 26 13 30
6 80 41 4 14 7 12 83 75 87 4 52 62 28 50 1 85 15 54 52 5 81 35 67 38 58 47 12 61 14 8 51 80 90 4 2 29 38 86 82 74 79 45 34 81 44 6 89 6 11 37 77 12 78 89 20 80 10 0 34 60 33 31 15 36 21 78 47 18 57 11 14 1 75 88 29 40 9 34 3 65 52 69
92 6 45 82 72 93 74 3 11 1 82 34 24 58 36 87 1 71 32 34 81 5 51 19 48 28 39 74 25 72 78 35 6 4 90 84 57 48 0 4 12 7 41 52 5 42 80 3 92 75 49 9 74 8 3 66 6 76 86 52 26 53 55 71 50 65 8 39 68 29 75 72 87 11 2 57 46 77 52 83 21 34 17
52 34 5 42 32 53 34 37 29 41 42 6 16 18 4 47 39 31 8 6 41 35 11 21 8 12 1 34 15 32 38 5 34 44 50 44 17 8 40 36 28 33 1 12 35 2 40 43 52 35 9 31 34 32 43 26 34 36 46 12 14 13 15 31 10 25 32 1 28 11 35 32 47 29 42 17 6 37 12 43 19 6 23
90 4 43 80 70 91 72 1 9 3 80 32 22 56 34 85 1 69 30 32 79 3 49 17 46 26 37 72 23 70 76 33 4 6 88 82 55 46 2 2 10 5 39 50 3 40 78 5 90 73 47 7 72 6 5 64 4 74 84 50 24 51 53 69 48 63 6 37 66 27 73 70 85 9 4 55 44 75 50 81 19 32 15
69 17 22 59 49 70 51 20 12 24 59 11 1 35 13 64 22 48 9 11 58 18 28 4 25 5 16 51 2 49 55 12 17 27 67 61 34 25 23 19 11 16 18 29 18 19 57 26 69 52 26 14 51 15 26 43 17 53 63 29 3 30 32 48 27 42 15 16 45 6 52 49 64 12 25 34 23 54 29 60 2 11 6
33 53 14 23 13 34 15 56 48 60 23 25 35 1 23 28 58 12 27 25 22 54 8 40 11 31 20 15 34 13 19 24 53 63 31 25 2 11 59 55 47 52 18 7 54 17 21 62 33 16 10 50 15 51 62 7 53 17 27 7 33 6 4 12 9 6 51 20 9 30 16 13 28 48 61 2 13 18 7 24 38 25 42
98 12 51 88 78 99 80 9 17 5 88 40 30 64 42 93 7 77 38 40 87 11 57 25 54 34 45 80 31 78 84 41 12 2 96 90 63 54 6 10 18 13 47 58 11 48 86 3 98 81 55 15 80 14 3 72 12 82 92 58 32 59 61 77 56 71 14 45 74 35 81 78 93 17 4 63 52 83 58 89 27 40 23
15 71 32 5 5 16 3 74 66 78 5 43 53 19 41 10 76 6 45 43 4 72 26 58 29 49 38 3 52 5 1 42 71 81 13 7 20 29 77 73 65 70 36 25 72 35 3 80 15 2 28 68 3 69 80 11 71 1 9 25 51 24 22 6 27 12 69 38 9 48 2 5 10 66 79 20 31 0 25 6 56 43 60
56 30 9 46 36 57 38 33 25 37 46 2 12 22 0 51 35 35 4 2 45 31 15 17 12 8 3 38 11 36 42 1 30 40 54 48 21 12 36 32 24 29 5 16 31 6 44 39 56 39 13 27 38 28 39 30 30 40 50 16 10 17 19 35 14 29 28 3 32 7 39 36 51 25 38 21 10 41 16 47 15 2 19
75 11 28 65 55 76 57 14 6 18 65 17 7 41 19 70 16 54 15 17 64 12 34 2 31 11 22 57 8 55 61 18 11 21 73 67 40 31 17 13 5 10 24 35 12 25 63 20 75 58 32 8 57 9 20 49 11 59 69 35 9 36 38 54 33 48 9 22 51 12 58 55 70 6 19 40 29 60 35 66 4 17 0
74 12 27 64 54 75 56 15 7 19 64 16 6 40 18 69 17 53 14 16 63 13 33 1 30 10 21 56 7 54 60 17 12 22 72 66 39 30 18 14 6 11 23 34 13 24 62 21 74 57 31 9 56 10 21 48 12 58 68 34 8 35 37 53 32 47 10 21 50 11 57 54 69 7 20 39 28 59 34 65 3 16 1
27 59 20 17 7 28 9 62 54 66 17 31 41 7 29 22 64 6 33 31 16 60 14 46 17 37 26 9 40 7 13 30 59 69 25 19 8 17 65 61 53 58 24 13 60 23 15 68 27 10 16 56 9 57 68 1 59 11 21 13 39 12 10 6 15 0 57 26 3 36 10 7 22 54 67 8 19 12 13 18 44 31 48
49 37 2 39 29 50 31 40 32 44 39 9 19 15 7 44 42 28 11 9 38 38 8 24 5 15 4 31 18 29 35 8 37 47 47 41 14 5 43 39 31 36 2 9 38 1 37 46 49 32 6 34 31 35 46 23 37 33 43 9 17 10 12 28 7 22 35 4 25 14 32 29 44 32 45 14 3 34 9 40 22 9 26
58 28 11 48 38 59 40 31 23 35 48 0 10 24 2 53 33 37 2 0 47 29 17 15 14 6 5 40 9 38 44 1 28 38 56 50 23 14 34 30 22 27 7 18 29 8 46 37 58 41 15 25 40 26 37 32 28 42 52 18 8 19 21 37 16 31 26 5 34 5 41 38 53 23 36 23 12 43 18 49 13 0 17
79 7 32 69 59 80 61 10 2 14 69 21 11 45 23 74 12 58 19 21 68 8 38 6 35 15 26 61 12 59 65 22 7 17 77 71 44 35 13 9 1 6 28 39 8 29 67 16 79 62 36 4 61 5 16 53 7 63 73 39 13 40 42 58 37 52 5 26 55 16 62 59 74 2 15 44 33 64 39 70 8 21 4
50 36 3 40 30 51 32 39 31 43 40 8 18 16 6 45 41 29 10 8 39 37 9 23 6 14 3 32 17 30 36 7 36 46 48 42 15 6 42 38 30 35 1 10 37 0 38 45 50 33 7 33 32 34 45 24 36 34 44 10 16 11 13 29 8 23 34 3 26 13 33 30 45 31 44 15 4 35 10 41 21 8 25
58 28 11 48 38 59 40 31 23 35 48 0 10 24 2 53 33 37 2 0 47 29 17 15 14 6 5 40 9 38 44 1 28 38 56 50 23 14 34 30 22 27 7 18 29 8 46 37 58 41 15 25 40 26 37 32 28 42 52 18 8 19 21 37 16 31 26 5 34 5 41 38 53 23 36 23 12 43 18 49 13 0 17
21 65 26 11 1 22 3 68 60 72 11 37 47 13 35 16 70 0 39 37 10 66 20 52 23 43 32 3 46 1 7 36 65 75 19 13 14 23 71 67 59 64 30 19 66 29 9 74 21 4 22 62 3 63 74 5 65 5 15 19 45 18 16 0 21 6 63 32 3 42 4 1 16 60 73 14 25 6 19 12 50 37 54
54 32 7 44 34 55 36 35 27 39 44 4 14 20 2 49 37 33 6 4 43 33 13 19 10 10 1 36 13 34 40 3 32 42 52 46 19 10 38 34 26 31 3 14 33 4 42 41 54 37 11 29 36 30 41 28 32 38 48 14 12 15 17 33 12 27 30 1 30 9 37 34 49 27 40 19 8 39 14 45 17 4 21
62 24 15 52 42 63 44 27 19 31 52 4 6 28 6 57 29 41 2 4 51 25 21 11 18 2 9 44 5 42 48 5 24 34 60 54 27 18 30 26 18 23 11 22 25 12 50 33 62 45 19 21 44 22 33 36 24 46 56 22 4 23 25 41 20 35 22 9 38 1 45 42 57 19 32 27 16 47 22 53 9 4 13
74 12 27 64 54 75 56 15 7 19 64 16 6 40 18 69 17 53 14 16 63 13 33 1 30 10 21 56 7 54 60 17 12 22 72 66 39 30 18 14 6 11 23 34 13 24 62 21 74 57 31 9 56 10 21 48 12 58 68 34 8 35 37 53 32 47 10 21 50 11 57 54 69 7 20 39 28 59 34 65 3 16 1
50 36 3 40 30 51 32 39 31 43 40 8 18 16 6 45 41 29 10 8 39 37 9 23 6 14 3 32 17 30 36 7 36 46 48 42 15 6 42 38 30 35 1 10 37 0 38 45 50 33 7 33 32 34 45 24 36 34 44 10 16 11 13 29 8 23 34 3 26 13 33 30 45 31 44 15 4 35 10 41 21 8 25
1 87 48 11 21 0 19 90 82 94 11 59 69 35 57 6 92 22 61 59 12 88 42 74 45 65 54 19 68 21 15 58 87 97 3 9 36 45 93 89 81 86 52 41 88 51 13 96 1 18 44 84 19 85 96 27 87 17 7 41 67 40 38 22 43 28 85 54 25 64 18 21 6 82 95 36 47 16 41 10 72 59 76
67 19 20 57 47 68 49 22 14 26 57 9 1 33 11 62 24 46 7 9 56 20 26 6 23 3 14 49 0 47 53 10 19 29 65 59 32 23 25 21 13 18 16 27 20 17 55 28 67 50 24 16 49 17 28 41 19 51 61 27 1 28 30 46 25 40 17 14 43 4 50 47 62 14 27 32 21 52 27 58 4 9 8
14 72 33 4 6 15 4 75 67 79 4 44 54 20 42 9 77 7 46 44 3 73 27 59 30 50 39 4 53 6 0 43 72 82 12 6 21 30 78 74 66 71 37 26 73 36 2 81 14 3 29 69 4 70 81 12 72 2 8 26 52 25 23 7 28 13 70 39 10 49 3 6 9 67 80 21 32 1 26 5 57 44 61
75 11 28 65 55 76 57 14 6 18 65 17 7 41 19 70 16 54 15 17 64 12 34 2 31 11 22 57 8 55 61 18 11 21 73 67 40 31 17 13 5 10 24 35 12 25 63 20 75 58 32 8 57 9 20 49 11 59 69 35 9 36 38 54 33 48 9 22 51 12 58 55 70 6 19 40 29 60 35 66 4 17 0
61 25 14 51 41 62 43 28 20 32 51 3 7 27 5 56 30 40 1 3 50 26 20 12 17 3 8 43 6 41 47 4 25 35 59 53 26 17 31 27 19 24 10 21 26 11 49 34 61 44 18 22 43 23 34 35 25 45 55 21 5 22 24 40 19 34 23 8 37 2 44 41 56 20 33 26 15 46 21 52 10 3 14
21 65 26 11 1 22 3 68 60 72 11 37 47 13 35 16 70 0 39 37 10 66 20 52 23 43 32 3 46 1 7 36 65 75 19 13 14 23 71 67 59 64 30 19 66 29 9 74 21 4 22 62 3 63 74 5 65 5 15 19 45 18 16 0 21 6 63 32 3 42 4 1 16 60 73 14 25 6 19 12 50 37 54
11 75 36 1 9 12 7 78 70 82 1 47 57 23 45 6 80 10 49 47 0 76 30 62 33 53 42 7 56 9 3 46 75 85 9 3 24 33 81 77 69 74 40 29 76 39 1 84 11 6 32 72 7 73 84 15 75 5 5 29 55 28 26 10 31 16 73 42 13 52 6 9 6 70 83 24 35 4 29 2 60 47 64
82 4 35 72 62 83 64 7 1 11 72 24 14 48 26 77 9 61 22 24 71 5 41 9 38 18 29 64 15 62 68 25 4 14 80 74 47 38 10 6 2 3 31 42 5 32 70 13 82 65 39 1 64 2 13 56 4 66 76 42 16 43 45 61 40 55 2 29 58 19 65 62 77 1 12 47 36 67 42 73 11 24 7
14 72 33 4 6 15 4 75 67 79 4 44 54 20 42 9 77 7 46 44 3 73 27 59 30 50 39 4 53 6 0 43 72 82 12 6 21 30 78 74 66 71 37 26 73 36 2 81 14 3 29 69 4 70 81 12 72 2 8 26 52 25 23 7 28 13 70 39 10 49 3 6 9 67 80 21 32 1 26 5 57 44 61
42 44 5 32 22 43 24 47 39 51 32 16 26 8 14 37 49 21 18 16 31 45 1 31 2 22 11 24 25 22 28 15 44 54 40 34 7 2 50 46 38 43 9 2 45 8 30 53 42 25 1 41 24 42 53 16 44 26 36 2 24 3 5 21 0 15 42 11 18 21 25 22 37 39 52 7 4 27 2 33 29 16 33
10 76 37 0 10 11 8 79 71 83 0 48 58 24 46 5 81 11 50 48 1 77 31 63 34 54 43 8 57 10 4 47 76 86 8 2 25 34 82 78 70 75 41 30 77 40 2 85 10 7 33 73 8 74 85 16 76 6 4 30 56 29 27 11 32 17 74 43 14 53 7 10 5 71 84 25 36 5 30 1 61 48 65
36 50 11 26 16 37 18 53 45 57 26 22 32 2 20 31 55 15 24 22 25 51 5 37 8 28 17 18 31 16 22 21 50 60 34 28 1 8 56 52 44 49 15 4 51 14 24 59 36 19 7 47 18 48 59 10 50 20 30 4 30 3 1 15 6 9 48 17 12 27 19 16 31 45 58 1 10 21 4 27 35 22 39
26 60 21 16 6 27 8 63 55 67 16 32 42 8 30 21 65 5 34 32 15 61 15 47 18 38 27 8 41 6 12 31 60 70 24 18 9 18 66 62 54 59 25 14 61 24 14 69 26 9 17 57 8 58 69 0 60 10 20 14 40 13 11 5 16 1 58 27 2 37 9 6 21 55 68 9 20 11 14 17 45 32 49
12 74 35 2 8 13 6 77 69 81 2 46 56 22 44 7 79 9 48 46 1 75 29 61 32 52 41 6 55 8 2 45 74 84 10 4 23 32 80 76 68 73 39 28 75 38 0 83 12 5 31 71 6 72 83 14 74 4 6 28 54 27 25 9 30 15 72 41 12 51 5 8 7 69 82 23 34 3 28 3 59 46 63
55 31 8 45 35 56 37 34 26 38 45 3 13 21 1 50 36 34 5 3 44 32 14 18 11 9 2 37 12 35 41 2 31 41 53 47 20 11 37 33 25 30 4 15 32 5 43 40 55 38 12 28 37 29 40 29 31 39 49 15 11 16 18 34 13 28 29 2 31 8 38 35 50 26 39 20 9 40 15 46 16 3 20
25 61 22 15 5 26 7 64 56 68 15 33 43 9 31 20 66 4 35 33 14 62 16 48 19 39 28 7 42 5 11 32 61 71 23 17 10 19 67 63 55 60 26 15 62 25 13 70 25 8 18 58 7 59 70 1 61 9 19 15 41 14 12 4 17 2 59 28 1 38 8 5 20 56 69 10 21 10 15 16 46 33 50
57 29 10 47 37 58 39 32 24 36 47 1 11 23 1 52 34 36 3 1 46 30 16 16 13 7 4 39 10 37 43 0 29 39 55 49 22 13 35 31 23 28 6 17 30 7 45 38 57 40 14 26 39 27 38 31 29 41 51 17 9 18 20 36 15 30 27 4 33 6 40 37 52 24 37 22 11 42 17 48 14 1 18
27 59 20 17 7 28 9 62 54 66 17 31 41 7 29 22 64 6 33 31 16 60 14 46 17 37 26 9 40 7 13 30 59 69 25 19 8 17 65 61 53 58 24 13 60 23 15 68 27 10 16 56 9 57 68 1 59 11 21 13 39 12 10 6 15 0 57 26 3 36 10 7 22 54 67 8 19 12 13 18 44 31 48
59 27 12 49 39 60 41 30 22 34 49 1 9 25 3 54 32 38 1 1 48 28 18 14 15 5 6 41 8 39 45 2 27 37 57 51 24 15 33 29 21 26 8 19 28 9 47 36 59 42 16 24 41 25 36 33 27 43 53 19 7 20 22 38 17 32 25 6 35 4 42 39 54 22 35 24 13 44 19 50 12 1 16
4 82 43 6 16 5 14 85 77 89 6 54 64 30 52 1 87 17 56 54 7 83 37 69 40 60 49 14 63 16 10 53 82 92 2 4 31 40 88 84 76 81 47 36 83 46 8 91 4 13 39 79 14 80 91 22 82 12 2 36 62 35 33 17 38 23 80 49 20 59 13 16 1 77 90 31 42 11 36 5 67 54 71
80 6 33 70 60 81 62 9 1 13 70 22 12 46 24 75 11 59 20 22 69 7 39 7 36 16 27 62 13 60 66 23 6 16 78 72 45 36 12 8 0 5 29 40 7 30 68 15 80 63 37 3 62 4 15 54 6 64 74 40 14 41 43 59 38 53 4 27 56 17 63 60 75 1 14 45 34 65 40 71 9 22 5
62 24 15 52 42 63 44 27 19 31 52 4 6 28 6 57 29 41 2 4 51 25 21 11 18 2 9 44 5 42 48 5 24 34 60 54 27 18 30 26 18 23 11 22 25 12 50 33 62 45 19 21 44 22 33 36 24 46 56 22 4 23 25 41 20 35 22 9 38 1 45 42 57 19 32 27 16 47 22 53 9 4 13
66 20 19 56 46 67 48 23 15 27 56 8 2 32 10 61 25 45 6 8 55 21 25 7 22 2 13 48 1 46 52 9 20 30 64 58 31 22 26 22 14 19 15 26 21 16 54 29 66 49 23 17 48 18 29 40 20 50 60 26 0 27 29 45 24 39 18 13 42 3 49 46 61 15 28 31 20 51 26 57 5 8 9
46 40 1 36 26 47 28 43 35 47 36 12 22 12 10 41 45 25 14 12 35 41 5 27 2 18 7 28 21 26 32 11 40 50 44 38 11 2 46 42 34 39 5 6 41 4 34 49 46 29 3 37 28 38 49 20 40 30 40 6 20 7 9 25 4 19 38 7 22 17 29 26 41 35 48 11 0 31 6 37 25 12 29
37 49 10 27 17 38 19 52 44 56 27 21 31 3 19 32 54 16 23 21 26 50 4 36 7 27 16 19 30 17 23 20 49 59 35 29 2 7 55 51 43 48 14 3 50 13 25 58 37 20 6 46 19 47 58 11 49 21 31 3 29 2 0 16 5 10 47 16 13 26 20 17 32 44 57 2 9 22 3 28 34 21 38
96 10 49 86 76 97 78 7 15 3 86 38 28 62 40 91 5 75 36 38 85 9 55 23 52 32 43 78 29 76 82 39 10 0 94 88 61 52 4 8 16 11 45 56 9 46 84 1 96 79 53 13 78 12 1 70 10 80 90 56 30 57 59 75 54 69 12 43 72 33 79 76 91 15 2 61 50 81 56 87 25 38 21
99 13 52 89 79 100 81 10 18 6 89 41 31 65 43 94 8 78 39 41 88 12 58 26 55 35 46 81 32 79 85 42 13 3 97 91 64 55 7 11 19 14 48 59 12 49 87 4 99 82 56 16 81 15 4 73 13 83 93 59 33 60 62 78 57 72 15 46 75 36 82 79 94 18 5 64 53 84 59 90 28 41 24
85 1 38 75 65 86 67 4 4 8 75 27 17 51 29 80 6 64 25 27 74 2 44 12 41 21 32 67 18 65 71 28 1 11 83 77 50 41 7 3 5 0 34 45 2 35 73 10 85 68 42 2 67 1 10 59 1 69 79 45 19 46 48 64 43 58 1 32 61 22 68 65 80 4 9 50 39 70 45 76 14 27 10
79 7 32 69 59 80 61 10 2 14 69 21 11 45 23 74 12 58 19 21 68 8 38 6 35 15 26 61 12 59 65 22 7 17 77 71 44 35 13 9 1 6 28 39 8 29 67 16 79 62 36 4 61 5 16 53 7 63 73 39 13 40 42 58 37 52 5 26 55 16 62 59 74 2 15 44 33 64 39 70 8 21 4
36 50 11 26 16 37 18 53 45 57 26 22 32 2 20 31 55 15 24 22 25 51 5 37 8 28 17 18 31 16 22 21 50 60 34 28 1 8 56 52 44 49 15 4 51 14 24 59 36 19 7 47 18 48 59 10 50 20 30 4 30 3 1 15 6 9 48 17 12 27 19 16 31 45 58 1 10 21 4 27 35 22 39
75 11 28 65 55 76 57 14 6 18 65 17 7 41 19 70 16 54 15 17 64 12 34 2 31 11 22 57 8 55 61 18 11 21 73 67 40 31 17 13 5 10 24 35 12 25 63 20 75 58 32 8 57 9 20 49 11 59 69 35 9 36 38 54 33 48 9 22 51 12 58 55 70 6 19 40 29 60 35 66 4 17 0
32 54 15 22 12 33 14 57 49 61 22 26 36 2 24 27 59 11 28 26 21 55 9 41 12 32 21 14 35 12 18 25 54 64 30 24 3 12 60 56 48 53 19 8 55 18 20 63 32 15 11 51 14 52 63 6 54 16 26 8 34 7 5 11 10 5 52 21 8 31 15 12 27 49 62 3 14 17 8 23 39 26 43
55 31 8 45 35 56 37 34 26 38 45 3 13 21 1 50 36 34 5 3 44 32 14 18 11 9 2 37 12 35 41 2 31 41 53 47 20 11 37 33 25 30 4 15 32 5 43 40 55 38 12 28 37 29 40 29 31 39 49 15 11 16 18 34 13 28 29 2 31 8 38 35 50 26 39 20 9 40 15 46 16 3 20
40 46 7 30 20 41 22 49 41 53 30 18 28 6 16 35 51 19 20 18 29 47 1 33 4 24 13 22 27 20 26 17 46 56 38 32 5 4 52 48 40 45 11 0 47 10 28 55 40 23 3 43 22 44 55 14 46 24 34 0 26 1 3 19 2 13 44 13 16 23 23 20 35 41 54 5 6 25 0 31 31 18 35
88 2 41 78 68 89 70 1 7 5 78 30 20 54 32 83 3 67 28 30 77 1 47 15 44 24 35 70 21 68 74 31 2 8 86 80 53 44 4 0 8 3 37 48 1 38 76 7 88 71 45 5 70 4 7 62 2 72 82 48 22 49 51 67 46 61 4 35 64 25 71 68 83 7 6 53 42 73 48 79 17 30 13
90 4 43 80 70 91 72 1 9 3 80 32 22 56 34 85 1 69 30 32 79 3 49 17 46 26 37 72 23 70 76 33 4 6 88 82 55 46 2 2 10 5 39 50 3 40 78 5 90 73 47 7 72 6 5 64 4 74 84 50 24 51 53 69 48 63 6 37 66 27 73 70 85 9 4 55 44 75 50 81 19 32 15
56 30 9 46 36 57 38 33 25 37 46 2 12 22 0 51 35 35 4 2 45 31 15 17 12 8 3 38 11 36 42 1 30 40 54 48 21 12 36 32 24 29 5 16 31 6 44 39 56 39 13 27 38 28 39 30 30 40 50 16 10 17 19 35 14 29 28 3 32 7 39 36 51 25 38 21 10 41 16 47 15 2 19
99 13 52 89 79 100 81 10 18 6 89 41 31 65 43 94 8 78 39 41 88 12 58 26 55 35 46 81 32 79 85 42 13 3 97 91 64 55 7 11 19 14 48 59 12 49 87 4 99 82 56 16 81 15 4 73 13 83 93 59 33 60 62 78 57 72 15 46 75 36 82 79 94 18 5 64 53 84 59 90 28 41 24
40 46 7 30 20 41 22 49 41 53 30 18 28 6 16 35 51 19 20 18 29 47 1 33 4 24 13 22 27 20 26 17 46 56 38 32 5 4 52 48 40 45 11 0 47 10 28 55 40 23 3 43 22 44 55 14 46 24 34 0 26 1 3 19 2 13 44 13 16 23 23 20 35 41 54 5 6 25 0 31 31 18 35
44 42 3 34 24 45 26 45 37 49 34 14 24 10 12 39 47 23 16 14 33 43 3 29 0 20 9 26 23 24 30 13 42 52 42 36 9 0 48 44 36 41 7 4 43 6 32 51 44 27 1 39 26 40 51 18 42 28 38 4 22 5 7 23 2 17 40 9 20 19 27 24 39 37 50 9 2 29 4 35 27 14 31
25 61 22 15 5 26 7 64 56 68 15 33 43 9 31 20 66 4 35 33 14 62 16 48 19 39 28 7 42 5 11 32 61 71 23 17 10 19 67 63 55 60 26 15 62 25 13 70 25 8 18 58 7 59 70 1 61 9 19 15 41 14 12 4 17 2 59 28 1 38 8 5 20 56 69 10 21 10 15 16 46 33 50
94 8 47 84 74 95 76 5 13 1 84 36 26 60 38 89 3 73 34 36 83 7 53 21 50 30 41 76 27 74 80 37 8 2 92 86 59 50 2 6 14 9 43 54 7 44 82 1 94 77 51 11 76 10 1 68 8 78 88 54 28 55 57 73 52 67 10 41 70 31 77 74 89 13 0 59 48 79 54 85 23 36 19
70 16 23 60 50 71 52 19 11 23 60 12 2 36 14 65 21 49 10 12 59 17 29 3 26 6 17 52 3 50 56 13 16 26 68 62 35 26 22 18 10 15 19 30 17 20 58 25 70 53 27 13 52 14 25 44 16 54 64 30 4 31 33 49 28 43 14 17 46 7 53 50 65 11 24 35 24 55 30 61 1 12 5
57 29 10 47 37 58 39 32 24 36 47 1 11 23 1 52 34 36 3 1 46 30 16 16 13 7 4 39 10 37 43 0 29 39 55 49 22 13 35 31 23 28 6 17 30 7 45 38 57 40 14 26 39 27 38 31 29 41 51 17 9 18 20 36 15 30 27 4 33 6 40 37 52 24 37 22 11 42 17 48 14 1 18
69 17 22 59 49 70 51 20 12 24 59 11 1 35 13 64 22 48 9 11 58 18 28 4 25 5 16 51 2 49 55 12 17 27 67 61 34 25 23 19 11 16 18 29 18 19 57 26 69 52 26 14 51 15 26 43 17 53 63 29 3 30 32 48 27 42 15 16 45 6 52 49 64 12 25 34 23 54 29 60 2 11 6
34 52 13 24 14 35 16 55 47 59 24 24 34 0 22 29 57 13 26 24 23 53 7 39 10 30 19 16 33 14 20 23 52 62 32 26 1 10 58 54 46 51 17 6 53 16 22 61 34 17 9 49 16 50 61 8 52 18 28 6 32 5 3 13 8 7 50 19 10 29 17 14 29 47 60 1 12 19 6 25 37 24 41
