100 100
6 3 4 3 1 86 6 3 4 6 9 3 7 11 8 7 5 9 6 6 5 4 7 7 1 6 4 7 4 5 8 2 4 9 74 94 3 5 2 4 3 5 4 2 7 4 3 7 4 6 3 4 5 7 6 78 4 8 11 10 8 5 1 3 5 9 3 2 6 5 9 6 3 7 5 5 3 6 5 74 7 3 4 6 5 3 8 9 3 4 4 100 9 7 11 8 5 7 1 9
6 3 4 3 1 86 6 3 4 6 9 3 7 11 8 7 5 9 6 6 5 4 7 7 1 6 4 7 4 5 8 2 4 9 74 94 3 5 2 4 3 5 4 2 7 4 3 7 4 6 3 4 5 7 6 78 4 8 11 10 8 5 1 3 5 9 3 2 6 5 9 6 3 7 5 5 3 6 5 74 7 3 4 6 5 3 8 9 3 4 4 100 9 7 11 8 5 7 1 9
6 3 4 3 1 86 6 3 4 6 9 3 7 11 8 7 5 9 6 6 5 4 7 7 1 6 4 7 4 5 8 2 4 9 74 94 3 5 2 4 3 5 4 2 7 4 3 7 4 6 3 4 5 7 6 78 4 8 11 10 8 5 1 3 5 9 3 2 6 5 9 6 3 7 5 5 3 6 5 74 7 3 4 6 5 3 8 9 3 4 4 100 9 7 11 8 5 7 1 9
6 3 4 3 1 86 6 3 4 6 9 3 7 11 8 7 5 9 6 6 5 4 7 7 1 6 4 7 4 5 8 2 4 9 74 94 3 5 2 4 3 5 4 2 7 4 3 7 4 6 3 4 5 7 6 78 4 8 11 10 8 5 1 3 5 9 3 2 6 5 9 6 3 7 5 5 3 6 5 74 7 3 4 6 5 3 8 9 3 4 4 100 9 7 11 8 5 7 1 9
6 3 4 3 1 86 6 3 4 6 9 3 7 11 8 7 5 9 6 6 5 4 7 7 1 6 4 7 4 5 8 2 4 9 74 94 3 5 2 4 3 5 4 2 7 4 3 7 4 6 3 4 5 7 6 78 4 8 11 10 8 5 1 3 5 9 3 2 6 5 9 6 3 7 5 5 3 6 5 74 7 3 4 6 5 3 8 9 3 4 4 100 9 7 11 8 5 7 1 9
6 3 4 3 1 86 6 3 4 6 9 3 7 11 8 7 5 9 6 6 5 4 7 7 1 6 4 7 4 5 8 2 4 9 74 94 3 5 2 4 3 5 4 2 7 4 3 7 4 6 3 4 5 7 6 78 4 8 11 10 8 5 1 3 5 9 3 2 6 5 9 6 3 7 5 5 3 6 5 74 7 3 4 6 5 3 8 9 3 4 4 100 9 7 11 8 5 7 1 9
6 3 4 3 1 86 6 3 4 6 9 3 7 11 8 7 5 9 6 6 5 4 7 7 1 6 4 7 4 5 8 2 4 9 74 94 3 5 2 4 3 5 4 2 7 4 3 7 4 6 3 4 5 7 6 78 4 8 11 10 8 5 1 3 5 9 3 2 6 5 9 6 3 7 5 5 3 6 5 74 7 3 4 6 5 3 8 9 3 4 4 100 9 7 11 8 5 7 1 9
6 3 4 3 1 86 6 3 4 6 9 3 7 11 8 7 5 9 6 6 5 4 7 7 1 6 4 7 4 5 8 2 4 9 74 94 3 5 2 4 3 5 4 2 7 4 3 7 4 6 3 4 5 7 6 78 4 8 11 10 8 5 1 3 5 9 3 2 6 5 9 6 3 7 5 5 3 6 5 74 7 3 4 6 5 3 8 9 3 4 4 100 9 7 11 8 5 7 1 9
6 3 4 3 1 86 6 3 4 6 9 3 7 11 8 7 5 9 6 6 5 4 7 7 1 6 4 7 4 5 8 2 4 9 74 94 3 5 2 4 3 5 4 2 7 4 3 7 4 6 3 4 5 7 6 78 4 8 11 10 8 5 1 3 5 9 3 2 6 5 9 6 3 7 5 5 3 6 5 74 7 3 4 6 5 3 8 9 3 4 4 100 9 7 11 8 5 7 1 9
6 3 4 3 1 86 6 3 4 6 9 3 7 11 8 7 5 9 6 6 5 4 7 7 1 6 4 7 4 5 8 2 4 9 74 94 3 5 2 4 3 5 4 2 7 4 3 7 4 6 3 4 5 7 6 78 4 8 11 10 8 5 1 3 5 9 3 2 6 5 9 6 3 7 5 5 3 6 5 74 7 3 4 6 5 3 8 9 3 4 4 100 9 7 11 8 5 7 1 9
6 3 4 3 1 86 6 3 4 6 9 3 7 11 8 7 5 9 6 6 5 4 7 7 1 6 4 7 4 5 8 2 4 9 74 94 3 5 2 4 3 5 4 2 7 4 3 7 4 6 3 4 5 7 6 78 4 8 11 10 8 5 1 3 5 9 3 2 6 5 9 6 3 7 5 5 3 6 5 74 7 3 4 6 5 3 8 9 3 4 4 100 9 7 11 8 5 7 1 9
6 3 4 3 1 86 6 3 4 6 9 3 7 11 8 7 5 9 6 6 5 4 7 7 1 6 4 7 4 5 8 2 4 9 74 94 3 5 2 4 3 5 4 2 7 4 3 7 4 6 3 4 5 7 6 78 4 8 11 10 8 5 1 3 5 9 3 2 6 5 9 6 3 7 5 5 3 6 5 74 7 3 4 6 5 3 8 9 3 4 4 100 9 7 11 8 5 7 1 9
6 3 4 3 1 86 6 3 4 6 9 3 7 11 8 7 5 9 6 6 5 4 7 7 1 6 4 7 4 5 8 2 4 9 74 94 3 5 2 4 3 5 4 2 7 4 3 7 4 6 3 4 5 7 6 78 4 8 11 10 8 5 1 3 5 9 3 2 6 5 9 6 3 7 5 5 3 6 5 74 7 3 4 6 5 3 8 9 3 4 4 100 9 7 11 8 5 7 1 9
6 3 4 3 1 86 6 3 4 6 9 3 7 11 8 7 5 9 6 6 5 4 7 7 1 6 4 7 4 5 8 2 4 9 74 94 3 5 2 4 3 5 4 2 7 4 3 7 4 6 3 4 5 7 6 78 4 8 11 10 8 5 1 3 5 9 3 2 6 5 9 6 3 7 5 5 3 6 5 74 7 3 4 6 5 3 8 9 3 4 4 100 9 7 11 8 5 7 1 9
6 3 4 3 1 86 6 3 4 6 9 3 7 11 8 7 5 9 6 6 5 4 7 7 1 6 4 7 4 5 8 2 4 9 74 94 3 5 2 4 3 5 4 2 7 4 3 7 4 6 3 4 5 7 6 78 4 8 11 10 8 5 1 3 5 9 3 2 6 5 9 6 3 7 5 5 3 6 5 74 7 3 4 6 5 3 8 9 3 4 4 100 9 7 11 8 5 7 1 9
6 3 4 3 1 86 6 3 4 6 9 3 7 11 8 7 5 9 6 6 5 4 7 7 1 6 4 7 4 5 8 2 4 9 74 94 3 5 2 4 3 5 4 2 7 4 3 7 4 6 3 4 5 7 6 78 4 8 11 10 8 5 1 3 5 9 3 2 6 5 9 6 3 7 5 5 3 6 5 74 7 3 4 6 5 3 8 9 3 4 4 100 9 7 11 8 5 7 1 9
6 3 4 3 1 86 6 3 4 6 9 3 7 11 8 7 5 9 6 6 5 4 7 7 1 6 4 7 4 5 8 2 4 9 74 94 3 5 2 4 3 5 4 2 7 4 3 7 4 6 3 4 5 7 6 78 4 8 11 10 8 5 1 3 5 9 3 2 6 5 9 6 3 7 5 5 3 6 5 74 7 3 4 6 5 3 8 9 3 4 4 100 9 7 11 8 5 7 1 9
6 3 4 3 1 86 6 3 4 6 9 3 7 11 8 7 5 9 6 6 5 4 7 7 1 6 4 7 4 5 8 2 4 9 74 94 3 5 2 4 3 5 4 2 7 4 3 7 4 6 3 4 5 7 6 78 4 8 11 10 8 5 1 3 5 9 3 2 6 5 9 6 3 7 5 5 3 6 5 74 7 3 4 6 5 3 8 9 3 4 4 100 9 7 11 8 5 7 1 9
6 3 4 3 1 86 6 3 4 6 9 3 7 11 8 7 5 9 6 6 5 4 7 7 1 6 4 7 4 5 8 2 4 9 74 94 3 5 2 4 3 5 4 2 7 4 3 7 4 6 3 4 5 7 6 78 4 8 11 10 8 5 1 3 5 9 3 2 6 5 9 6 3 7 5 5 3 6 5 74 7 3 4 6 5 3 8 9 3 4 4 100 9 7 11 8 5 7 1 9
6 3 4 3 1 86 6 3 4 6 9 3 7 11 8 7 5 9 6 6 5 4 7 7 1 6 4 7 4 5 8 2 4 9 74 94 3 5 2 4 3 5 4 2 7 4 3 7 4 6 3 4 5 7 6 78 4 8 11 10 8 5 1 3 5 9 3 2 6 5 9 6 3 7 5 5 3 6 5 74 7 3 4 6 5 3 8 9 3 4 4 100 9 7 11 8 5 7 1 9
6 3 4 3 1 86 6 3 4 6 9 3 7 11 8 7 5 9 6 6 5 4 7 7 1 6 4 7 4 5 8 2 4 9 74 94 3 5 2 4 3 5 4 2 7 4 3 7 4 6 3 4 5 7 6 78 4 8 11 10 8 5 1 3 5 9 3 2 6 5 9 6 3 7 5 5 3 6 5 74 7 3 4 6 5 3 8 9 3 4 4 100 9 7 11 8 5 7 1 9
6 3 4 3 1 86 6 3 4 6 9 3 7 11 8 7 5 9 6 6 5 4 7 7 1 6 4 7 4 5 8 2 4 9 74 94 3 5 2 4 3 5 4 2 7 4 3 7 4 6 3 4 5 7 6 78 4 8 11 10 8 5 1 3 5 9 3 2 6 5 9 6 3 7 5 5 3 6 5 74 7 3 4 6 5 3 8 9 3 4 4 100 9 7 11 8 5 7 1 9
6 3 4 3 1 86 6 3 4 6 9 3 7 11 8 7 5 9 6 6 5 4 7 7 1 6 4 7 4 5 8 2 4 9 74 94 3 5 2 4 3 5 4 2 7 4 3 7 4 6 3 4 5 7 6 78 4 8 11 10 8 5 1 3 5 9 3 2 6 5 9 6 3 7 5 5 3 6 5 74 7 3 4 6 5 3 8 9 3 4 4 100 9 7 11 8 5 7 1 9
6 3 4 3 1 86 6 3 4 6 9 3 7 11 8 7 5 9 6 6 5 4 7 7 1 6 4 7 4 5 8 2 4 9 74 94 3 5 2 4 3 5 4 2 7 4 3 7 4 6 3 4 5 7 6 78 4 8 11 10 8 5 1 3 5 9 3 2 6 5 9 6 3 7 5 5 3 6 5 74 7 3 4 6 5 3 8 9 3 4 4 100 9 7 11 8 5 7 1 9
6 3 4 3 1 86 6 3 4 6 9 3 7 11 8 7 5 9 6 6 5 4 7 7 1 6 4 7 4 5 8 2 4 9 74 94 3 5 2 4 3 5 4 2 7 4 3 7 4 6 3 4 5 7 6 78 4 8 11 10 8 5 1 3 5 9 3 2 6 5 9 6 3 7 5 5 3 6 5 74 7 3 4 6 5 3 8 9 3 4 4 100 9 7 11 8 5 7 1 9
6 3 4 3 1 86 6 3 4 6 9 3 7 11 8 7 5 9 6 6 5 4 7 7 1 6 4 7 4 5 8 2 4 9 74 94 3 5 2 4 3 5 4 2 7 4 3 7 4 6 3 4 5 7 6 78 4 8 11 10 8 5 1 3 5 9 3 2 6 5 9 6 3 7 5 5 3 6 5 74 7 3 4 6 5 3 8 9 3 4 4 100 9 7 11 8 5 7 1 9
6 3 4 3 1 86 6 3 4 6 9 3 7 11 8 7 5 9 6 6 5 4 7 7 1 6 4 7 4 5 8 2 4 9 74 94 3 5 2 4 3 5 4 2 7 4 3 7 4 6 3 4 5 7 6 78 4 8 11 10 8 5 1 3 5 9 3 2 6 5 9 6 3 7 5 5 3 6 5 74 7 3 4 6 5 3 8 9 3 4 4 100 9 7 11 8 5 7 1 9
6 3 4 3 1 86 6 3 4 6 9 3 7 11 8 7 5 9 6 6 5 4 7 7 1 6 4 7 4 5 8 2 4 9 74 94 3 5 2 4 3 5 4 2 7 4 3 7 4 6 3 4 5 7 6 78 4 8 11 10 8 5 1 3 5 9 3 2 6 5 9 6 3 7 5 5 3 6 5 74 7 3 4 6 5 3 8 9 3 4 4 100 9 7 11 8 5 7 1 9
6 3 4 3 1 86 6 3 4 6 9 3 7 11 8 7 5 9 6 6 5 4 7 7 1 6 4 7 4 5 8 2 4 9 74 94 3 5 2 4 3 5 4 2 7 4 3 7 4 6 3 4 5 7 6 78 4 8 11 10 8 5 1 3 5 9 3 2 6 5 9 6 3 7 5 5 3 6 5 74 7 3 4 6 5 3 8 9 3 4 4 100 9 7 11 8 5 7 1 9
6 3 4 3 1 86 6 3 4 6 9 3 7 11 8 7 5 9 6 6 5 4 7 7 1 6 4 7 4 5 8 2 4 9 74 94 3 5 2 4 3 5 4 2 7 4 3 7 4 6 3 4 5 7 6 78 4 8 11 10 8 5 1 3 5 9 3 2 6 5 9 6 3 7 5 5 3 6 5 74 7 3 4 6 5 3 8 9 3 4 4 100 9 7 11 8 5 7 1 9
6 3 4 3 1 86 6 3 4 6 9 3 7 11 8 7 5 9 6 6 5 4 7 7 1 6 4 7 4 5 8 2 4 9 74 94 3 5 2 4 3 5 4 2 7 4 3 7 4 6 3 4 5 7 6 78 4 8 11 10 8 5 1 3 5 9 3 2 6 5 9 6 3 7 5 5 3 6 5 74 7 3 4 6 5 3 8 9 3 4 4 100 9 7 11 8 5 7 1 9
6 3 4 3 1 86 6 3 4 6 9 3 7 11 8 7 5 9 6 6 5 4 7 7 1 6 4 7 4 5 8 2 4 9 74 94 3 5 2 4 3 5 4 2 7 4 3 7 4 6 3 4 5 7 6 78 4 8 11 10 8 5 1 3 5 9 3 2 6 5 9 6 3 7 5 5 3 6 5 74 7 3 4 6 5 3 8 9 3 4 4 100 9 7 11 8 5 7 1 9
6 3 4 3 1 86 6 3 4 6 9 3 7 11 8 7 5 9 6 6 5 4 7 7 1 6 4 7 4 5 8 2 4 9 74 94 3 5 2 4 3 5 4 2 7 4 3 7 4 6 3 4 5 7 6 78 4 8 11 10 8 5 1 3 5 9 3 2 6 5 9 6 3 7 5 5 3 6 5 74 7 3 4 6 5 3 8 9 3 4 4 100 9 7 11 8 5 7 1 9
6 3 4 3 1 86 6 3 4 6 9 3 7 11 8 7 5 9 6 6 5 4 7 7 1 6 4 7 4 5 8 2 4 9 74 94 3 5 2 4 3 5 4 2 7 4 3 7 4 6 3 4 5 7 6 78 4 8 11 10 8 5 1 3 5 9 3 2 6 5 9 6 3 7 5 5 3 6 5 74 7 3 4 6 5 3 8 9 3 4 4 100 9 7 11 8 5 7 1 9
6 3 4 3 1 86 6 3 4 6 9 3 7 11 8 7 5 9 6 6 5 4 7 7 1 6 4 7 4 5 8 2 4 9 74 94 3 5 2 4 3 5 4 2 7 4 3 7 4 6 3 4 5 7 6 78 4 8 11 10 8 5 1 3 5 9 3 2 6 5 9 6 3 7 5 5 3 6 5 74 7 3 4 6 5 3 8 9 3 4 4 100 9 7 11 8 5 7 1 9
6 3 4 3 1 86 6 3 4 6 9 3 7 11 8 7 5 9 6 6 5 4 7 7 1 6 4 7 4 5 8 2 4 9 74 94 3 5 2 4 3 5 4 2 7 4 3 7 4 6 3 4 5 7 6 78 4 8 11 10 8 5 1 3 5 9 3 2 6 5 9 6 3 7 5 5 3 6 5 74 7 3 4 6 5 3 8 9 3 4 4 100 9 7 11 8 5 7 1 9
6 3 4 3 1 86 6 3 4 6 9 3 7 11 8 7 5 9 6 6 5 4 7 7 1 6 4 7 4 5 8 2 4 9 74 94 3 5 2 4 3 5 4 2 7 4 3 7 4 6 3 4 5 7 6 78 4 8 11 10 8 5 1 3 5 9 3 2 6 5 9 6 3 7 5 5 3 6 5 74 7 3 4 6 5 3 8 9 3 4 4 100 9 7 11 8 5 7 1 9
6 3 4 3 1 86 6 3 4 6 9 3 7 11 8 7 5 9 6 6 5 4 7 7 1 6 4 7 4 5 8 2 4 9 74 94 3 5 2 4 3 5 4 2 7 4 3 7 4 6 3 4 5 7 6 78 4 8 11 10 8 5 1 3 5 9 3 2 6 5 9 6 3 7 5 5 3 6 5 74 7 3 4 6 5 3 8 9 3 4 4 100 9 7 11 8 5 7 1 9
6 3 4 3 1 86 6 3 4 6 9 3 7 11 8 7 5 9 6 6 5 4 7 7 1 6 4 7 4 5 8 2 4 9 74 94 3 5 2 4 3 5 4 2 7 4 3 7 4 6 3 4 5 7 6 78 4 8 11 10 8 5 1 3 5 9 3 2 6 5 9 6 3 7 5 5 3 6 5 74 7 3 4 6 5 3 8 9 3 4 4 100 9 7 11 8 5 7 1 9
6 3 4 3 1 86 6 3 4 6 9 3 7 11 8 7 5 9 6 6 5 4 7 7 1 6 4 7 4 5 8 2 4 9 74 94 3 5 2 4 3 5 4 2 7 4 3 7 4 6 3 4 5 7 6 78 4 8 11 10 8 5 1 3 5 9 3 2 6 5 9 6 3 7 5 5 3 6 5 74 7 3 4 6 5 3 8 9 3 4 4 100 9 7 11 8 5 7 1 9
6 3 4 3 1 86 6 3 4 6 9 3 7 11 8 7 5 9 6 6 5 4 7 7 1 6 4 7 4 5 8 2 4 9 74 94 3 5 2 4 3 5 4 2 7 4 3 7 4 6 3 4 5 7 6 78 4 8 11 10 8 5 1 3 5 9 3 2 6 5 9 6 3 7 5 5 3 6 5 74 7 3 4 6 5 3 8 9 3 4 4 100 9 7 11 8 5 7 1 9
6 3 4 3 1 86 6 3 4 6 9 3 7 11 8 7 5 9 6 6 5 4 7 7 1 6 4 7 4 5 8 2 4 9 74 94 3 5 2 4 3 5 4 2 7 4 3 7 4 6 3 4 5 7 6 78 4 8 11 10 8 5 1 3 5 9 3 2 6 5 9 6 3 7 5 5 3 6 5 74 7 3 4 6 5 3 8 9 3 4 4 100 9 7 11 8 5 7 1 9
6 3 4 3 1 86 6 3 4 6 9 3 7 11 8 7 5 9 6 6 5 4 7 7 1 6 4 7 4 5 8 2 4 9 74 94 3 5 2 4 3 5 4 2 7 4 3 7 4 6 3 4 5 7 6 78 4 8 11 10 8 5 1 3 5 9 3 2 6 5 9 6 3 7 5 5 3 6 5 74 7 3 4 6 5 3 8 9 3 4 4 100 9 7 11 8 5 7 1 9
6 3 4 3 1 86 6 3 4 6 9 3 7 11 8 7 5 9 6 6 5 4 7 7 1 6 4 7 4 5 8 2 4 9 74 94 3 5 2 4 3 5 4 2 7 4 3 7 4 6 3 4 5 7 6 78 4 8 11 10 8 5 1 3 5 9 3 2 6 5 9 6 3 7 5 5 3 6 5 74 7 3 4 6 5 3 8 9 3 4 4 100 9 7 11 8 5 7 1 9
6 3 4 3 1 86 6 3 4 6 9 3 7 11 8 7 5 9 6 6 5 4 7 7 1 6 4 7 4 5 8 2 4 9 74 94 3 5 2 4 3 5 4 2 7 4 3 7 4 6 3 4 5 7 6 78 4 8 11 10 8 5 1 3 5 9 3 2 6 5 9 6 3 7 5 5 3 6 5 74 7 3 4 6 5 3 8 9 3 4 4 100 9 7 11 8 5 7 1 9
6 3 4 3 1 86 6 3 4 6 9 3 7 11 8 7 5 9 6 6 5 4 7 7 1 6 4 7 4 5 8 2 4 9 74 94 3 5 2 4 3 5 4 2 7 4 3 7 4 6 3 4 5 7 6 78 4 8 11 10 8 5 1 3 5 9 3 2 6 5 9 6 3 7 5 5 3 6 5 74 7 3 4 6 5 3 8 9 3 4 4 100 9 7 11 8 5 7 1 9
6 3 4 3 1 86 6 3 4 6 9 3 7 11 8 7 5 9 6 6 5 4 7 7 1 6 4 7 4 5 8 2 4 9 74 94 3 5 2 4 3 5 4 2 7 4 3 7 4 6 3 4 5 7 6 78 4 8 11 10 8 5 1 3 5 9 3 2 6 5 9 6 3 7 5 5 3 6 5 74 7 3 4 6 5 3 8 9 3 4 4 100 9 7 11 8 5 7 1 9
6 3 4 3 1 86 6 3 4 6 9 3 7 11 8 7 5 9 6 6 5 4 7 7 1 6 4 7 4 5 8 2 4 9 74 94 3 5 2 4 3 5 4 2 7 4 3 7 4 6 3 4 5 7 6 78 4 8 11 10 8 5 1 3 5 9 3 2 6 5 9 6 3 7 5 5 3 6 5 74 7 3 4 6 5 3 8 9 3 4 4 100 9 7 11 8 5 7 1 9
6 3 4 3 1 86 6 3 4 6 9 3 7 11 8 7 5 9 6 6 5 4 7 7 1 6 4 7 4 5 8 2 4 9 74 94 3 5 2 4 3 5 4 2 7 4 3 7 4 6 3 4 5 7 6 78 4 8 11 10 8 5 1 3 5 9 3 2 6 5 9 6 3 7 5 5 3 6 5 74 7 3 4 6 5 3 8 9 3 4 4 100 9 7 11 8 5 7 1 9
6 3 4 3 1 86 6 3 4 6 9 3 7 11 8 7 5 9 6 6 5 4 7 7 1 6 4 7 4 5 8 2 4 9 74 94 3 5 2 4 3 5 4 2 7 4 3 7 4 6 3 4 5 7 6 78 4 8 11 10 8 5 1 3 5 9 3 2 6 5 9 6 3 7 5 5 3 6 5 74 7 3 4 6 5 3 8 9 3 4 4 100 9 7 11 8 5 7 1 9
6 3 4 3 1 86 6 3 4 6 9 3 7 11 8 7 5 9 6 6 5 4 7 7 1 6 4 7 4 5 8 2 4 9 74 94 3 5 2 4 3 5 4 2 7 4 3 7 4 6 3 4 5 7 6 78 4 8 11 10 8 5 1 3 5 9 3 2 6 5 9 6 3 7 5 5 3 6 5 74 7 3 4 6 5 3 8 9 3 4 4 100 9 7 11 8 5 7 1 9
6 3 4 3 1 86 6 3 4 6 9 3 7 11 8 7 5 9 6 6 5 4 7 7 1 6 4 7 4 5 8 2 4 9 74 94 3 5 2 4 3 5 4 2 7 4 3 7 4 6 3 4 5 7 6 78 4 8 11 10 8 5 1 3 5 9 3 2 6 5 9 6 3 7 5 5 3 6 5 74 7 3 4 6 5 3 8 9 3 4 4 100 9 7 11 8 5 7 1 9
6 3 4 3 1 86 6 3 4 6 9 3 7 11 8 7 5 9 6 6 5 4 7 7 1 6 4 7 4 5 8 2 4 9 74 94 3 5 2 4 3 5 4 2 7 4 3 7 4 6 3 4 5 7 6 78 4 8 11 10 8 5 1 3 5 9 3 2 6 5 9 6 3 7 5 5 3 6 5 74 7 3 4 6 5 3 8 9 3 4 4 100 9 7 11 8 5 7 1 9
6 3 4 3 1 86 6 3 4 6 9 3 7 11 8 7 5 9 6 6 5 4 7 7 1 6 4 7 4 5 8 2 4 9 74 94 3 5 2 4 3 5 4 2 7 4 3 7 4 6 3 4 5 7 6 78 4 8 11 10 8 5 1 3 5 9 3 2 6 5 9 6 3 7 5 5 3 6 5 74 7 3 4 6 5 3 8 9 3 4 4 100 9 7 11 8 5 7 1 9
6 3 4 3 1 86 6 3 4 6 9 3 7 11 8 7 5 9 6 6 5 4 7 7 1 6 4 7 4 5 8 2 4 9 74 94 3 5 2 4 3 5 4 2 7 4 3 7 4 6 3 4 5 7 6 78 4 8 11 10 8 5 1 3 5 9 3 2 6 5 9 6 3 7 5 5 3 6 5 74 7 3 4 6 5 3 8 9 3 4 4 100 9 7 11 8 5 7 1 9
6 3 4 3 1 86 6 3 4 6 9 3 7 11 8 7 5 9 6 6 5 4 7 7 1 6 4 7 4 5 8 2 4 9 74 94 3 5 2 4 3 5 4 2 7 4 3 7 4 6 3 4 5 7 6 78 4 8 11 10 8 5 1 3 5 9 3 2 6 5 9 6 3 7 5 5 3 6 5 74 7 3 4 6 5 3 8 9 3 4 4 100 9 7 11 8 5 7 1 9
6 3 4 3 1 86 6 3 4 6 9 3 7 11 8 7 5 9 6 6 5 4 7 7 1 6 4 7 4 5 8 2 4 9 74 94 3 5 2 4 3 5 4 2 7 4 3 7 4 6 3 4 5 7 6 78 4 8 11 10 8 5 1 3 5 9 3 2 6 5 9 6 3 7 5 5 3 6 5 74 7 3 4 6 5 3 8 9 3 4 4 100 9 7 11 8 5 7 1 9
6 3 4 3 1 86 6 3 4 6 9 3 7 11 8 7 5 9 6 6 5 4 7 7 1 6 4 7 4 5 8 2 4 9 74 94 3 5 2 4 3 5 4 2 7 4 3 7 4 6 3 4 5 7 6 78 4 8 11 10 8 5 1 3 5 9 3 2 6 5 9 6 3 7 5 5 3 6 5 74 7 3 4 6 5 3 8 9 3 4 4 100 9 7 11 8 5 7 1 9
6 3 4 3 1 86 6 3 4 6 9 3 7 11 8 7 5 9 6 6 5 4 7 7 1 6 4 7 4 5 8 2 4 9 74 94 3 5 2 4 3 5 4 2 7 4 3 7 4 6 3 4 5 7 6 78 4 8 11 10 8 5 1 3 5 9 3 2 6 5 9 6 3 7 5 5 3 6 5 74 7 3 4 6 5 3 8 9 3 4 4 100 9 7 11 8 5 7 1 9
6 3 4 3 1 86 6 3 4 6 9 3 7 11 8 7 5 9 6 6 5 4 7 7 1 6 4 7 4 5 8 2 4 9 74 94 3 5 2 4 3 5 4 2 7 4 3 7 4 6 3 4 5 7 6 78 4 8 11 10 8 5 1 3 5 9 3 2 6 5 9 6 3 7 5 5 3 6 5 74 7 3 4 6 5 3 8 9 3 4 4 100 9 7 11 8 5 7 1 9
6 3 4 3 1 86 6 3 4 6 9 3 7 11 8 7 5 9 6 6 5 4 7 7 1 6 4 7 4 5 8 2 4 9 74 94 3 5 2 4 3 5 4 2 7 4 3 7 4 6 3 4 5 7 6 78 4 8 11 10 8 5 1 3 5 9 3 2 6 5 9 6 3 7 5 5 3 6 5 74 7 3 4 6 5 3 8 9 3 4 4 100 9 7 11 8 5 7 1 9
6 3 4 3 1 86 6 3 4 6 9 3 7 11 8 7 5 9 6 6 5 4 7 7 1 6 4 7 4 5 8 2 4 9 74 94 3 5 2 4 3 5 4 2 7 4 3 7 4 6 3 4 5 7 6 78 4 8 11 10 8 5 1 3 5 9 3 2 6 5 9 6 3 7 5 5 3 6 5 74 7 3 4 6 5 3 8 9 3 4 4 100 9 7 11 8 5 7 1 9
6 3 4 3 1 86 6 3 4 6 9 3 7 11 8 7 5 9 6 6 5 4 7 7 1 6 4 7 4 5 8 2 4 9 74 94 3 5 2 4 3 5 4 2 7 4 3 7 4 6 3 4 5 7 6 78 4 8 11 10 8 5 1 3 5 9 3 2 6 5 9 6 3 7 5 5 3 6 5 74 7 3 4 6 5 3 8 9 3 4 4 100 9 7 11 8 5 7 1 9
6 3 4 3 1 86 6 3 4 6 9 3 7 11 8 7 5 9 6 6 5 4 7 7 1 6 4 7 4 5 8 2 4 9 74 94 3 5 2 4 3 5 4 2 7 4 3 7 4 6 3 4 5 7 6 78 4 8 11 10 8 5 1 3 5 9 3 2 6 5 9 6 3 7 5 5 3 6 5 74 7 3 4 6 5 3 8 9 3 4 4 100 9 7 11 8 5 7 1 9
6 3 4 3 1 86 6 3 4 6 9 3 7 11 8 7 5 9 6 6 5 4 7 7 1 6 4 7 4 5 8 2 4 9 74 94 3 5 2 4 3 5 4 2 7 4 3 7 4 6 3 4 5 7 6 78 4 8 11 10 8 5 1 3 5 9 3 2 6 5 9 6 3 7 5 5 3 6 5 74 7 3 4 6 5 3 8 9 3 4 4 100 9 7 11 8 5 7 1 9
6 3 4 3 1 86 6 3 4 6 9 3 7 11 8 7 5 9 6 6 5 4 7 7 1 6 4 7 4 5 8 2 4 9 74 94 3 5 2 4 3 5 4 2 7 4 3 7 4 6 3 4 5 7 6 78 4 8 11 10 8 5 1 3 5 9 3 2 6 5 9 6 3 7 5 5 3 6 5 74 7 3 4 6 5 3 8 9 3 4 4 100 9 7 11 8 5 7 1 9
6 3 4 3 1 86 6 3 4 6 9 3 7 11 8 7 5 9 6 6 5 4 7 7 1 6 4 7 4 5 8 2 4 9 74 94 3 5 2 4 3 5 4 2 7 4 3 7 4 6 3 4 5 7 6 78 4 8 11 10 8 5 1 3 5 9 3 2 6 5 9 6 3 7 5 5 3 6 5 74 7 3 4 6 5 3 8 9 3 4 4 100 9 7 11 8 5 7 1 9
6 3 4 3 1 86 6 3 4 6 9 3 7 11 8 7 5 9 6 6 5 4 7 7 1 6 4 7 4 5 8 2 4 9 74 94 3 5 2 4 3 5 4 2 7 4 3 7 4 6 3 4 5 7 6 78 4 8 11 10 8 5 1 3 5 9 3 2 6 5 9 6 3 7 5 5 3 6 5 74 7 3 4 6 5 3 8 9 3 4 4 100 9 7 11 8 5 7 1 9
6 3 4 3 1 86 6 3 4 6 9 3 7 11 8 7 5 9 6 6 5 4 7 7 1 6 4 7 4 5 8 2 4 9 74 94 3 5 2 4 3 5 4 2 7 4 3 7 4 6 3 4 5 7 6 78 4 8 11 10 8 5 1 3 5 9 3 2 6 5 9 6 3 7 5 5 3 6 5 74 7 3 4 6 5 3 8 9 3 4 4 100 9 7 11 8 5 7 1 9
6 3 4 3 1 86 6 3 4 6 9 3 7 11 8 7 5 9 6 6 5 4 7 7 1 6 4 7 4 5 8 2 4 9 74 94 3 5 2 4 3 5 4 2 7 4 3 7 4 6 3 4 5 7 6 78 4 8 11 10 8 5 1 3 5 9 3 2 6 5 9 6 3 7 5 5 3 6 5 74 7 3 4 6 5 3 8 9 3 4 4 100 9 7 11 8 5 7 1 9
6 3 4 3 1 86 6 3 4 6 9 3 7 11 8 7 5 9 6 6 5 4 7 7 1 6 4 7 4 5 8 2 4 9 74 94 3 5 2 4 3 5 4 2 7 4 3 7 4 6 3 4 5 7 6 78 4 8 11 10 8 5 1 3 5 9 3 2 6 5 9 6 3 7 5 5 3 6 5 74 7 3 4 6 5 3 8 9 3 4 4 100 9 7 11 8 5 7 1 9
6 3 4 3 1 86 6 3 4 6 9 3 7 11 8 7 5 9 6 6 5 4 7 7 1 6 4 7 4 5 8 2 4 9 74 94 3 5 2 4 3 5 4 2 7 4 3 7 4 6 3 4 5 7 6 78 4 8 11 10 8 5 1 3 5 9 3 2 6 5 9 6 3 7 5 5 3 6 5 74 7 3 4 6 5 3 8 9 3 4 4 100 9 7 11 8 5 7 1 9
6 3 4 3 1 86 6 3 4 6 9 3 7 11 8 7 5 9 6 6 5 4 7 7 1 6 4 7 4 5 8 2 4 9 74 94 3 5 2 4 3 5 4 2 7 4 3 7 4 6 3 4 5 7 6 78 4 8 11 10 8 5 1 3 5 9 3 2 6 5 9 6 3 7 5 5 3 6 5 74 7 3 4 6 5 3 8 9 3 4 4 100 9 7 11 8 5 7 1 9
6 3 4 3 1 86 6 3 4 6 9 3 7 11 8 7 5 9 6 6 5 4 7 7 1 6 4 7 4 5 8 2 4 9 74 94 3 5 2 4 3 5 4 2 7 4 3 7 4 6 3 4 5 7 6 78 4 8 11 10 8 5 1 3 5 9 3 2 6 5 9 6 3 7 5 5 3 6 5 74 7 3 4 6 5 3 8 9 3 4 4 100 9 7 11 8 5 7 1 9
6 3 4 3 1 86 6 3 4 6 9 3 7 11 8 7 5 9 6 6 5 4 7 7 1 6 4 7 4 5 8 2 4 9 74 94 3 5 2 4 3 5 4 2 7 4 3 7 4 6 3 4 5 7 6 78 4 8 11 10 8 5 1 3 5 9 3 2 6 5 9 6 3 7 5 5 3 6 5 74 7 3 4 6 5 3 8 9 3 4 4 100 9 7 11 8 5 7 1 9
6 3 4 3 1 86 6 3 4 6 9 3 7 11 8 7 5 9 6 6 5 4 7 7 1 6 4 7 4 5 8 2 4 9 74 94 3 5 2 4 3 5 4 2 7 4 3 7 4 6 3 4 5 7 6 78 4 8 11 10 8 5 1 3 5 9 3 2 6 5 9 6 3 7 5 5 3 6 5 74 7 3 4 6 5 3 8 9 3 4 4 100 9 7 11 8 5 7 1 9
6 3 4 3 1 86 6 3 4 6 9 3 7 11 8 7 5 9 6 6 5 4 7 7 1 6 4 7 4 5 8 2 4 9 74 94 3 5 2 4 3 5 4 2 7 4 3 7 4 6 3 4 5 7 6 78 4 8 11 10 8 5 1 3 5 9 3 2 6 5 9 6 3 7 5 5 3 6 5 74 7 3 4 6 5 3 8 9 3 4 4 100 9 7 11 8 5 7 1 9
6 3 4 3 1 86 6 3 4 6 9 3 7 11 8 7 5 9 6 6 5 4 7 7 1 6 4 7 4 5 8 2 4 9 74 94 3 5 2 4 3 5 4 2 7 4 3 7 4 6 3 4 5 7 6 78 4 8 11 10 8 5 1 3 5 9 3 2 6 5 9 6 3 7 5 5 3 6 5 74 7 3 4 6 5 3 8 9 3 4 4 100 9 7 11 8 5 7 1 9
6 3 4 3 1 86 6 3 4 6 9 3 7 11 8 7 5 9 6 6 5 4 7 7 1 6 4 7 4 5 8 2 4 9 74 94 3 5 2 4 3 5 4 2 7 4 3 7 4 6 3 4 5 7 6 78 4 8 11 10 8 5 1 3 5 9 3 2 6 5 9 6 3 7 5 5 3 6 5 74 7 3 4 6 5 3 8 9 3 4 4 100 9 7 11 8 5 7 1 9
6 3 4 3 1 86 6 3 4 6 9 3 7 11 8 7 5 9 6 6 5 4 7 7 1 6 4 7 4 5 8 2 4 9 74 94 3 5 2 4 3 5 4 2 7 4 3 7 4 6 3 4 5 7 6 78 4 8 11 10 8 5 1 3 5 9 3 2 6 5 9 6 3 7 5 5 3 6 5 74 7 3 4 6 5 3 8 9 3 4 4 100 9 7 11 8 5 7 1 9
6 3 4 3 1 86 6 3 4 6 9 3 7 11 8 7 5 9 6 6 5 4 7 7 1 6 4 7 4 5 8 2 4 9 74 94 3 5 2 4 3 5 4 2 7 4 3 7 4 6 3 4 5 7 6 78 4 8 11 10 8 5 1 3 5 9 3 2 6 5 9 6 3 7 5 5 3 6 5 74 7 3 4 6 5 3 8 9 3 4 4 100 9 7 11 8 5 7 1 9
6 3 4 3 1 86 6 3 4 6 9 3 7 11 8 7 5 9 6 6 5 4 7 7 1 6 4 7 4 5 8 2 4 9 74 94 3 5 2 4 3 5 4 2 7 4 3 7 4 6 3 4 5 7 6 78 4 8 11 10 8 5 1 3 5 9 3 2 6 5 9 6 3 7 5 5 3 6 5 74 7 3 4 6 5 3 8 9 3 4 4 100 9 7 11 8 5 7 1 9
6 3 4 3 1 86 6 3 4 6 9 3 7 11 8 7 5 9 6 6 5 4 7 7 1 6 4 7 4 5 8 2 4 9 74 94 3 5 2 4 3 5 4 2 7 4 3 7 4 6 3 4 5 7 6 78 4 8 11 10 8 5 1 3 5 9 3 2 6 5 9 6 3 7 5 5 3 6 5 74 7 3 4 6 5 3 8 9 3 4 4 100 9 7 11 8 5 7 1 9
6 3 4 3 1 86 6 3 4 6 9 3 7 11 8 7 5 9 6 6 5 4 7 7 1 6 4 7 4 5 8 2 4 9 74 94 3 5 2 4 3 5 4 2 7 4 3 7 4 6 3 4 5 7 6 78 4 8 11 10 8 5 1 3 5 9 3 2 6 5 9 6 3 7 5 5 3 6 5 74 7 3 4 6 5 3 8 9 3 4 4 100 9 7 11 8 5 7 1 9
6 3 4 3 1 86 6 3 4 6 9 3 7 11 8 7 5 9 6 6 5 4 7 7 1 6 4 7 4 5 8 2 4 9 74 94 3 5 2 4 3 5 4 2 7 4 3 7 4 6 3 4 5 7 6 78 4 8 11 10 8 5 1 3 5 9 3 2 6 5 9 6 3 7 5 5 3 6 5 74 7 3 4 6 5 3 8 9 3 4 4 100 9 7 11 8 5 7 1 9
6 3 4 3 1 86 6 3 4 6 9 3 7 11 8 7 5 9 6 6 5 4 7 7 1 6 4 7 4 5 8 2 4 9 74 94 3 5 2 4 3 5 4 2 7 4 3 7 4 6 3 4 5 7 6 78 4 8 11 10 8 5 1 3 5 9 3 2 6 5 9 6 3 7 5 5 3 6 5 74 7 3 4 6 5 3 8 9 3 4 4 100 9 7 11 8 5 7 1 9
6 3 4 3 1 86 6 3 4 6 9 3 7 11 8 7 5 9 6 6 5 4 7 7 1 6 4 7 4 5 8 2 4 9 74 94 3 5 2 4 3 5 4 2 7 4 3 7 4 6 3 4 5 7 6 78 4 8 11 10 8 5 1 3 5 9 3 2 6 5 9 6 3 7 5 5 3 6 5 74 7 3 4 6 5 3 8 9 3 4 4 100 9 7 11 8 5 7 1 9
6 3 4 3 1 86 6 3 4 6 9 3 7 11 8 7 5 9 6 6 5 4 7 7 1 6 4 7 4 5 8 2 4 9 74 94 3 5 2 4 3 5 4 2 7 4 3 7 4 6 3 4 5 7 6 78 4 8 11 10 8 5 1 3 5 9 3 2 6 5 9 6 3 7 5 5 3 6 5 74 7 3 4 6 5 3 8 9 3 4 4 100 9 7 11 8 5 7 1 9
6 3 4 3 1 86 6 3 4 6 9 3 7 11 8 7 5 9 6 6 5 4 7 7 1 6 4 7 4 5 8 2 4 9 74 94 3 5 2 4 3 5 4 2 7 4 3 7 4 6 3 4 5 7 6 78 4 8 11 10 8 5 1 3 5 9 3 2 6 5 9 6 3 7 5 5 3 6 5 74 7 3 4 6 5 3 8 9 3 4 4 100 9 7 11 8 5 7 1 9
6 3 4 3 1 86 6 3 4 6 9 3 7 11 8 7 5 9 6 6 5 4 7 7 1 6 4 7 4 5 8 2 4 9 74 94 3 5 2 4 3 5 4 2 7 4 3 7 4 6 3 4 5 7 6 78 4 8 11 10 8 5 1 3 5 9 3 2 6 5 9 6 3 7 5 5 3 6 5 74 7 3 4 6 5 3 8 9 3 4 4 100 9 7 11 8 5 7 1 9
6 3 4 3 1 86 6 3 4 6 9 3 7 11 8 7 5 9 6 6 5 4 7 7 1 6 4 7 4 5 8 2 4 9 74 94 3 5 2 4 3 5 4 2 7 4 3 7 4 6 3 4 5 7 6 78 4 8 11 10 8 5 1 3 5 9 3 2 6 5 9 6 3 7 5 5 3 6 5 74 7 3 4 6 5 3 8 9 3 4 4 100 9 7 11 8 5 7 1 9
6 3 4 3 1 86 6 3 4 6 9 3 7 11 8 7 5 9 6 6 5 4 7 7 1 6 4 7 4 5 8 2 4 9 74 94 3 5 2 4 3 5 4 2 7 4 3 7 4 6 3 4 5 7 6 78 4 8 11 10 8 5 1 3 5 9 3 2 6 5 9 6 3 7 5 5 3 6 5 74 7 3 4 6 5 3 8 9 3 4 4 100 9 7 11 8 5 7 1 9
6 3 4 3 1 86 6 3 4 6 9 3 7 11 8 7 5 9 6 6 5 4 7 7 1 6 4 7 4 5 8 2 4 9 74 94 3 5 2 4 3 5 4 2 7 4 3 7 4 6 3 4 5 7 6 78 4 8 11 10 8 5 1 3 5 9 3 2 6 5 9 6 3 7 5 5 3 6 5 74 7 3 4 6 5 3 8 9 3 4 4 100 9 7 11 8 5 7 1 9
6 3 4 3 1 86 6 3 4 6 9 3 7 11 8 7 5 9 6 6 5 4 7 7 1 6 4 7 4 5 8 2 4 9 74 94 3 5 2 4 3 5 4 2 7 4 3 7 4 6 3 4 5 7 6 78 4 8 11 10 8 5 1 3 5 9 3 2 6 5 9 6 3 7 5 5 3 6 5 74 7 3 4 6 5 3 8 9 3 4 4 100 9 7 11 8 5 7 1 9
6 3 4 3 1 86 6 3 4 6 9 3 7 11 8 7 5 9 6 6 5 4 7 7 1 6 4 7 4 5 8 2 4 9 74 94 3 5 2 4 3 5 4 2 7 4 3 7 4 6 3 4 5 7 6 78 4 8 11 10 8 5 1 3 5 9 3 2 6 5 9 6 3 7 5 5 3 6 5 74 7 3 4 6 5 3 8 9 3 4 4 100 9 7 11 8 5 7 1 9
6 3 4 3 1 86 6 3 4 6 9 3 7 11 8 7 5 9 6 6 5 4 7 7 1 6 4 7 4 5 8 2 4 9 74 94 3 5 2 4 3 5 4 2 7 4 3 7 4 6 3 4 5 7 6 78 4 8 11 10 8 5 1 3 5 9 3 2 6 5 9 6 3 7 5 5 3 6 5 74 7 3 4 6 5 3 8 9 3 4 4 100 9 7 11 8 5 7 1 9
6 3 4 3 1 86 6 3 4 6 9 3 7 11 8 7 5 9 6 6 5 4 7 7 1 6 4 7 4 5 8 2 4 9 74 94 3 5 2 4 3 5 4 2 7 4 3 7 4 6 3 4 5 7 6 78 4 8 11 10 8 5 1 3 5 9 3 2 6 5 9 6 3 7 5 5 3 6 5 74 7 3 4 6 5 3 8 9 3 4 4 100 9 7 11 8 5 7 1 9
6 3 4 3 1 86 6 3 4 6 9 3 7 11 8 7 5 9 6 6 5 4 7 7 1 6 4 7 4 5 8 2 4 9 74 94 3 5 2 4 3 5 4 2 7 4 3 7 4 6 3 4 5 7 6 78 4 8 11 10 8 5 1 3 5 9 3 2 6 5 9 6 3 7 5 5 3 6 5 74 7 3 4 6 5 3 8 9 3 4 4 100 9 7 11 8 5 7 1 9
6 3 4 3 1 86 6 3 4 6 9 3 7 11 8 7 5 9 6 6 5 4 7 7 1 6 4 7 4 5 8 2 4 9 74 94 3 5 2 4 3 5 4 2 7 4 3 7 4 6 3 4 5 7 6 78 4 8 11 10 8 5 1 3 5 9 3 2 6 5 9 6 3 7 5 5 3 6 5 74 7 3 4 6 5 3 8 9 3 4 4 100 9 7 11 8 5 7 1 9
6 3 4 3 1 86 6 3 4 6 9 3 7 11 8 7 5 9 6 6 5 4 7 7 1 6 4 7 4 5 8 2 4 9 74 94 3 5 2 4 3 5 4 2 7 4 3 7 4 6 3 4 5 7 6 78 4 8 11 10 8 5 1 3 5 9 3 2 6 5 9 6 3 7 5 5 3 6 5 74 7 3 4 6 5 3 8 9 3 4 4 100 9 7 11 8 5 7 1 9
