100 80
16 1 3 13 28 7 15 5 11 1 18 28 5 23 17 12 20 7 11 28 11 33 6 1 9 3 13 16 26 5 4 17 0 6 8 15 1 11 14 4 19 14 2 3 3 6 3 3 15 10 15 11 4 13 3 15 23 9 8 5 15 26 24 3 13 23 3 11 11 10 32 9 11 4 0 3 30 9 20 25
16 1 3 13 28 7 15 5 11 1 18 28 5 23 17 12 20 7 11 28 11 33 6 1 9 3 13 16 26 5 4 17 0 6 8 15 1 11 14 4 19 14 2 3 3 6 3 3 15 10 15 11 4 13 3 15 23 9 8 5 15 26 24 3 13 23 3 11 11 10 32 9 11 4 0 3 30 9 20 25
16 1 3 13 28 7 15 5 11 1 18 28 5 23 17 12 20 7 11 28 11 33 6 1 9 3 13 16 26 5 4 17 0 6 8 15 1 11 14 4 19 14 2 3 3 6 3 3 15 10 15 11 4 13 3 15 23 9 8 5 15 26 24 3 13 23 3 11 11 10 32 9 11 4 0 3 30 9 20 25
16 1 3 13 28 7 15 5 11 1 18 28 5 23 17 12 20 7 11 28 11 33 6 1 9 3 13 16 26 5 4 17 0 6 8 15 1 11 14 4 19 14 2 3 3 6 3 3 15 10 15 11 4 13 3 15 23 9 8 5 15 26 24 3 13 23 3 11 11 10 32 9 11 4 0 3 30 9 20 25
16 1 3 13 28 7 15 5 11 1 18 28 5 23 17 12 20 7 11 28 11 33 6 1 9 3 13 16 26 5 4 17 0 6 8 15 1 11 14 4 19 14 2 3 3 6 3 3 15 10 15 11 4 13 3 15 23 9 8 5 15 26 24 3 13 23 3 11 11 10 32 9 11 4 0 3 30 9 20 25
16 1 3 13 28 7 15 5 11 1 18 28 5 23 17 12 20 7 11 28 11 33 6 1 9 3 13 16 26 5 4 17 0 6 8 15 1 11 14 4 19 14 2 3 3 6 3 3 15 10 15 11 4 13 3 15 23 9 8 5 15 26 24 3 13 23 3 11 11 10 32 9 11 4 0 3 30 9 20 25
16 1 3 13 28 7 15 5 11 1 18 28 5 23 17 12 20 7 11 28 11 33 6 1 9 3 13 16 26 5 4 17 0 6 8 15 1 11 14 4 19 14 2 3 3 6 3 3 15 10 15 11 4 13 3 15 23 9 8 5 15 26 24 3 13 23 3 11 11 10 32 9 11 4 0 3 30 9 20 25
16 1 3 13 28 7 15 5 11 1 18 28 5 23 17 12 20 7 11 28 11 33 6 1 9 3 13 16 26 5 4 17 0 6 8 15 1 11 14 4 19 14 2 3 3 6 3 3 15 10 15 11 4 13 3 15 23 9 8 5 15 26 24 3 13 23 3 11 11 10 32 9 11 4 0 3 30 9 20 25
16 1 3 13 28 7 15 5 11 1 18 28 5 23 17 12 20 7 11 28 11 33 6 1 9 3 13 16 26 5 4 17 0 6 8 15 1 11 14 4 19 14 2 3 3 6 3 3 15 10 15 11 4 13 3 15 23 9 8 5 15 26 24 3 13 23 3 11 11 10 32 9 11 4 0 3 30 9 20 25
16 1 3 13 28 7 15 5 11 1 18 28 5 23 17 12 20 7 11 28 11 33 6 1 9 3 13 16 26 5 4 17 0 6 8 15 1 11 14 4 19 14 2 3 3 6 3 3 15 10 15 11 4 13 3 15 23 9 8 5 15 26 24 3 13 23 3 11 11 10 32 9 11 4 0 3 30 9 20 25
16 1 3 13 28 7 15 5 11 1 18 28 5 23 17 12 20 7 11 28 11 33 6 1 9 3 13 16 26 5 4 17 0 6 8 15 1 11 14 4 19 14 2 3 3 6 3 3 15 10 15 11 4 13 3 15 23 9 8 5 15 26 24 3 13 23 3 11 11 10 32 9 11 4 0 3 30 9 20 25
16 1 3 13 28 7 15 5 11 1 18 28 5 23 17 12 20 7 11 28 11 33 6 1 9 3 13 16 26 5 4 17 0 6 8 15 1 11 14 4 19 14 2 3 3 6 3 3 15 10 15 11 4 13 3 15 23 9 8 5 15 26 24 3 13 23 3 11 11 10 32 9 11 4 0 3 30 9 20 25
16 1 3 13 28 7 15 5 11 1 18 28 5 23 17 12 20 7 11 28 11 33 6 1 9 3 13 16 26 5 4 17 0 6 8 15 1 11 14 4 19 14 2 3 3 6 3 3 15 10 15 11 4 13 3 15 23 9 8 5 15 26 24 3 13 23 3 11 11 10 32 9 11 4 0 3 30 9 20 25
16 1 3 13 28 7 15 5 11 1 18 28 5 23 17 12 20 7 11 28 11 33 6 1 9 3 13 16 26 5 4 17 0 6 8 15 1 11 14 4 19 14 2 3 3 6 3 3 15 10 15 11 4 13 3 15 23 9 8 5 15 26 24 3 13 23 3 11 11 10 32 9 11 4 0 3 30 9 20 25
16 1 3 13 28 7 15 5 11 1 18 28 5 23 17 12 20 7 11 28 11 33 6 1 9 3 13 16 26 5 4 17 0 6 8 15 1 11 14 4 19 14 2 3 3 6 3 3 15 10 15 11 4 13 3 15 23 9 8 5 15 26 24 3 13 23 3 11 11 10 32 9 11 4 0 3 30 9 20 25
16 1 3 13 28 7 15 5 11 1 18 28 5 23 17 12 20 7 11 28 11 33 6 1 9 3 13 16 26 5 4 17 0 6 8 15 1 11 14 4 19 14 2 3 3 6 3 3 15 10 15 11 4 13 3 15 23 9 8 5 15 26 24 3 13 23 3 11 11 10 32 9 11 4 0 3 30 9 20 25
16 1 3 13 28 7 15 5 11 1 18 28 5 23 17 12 20 7 11 28 11 33 6 1 9 3 13 16 26 5 4 17 0 6 8 15 1 11 14 4 19 14 2 3 3 6 3 3 15 10 15 11 4 13 3 15 23 9 8 5 15 26 24 3 13 23 3 11 11 10 32 9 11 4 0 3 30 9 20 25
16 1 3 13 28 7 15 5 11 1 18 28 5 23 17 12 20 7 11 28 11 33 6 1 9 3 13 16 26 5 4 17 0 6 8 15 1 11 14 4 19 14 2 3 3 6 3 3 15 10 15 11 4 13 3 15 23 9 8 5 15 26 24 3 13 23 3 11 11 10 32 9 11 4 0 3 30 9 20 25
16 1 3 13 28 7 15 5 11 1 18 28 5 23 17 12 20 7 11 28 11 33 6 1 9 3 13 16 26 5 4 17 0 6 8 15 1 11 14 4 19 14 2 3 3 6 3 3 15 10 15 11 4 13 3 15 23 9 8 5 15 26 24 3 13 23 3 11 11 10 32 9 11 4 0 3 30 9 20 25
16 1 3 13 28 7 15 5 11 1 18 28 5 23 17 12 20 7 11 28 11 33 6 1 9 3 13 16 26 5 4 17 0 6 8 15 1 11 14 4 19 14 2 3 3 6 3 3 15 10 15 11 4 13 3 15 23 9 8 5 15 26 24 3 13 23 3 11 11 10 32 9 11 4 0 3 30 9 20 25
16 1 3 13 28 7 15 5 11 1 18 28 5 23 17 12 20 7 11 28 11 33 6 1 9 3 13 16 26 5 4 17 0 6 8 15 1 11 14 4 19 14 2 3 3 6 3 3 15 10 15 11 4 13 3 15 23 9 8 5 15 26 24 3 13 23 3 11 11 10 32 9 11 4 0 3 30 9 20 25
16 1 3 13 28 7 15 5 11 1 18 28 5 23 17 12 20 7 11 28 11 33 6 1 9 3 13 16 26 5 4 17 0 6 8 15 1 11 14 4 19 14 2 3 3 6 3 3 15 10 15 11 4 13 3 15 23 9 8 5 15 26 24 3 13 23 3 11 11 10 32 9 11 4 0 3 30 9 20 25
16 1 3 13 28 7 15 5 11 1 18 28 5 23 17 12 20 7 11 28 11 33 6 1 9 3 13 16 26 5 4 17 0 6 8 15 1 11 14 4 19 14 2 3 3 6 3 3 15 10 15 11 4 13 3 15 23 9 8 5 15 26 24 3 13 23 3 11 11 10 32 9 11 4 0 3 30 9 20 25
16 1 3 13 28 7 15 5 11 1 18 28 5 23 17 12 20 7 11 28 11 33 6 1 9 3 13 16 26 5 4 17 0 6 8 15 1 11 14 4 19 14 2 3 3 6 3 3 15 10 15 11 4 13 3 15 23 9 8 5 15 26 24 3 13 23 3 11 11 10 32 9 11 4 0 3 30 9 20 25
16 1 3 13 28 7 15 5 11 1 18 28 5 23 17 12 20 7 11 28 11 33 6 1 9 3 13 16 26 5 4 17 0 6 8 15 1 11 14 4 19 14 2 3 3 6 3 3 15 10 15 11 4 13 3 15 23 9 8 5 15 26 24 3 13 23 3 11 11 10 32 9 11 4 0 3 30 9 20 25
16 1 3 13 28 7 15 5 11 1 18 28 5 23 17 12 20 7 11 28 11 33 6 1 9 3 13 16 26 5 4 17 0 6 8 15 1 11 14 4 19 14 2 3 3 6 3 3 15 10 15 11 4 13 3 15 23 9 8 5 15 26 24 3 13 23 3 11 11 10 32 9 11 4 0 3 30 9 20 25
16 1 3 13 28 7 15 5 11 1 18 28 5 23 17 12 20 7 11 28 11 33 6 1 9 3 13 16 26 5 4 17 0 6 8 15 1 11 14 4 19 14 2 3 3 6 3 3 15 10 15 11 4 13 3 15 23 9 8 5 15 26 24 3 13 23 3 11 11 10 32 9 11 4 0 3 30 9 20 25
16 1 3 13 28 7 15 5 11 1 18 28 5 23 17 12 20 7 11 28 11 33 6 1 9 3 13 16 26 5 4 17 0 6 8 15 1 11 14 4 19 14 2 3 3 6 3 3 15 10 15 11 4 13 3 15 23 9 8 5 15 26 24 3 13 23 3 11 11 10 32 9 11 4 0 3 30 9 20 25
16 1 3 13 28 7 15 5 11 1 18 28 5 23 17 12 20 7 11 28 11 33 6 1 9 3 13 16 26 5 4 17 0 6 8 15 1 11 14 4 19 14 2 3 3 6 3 3 15 10 15 11 4 13 3 15 23 9 8 5 15 26 24 3 13 23 3 11 11 10 32 9 11 4 0 3 30 9 20 25
16 1 3 13 28 7 15 5 11 1 18 28 5 23 17 12 20 7 11 28 11 33 6 1 9 3 13 16 26 5 4 17 0 6 8 15 1 11 14 4 19 14 2 3 3 6 3 3 15 10 15 11 4 13 3 15 23 9 8 5 15 26 24 3 13 23 3 11 11 10 32 9 11 4 0 3 30 9 20 25
16 1 3 13 28 7 15 5 11 1 18 28 5 23 17 12 20 7 11 28 11 33 6 1 9 3 13 16 26 5 4 17 0 6 8 15 1 11 14 4 19 14 2 3 3 6 3 3 15 10 15 11 4 13 3 15 23 9 8 5 15 26 24 3 13 23 3 11 11 10 32 9 11 4 0 3 30 9 20 25
16 1 3 13 28 7 15 5 11 1 18 28 5 23 17 12 20 7 11 28 11 33 6 1 9 3 13 16 26 5 4 17 0 6 8 15 1 11 14 4 19 14 2 3 3 6 3 3 15 10 15 11 4 13 3 15 23 9 8 5 15 26 24 3 13 23 3 11 11 10 32 9 11 4 0 3 30 9 20 25
16 1 3 13 28 7 15 5 11 1 18 28 5 23 17 12 20 7 11 28 11 33 6 1 9 3 13 16 26 5 4 17 0 6 8 15 1 11 14 4 19 14 2 3 3 6 3 3 15 10 15 11 4 13 3 15 23 9 8 5 15 26 24 3 13 23 3 11 11 10 32 9 11 4 0 3 30 9 20 25
16 1 3 13 28 7 15 5 11 1 18 28 5 23 17 12 20 7 11 28 11 33 6 1 9 3 13 16 26 5 4 17 0 6 8 15 1 11 14 4 19 14 2 3 3 6 3 3 15 10 15 11 4 13 3 15 23 9 8 5 15 26 24 3 13 23 3 11 11 10 32 9 11 4 0 3 30 9 20 25
16 1 3 13 28 7 15 5 11 1 18 28 5 23 17 12 20 7 11 28 11 33 6 1 9 3 13 16 26 5 4 17 0 6 8 15 1 11 14 4 19 14 2 3 3 6 3 3 15 10 15 11 4 13 3 15 23 9 8 5 15 26 24 3 13 23 3 11 11 10 32 9 11 4 0 3 30 9 20 25
16 1 3 13 28 7 15 5 11 1 18 28 5 23 17 12 20 7 11 28 11 33 6 1 9 3 13 16 26 5 4 17 0 6 8 15 1 11 14 4 19 14 2 3 3 6 3 3 15 10 15 11 4 13 3 15 23 9 8 5 15 26 24 3 13 23 3 11 11 10 32 9 11 4 0 3 30 9 20 25
16 1 3 13 28 7 15 5 11 1 18 28 5 23 17 12 20 7 11 28 11 33 6 1 9 3 13 16 26 5 4 17 0 6 8 15 1 11 14 4 19 14 2 3 3 6 3 3 15 10 15 11 4 13 3 15 23 9 8 5 15 26 24 3 13 23 3 11 11 10 32 9 11 4 0 3 30 9 20 25
16 1 3 13 28 7 15 5 11 1 18 28 5 23 17 12 20 7 11 28 11 33 6 1 9 3 13 16 26 5 4 17 0 6 8 15 1 11 14 4 19 14 2 3 3 6 3 3 15 10 15 11 4 13 3 15 23 9 8 5 15 26 24 3 13 23 3 11 11 10 32 9 11 4 0 3 30 9 20 25
16 1 3 13 28 7 15 5 11 1 18 28 5 23 17 12 20 7 11 28 11 33 6 1 9 3 13 16 26 5 4 17 0 6 8 15 1 11 14 4 19 14 2 3 3 6 3 3 15 10 15 11 4 13 3 15 23 9 8 5 15 26 24 3 13 23 3 11 11 10 32 9 11 4 0 3 30 9 20 25
16 1 3 13 28 7 15 5 11 1 18 28 5 23 17 12 20 7 11 28 11 33 6 1 9 3 13 16 26 5 4 17 0 6 8 15 1 11 14 4 19 14 2 3 3 6 3 3 15 10 15 11 4 13 3 15 23 9 8 5 15 26 24 3 13 23 3 11 11 10 32 9 11 4 0 3 30 9 20 25
16 1 3 13 28 7 15 5 11 1 18 28 5 23 17 12 20 7 11 28 11 33 6 1 9 3 13 16 26 5 4 17 0 6 8 15 1 11 14 4 19 14 2 3 3 6 3 3 15 10 15 11 4 13 3 15 23 9 8 5 15 26 24 3 13 23 3 11 11 10 32 9 11 4 0 3 30 9 20 25
16 1 3 13 28 7 15 5 11 1 18 28 5 23 17 12 20 7 11 28 11 33 6 1 9 3 13 16 26 5 4 17 0 6 8 15 1 11 14 4 19 14 2 3 3 6 3 3 15 10 15 11 4 13 3 15 23 9 8 5 15 26 24 3 13 23 3 11 11 10 32 9 11 4 0 3 30 9 20 25
16 1 3 13 28 7 15 5 11 1 18 28 5 23 17 12 20 7 11 28 11 33 6 1 9 3 13 16 26 5 4 17 0 6 8 15 1 11 14 4 19 14 2 3 3 6 3 3 15 10 15 11 4 13 3 15 23 9 8 5 15 26 24 3 13 23 3 11 11 10 32 9 11 4 0 3 30 9 20 25
16 1 3 13 28 7 15 5 11 1 18 28 5 23 17 12 20 7 11 28 11 33 6 1 9 3 13 16 26 5 4 17 0 6 8 15 1 11 14 4 19 14 2 3 3 6 3 3 15 10 15 11 4 13 3 15 23 9 8 5 15 26 24 3 13 23 3 11 11 10 32 9 11 4 0 3 30 9 20 25
16 1 3 13 28 7 15 5 11 1 18 28 5 23 17 12 20 7 11 28 11 33 6 1 9 3 13 16 26 5 4 17 0 6 8 15 1 11 14 4 19 14 2 3 3 6 3 3 15 10 15 11 4 13 3 15 23 9 8 5 15 26 24 3 13 23 3 11 11 10 32 9 11 4 0 3 30 9 20 25
16 1 3 13 28 7 15 5 11 1 18 28 5 23 17 12 20 7 11 28 11 33 6 1 9 3 13 16 26 5 4 17 0 6 8 15 1 11 14 4 19 14 2 3 3 6 3 3 15 10 15 11 4 13 3 15 23 9 8 5 15 26 24 3 13 23 3 11 11 10 32 9 11 4 0 3 30 9 20 25
16 1 3 13 28 7 15 5 11 1 18 28 5 23 17 12 20 7 11 28 11 33 6 1 9 3 13 16 26 5 4 17 0 6 8 15 1 11 14 4 19 14 2 3 3 6 3 3 15 10 15 11 4 13 3 15 23 9 8 5 15 26 24 3 13 23 3 11 11 10 32 9 11 4 0 3 30 9 20 25
2 13 11 27 42 7 29 19 3 13 4 14 9 9 3 2 6 7 3 14 3 47 8 15 5 17 1 30 12 9 18 3 14 8 6 1 15 3 28 18 5 0 12 17 17 20 17 17 1 4 1 3 10 27 11 29 37 5 22 9 29 12 38 17 27 9 11 3 3 4 18 5 3 18 14 11 16 23 6 11
16 1 3 13 28 7 15 5 11 1 18 28 5 23 17 12 20 7 11 28 11 33 6 1 9 3 13 16 26 5 4 17 0 6 8 15 1 11 14 4 19 14 2 3 3 6 3 3 15 10 15 11 4 13 3 15 23 9 8 5 15 26 24 3 13 23 3 11 11 10 32 9 11 4 0 3 30 9 20 25
16 1 3 13 28 7 15 5 11 1 18 28 5 23 17 12 20 7 11 28 11 33 6 1 9 3 13 16 26 5 4 17 0 6 8 15 1 11 14 4 19 14 2 3 3 6 3 3 15 10 15 11 4 13 3 15 23 9 8 5 15 26 24 3 13 23 3 11 11 10 32 9 11 4 0 3 30 9 20 25
16 1 3 13 28 7 15 5 11 1 18 28 5 23 17 12 20 7 11 28 11 33 6 1 9 3 13 16 26 5 4 17 0 6 8 15 1 11 14 4 19 14 2 3 3 6 3 3 15 10 15 11 4 13 3 15 23 9 8 5 15 26 24 3 13 23 3 11 11 10 32 9 11 4 0 3 30 9 20 25
16 1 3 13 28 7 15 5 11 1 18 28 5 23 17 12 20 7 11 28 11 33 6 1 9 3 13 16 26 5 4 17 0 6 8 15 1 11 14 4 19 14 2 3 3 6 3 3 15 10 15 11 4 13 3 15 23 9 8 5 15 26 24 3 13 23 3 11 11 10 32 9 11 4 0 3 30 9 20 25
16 1 3 13 28 7 15 5 11 1 18 28 5 23 17 12 20 7 11 28 11 33 6 1 9 3 13 16 26 5 4 17 0 6 8 15 1 11 14 4 19 14 2 3 3 6 3 3 15 10 15 11 4 13 3 15 23 9 8 5 15 26 24 3 13 23 3 11 11 10 32 9 11 4 0 3 30 9 20 25
16 1 3 13 28 7 15 5 11 1 18 28 5 23 17 12 20 7 11 28 11 33 6 1 9 3 13 16 26 5 4 17 0 6 8 15 1 11 14 4 19 14 2 3 3 6 3 3 15 10 15 11 4 13 3 15 23 9 8 5 15 26 24 3 13 23 3 11 11 10 32 9 11 4 0 3 30 9 20 25
16 1 3 13 28 7 15 5 11 1 18 28 5 23 17 12 20 7 11 28 11 33 6 1 9 3 13 16 26 5 4 17 0 6 8 15 1 11 14 4 19 14 2 3 3 6 3 3 15 10 15 11 4 13 3 15 23 9 8 5 15 26 24 3 13 23 3 11 11 10 32 9 11 4 0 3 30 9 20 25
16 1 3 13 28 7 15 5 11 1 18 28 5 23 17 12 20 7 11 28 11 33 6 1 9 3 13 16 26 5 4 17 0 6 8 15 1 11 14 4 19 14 2 3 3 6 3 3 15 10 15 11 4 13 3 15 23 9 8 5 15 26 24 3 13 23 3 11 11 10 32 9 11 4 0 3 30 9 20 25
16 1 3 13 28 7 15 5 11 1 18 28 5 23 17 12 20 7 11 28 11 33 6 1 9 3 13 16 26 5 4 17 0 6 8 15 1 11 14 4 19 14 2 3 3 6 3 3 15 10 15 11 4 13 3 15 23 9 8 5 15 26 24 3 13 23 3 11 11 10 32 9 11 4 0 3 30 9 20 25
16 1 3 13 28 7 15 5 11 1 18 28 5 23 17 12 20 7 11 28 11 33 6 1 9 3 13 16 26 5 4 17 0 6 8 15 1 11 14 4 19 14 2 3 3 6 3 3 15 10 15 11 4 13 3 15 23 9 8 5 15 26 24 3 13 23 3 11 11 10 32 9 11 4 0 3 30 9 20 25
16 1 3 13 28 7 15 5 11 1 18 28 5 23 17 12 20 7 11 28 11 33 6 1 9 3 13 16 26 5 4 17 0 6 8 15 1 11 14 4 19 14 2 3 3 6 3 3 15 10 15 11 4 13 3 15 23 9 8 5 15 26 24 3 13 23 3 11 11 10 32 9 11 4 0 3 30 9 20 25
16 1 3 13 28 7 15 5 11 1 18 28 5 23 17 12 20 7 11 28 11 33 6 1 9 3 13 16 26 5 4 17 0 6 8 15 1 11 14 4 19 14 2 3 3 6 3 3 15 10 15 11 4 13 3 15 23 9 8 5 15 26 24 3 13 23 3 11 11 10 32 9 11 4 0 3 30 9 20 25
16 1 3 13 28 7 15 5 11 1 18 28 5 23 17 12 20 7 11 28 11 33 6 1 9 3 13 16 26 5 4 17 0 6 8 15 1 11 14 4 19 14 2 3 3 6 3 3 15 10 15 11 4 13 3 15 23 9 8 5 15 26 24 3 13 23 3 11 11 10 32 9 11 4 0 3 30 9 20 25
16 1 3 13 28 7 15 5 11 1 18 28 5 23 17 12 20 7 11 28 11 33 6 1 9 3 13 16 26 5 4 17 0 6 8 15 1 11 14 4 19 14 2 3 3 6 3 3 15 10 15 11 4 13 3 15 23 9 8 5 15 26 24 3 13 23 3 11 11 10 32 9 11 4 0 3 30 9 20 25
16 1 3 13 28 7 15 5 11 1 18 28 5 23 17 12 20 7 11 28 11 33 6 1 9 3 13 16 26 5 4 17 0 6 8 15 1 11 14 4 19 14 2 3 3 6 3 3 15 10 15 11 4 13 3 15 23 9 8 5 15 26 24 3 13 23 3 11 11 10 32 9 11 4 0 3 30 9 20 25
16 1 3 13 28 7 15 5 11 1 18 28 5 23 17 12 20 7 11 28 11 33 6 1 9 3 13 16 26 5 4 17 0 6 8 15 1 11 14 4 19 14 2 3 3 6 3 3 15 10 15 11 4 13 3 15 23 9 8 5 15 26 24 3 13 23 3 11 11 10 32 9 11 4 0 3 30 9 20 25
16 1 3 13 28 7 15 5 11 1 18 28 5 23 17 12 20 7 11 28 11 33 6 1 9 3 13 16 26 5 4 17 0 6 8 15 1 11 14 4 19 14 2 3 3 6 3 3 15 10 15 11 4 13 3 15 23 9 8 5 15 26 24 3 13 23 3 11 11 10 32 9 11 4 0 3 30 9 20 25
16 1 3 13 28 7 15 5 11 1 18 28 5 23 17 12 20 7 11 28 11 33 6 1 9 3 13 16 26 5 4 17 0 6 8 15 1 11 14 4 19 14 2 3 3 6 3 3 15 10 15 11 4 13 3 15 23 9 8 5 15 26 24 3 13 23 3 11 11 10 32 9 11 4 0 3 30 9 20 25
16 1 3 13 28 7 15 5 11 1 18 28 5 23 17 12 20 7 11 28 11 33 6 1 9 3 13 16 26 5 4 17 0 6 8 15 1 11 14 4 19 14 2 3 3 6 3 3 15 10 15 11 4 13 3 15 23 9 8 5 15 26 24 3 13 23 3 11 11 10 32 9 11 4 0 3 30 9 20 25
16 1 3 13 28 7 15 5 11 1 18 28 5 23 17 12 20 7 11 28 11 33 6 1 9 3 13 16 26 5 4 17 0 6 8 15 1 11 14 4 19 14 2 3 3 6 3 3 15 10 15 11 4 13 3 15 23 9 8 5 15 26 24 3 13 23 3 11 11 10 32 9 11 4 0 3 30 9 20 25
16 1 3 13 28 7 15 5 11 1 18 28 5 23 17 12 20 7 11 28 11 33 6 1 9 3 13 16 26 5 4 17 0 6 8 15 1 11 14 4 19 14 2 3 3 6 3 3 15 10 15 11 4 13 3 15 23 9 8 5 15 26 24 3 13 23 3 11 11 10 32 9 11 4 0 3 30 9 20 25
16 1 3 13 28 7 15 5 11 1 18 28 5 23 17 12 20 7 11 28 11 33 6 1 9 3 13 16 26 5 4 17 0 6 8 15 1 11 14 4 19 14 2 3 3 6 3 3 15 10 15 11 4 13 3 15 23 9 8 5 15 26 24 3 13 23 3 11 11 10 32 9 11 4 0 3 30 9 20 25
16 1 3 13 28 7 15 5 11 1 18 28 5 23 17 12 20 7 11 28 11 33 6 1 9 3 13 16 26 5 4 17 0 6 8 15 1 11 14 4 19 14 2 3 3 6 3 3 15 10 15 11 4 13 3 15 23 9 8 5 15 26 24 3 13 23 3 11 11 10 32 9 11 4 0 3 30 9 20 25
16 1 3 13 28 7 15 5 11 1 18 28 5 23 17 12 20 7 11 28 11 33 6 1 9 3 13 16 26 5 4 17 0 6 8 15 1 11 14 4 19 14 2 3 3 6 3 3 15 10 15 11 4 13 3 15 23 9 8 5 15 26 24 3 13 23 3 11 11 10 32 9 11 4 0 3 30 9 20 25
16 1 3 13 28 7 15 5 11 1 18 28 5 23 17 12 20 7 11 28 11 33 6 1 9 3 13 16 26 5 4 17 0 6 8 15 1 11 14 4 19 14 2 3 3 6 3 3 15 10 15 11 4 13 3 15 23 9 8 5 15 26 24 3 13 23 3 11 11 10 32 9 11 4 0 3 30 9 20 25
16 1 3 13 28 7 15 5 11 1 18 28 5 23 17 12 20 7 11 28 11 33 6 1 9 3 13 16 26 5 4 17 0 6 8 15 1 11 14 4 19 14 2 3 3 6 3 3 15 10 15 11 4 13 3 15 23 9 8 5 15 26 24 3 13 23 3 11 11 10 32 9 11 4 0 3 30 9 20 25
16 1 3 13 28 7 15 5 11 1 18 28 5 23 17 12 20 7 11 28 11 33 6 1 9 3 13 16 26 5 4 17 0 6 8 15 1 11 14 4 19 14 2 3 3 6 3 3 15 10 15 11 4 13 3 15 23 9 8 5 15 26 24 3 13 23 3 11 11 10 32 9 11 4 0 3 30 9 20 25
16 1 3 13 28 7 15 5 11 1 18 28 5 23 17 12 20 7 11 28 11 33 6 1 9 3 13 16 26 5 4 17 0 6 8 15 1 11 14 4 19 14 2 3 3 6 3 3 15 10 15 11 4 13 3 15 23 9 8 5 15 26 24 3 13 23 3 11 11 10 32 9 11 4 0 3 30 9 20 25
16 1 3 13 28 7 15 5 11 1 18 28 5 23 17 12 20 7 11 28 11 33 6 1 9 3 13 16 26 5 4 17 0 6 8 15 1 11 14 4 19 14 2 3 3 6 3 3 15 10 15 11 4 13 3 15 23 9 8 5 15 26 24 3 13 23 3 11 11 10 32 9 11 4 0 3 30 9 20 25
16 1 3 13 28 7 15 5 11 1 18 28 5 23 17 12 20 7 11 28 11 33 6 1 9 3 13 16 26 5 4 17 0 6 8 15 1 11 14 4 19 14 2 3 3 6 3 3 15 10 15 11 4 13 3 15 23 9 8 5 15 26 24 3 13 23 3 11 11 10 32 9 11 4 0 3 30 9 20 25
16 1 3 13 28 7 15 5 11 1 18 28 5 23 17 12 20 7 11 28 11 33 6 1 9 3 13 16 26 5 4 17 0 6 8 15 1 11 14 4 19 14 2 3 3 6 3 3 15 10 15 11 4 13 3 15 23 9 8 5 15 26 24 3 13 23 3 11 11 10 32 9 11 4 0 3 30 9 20 25
16 1 3 13 28 7 15 5 11 1 18 28 5 23 17 12 20 7 11 28 11 33 6 1 9 3 13 16 26 5 4 17 0 6 8 15 1 11 14 4 19 14 2 3 3 6 3 3 15 10 15 11 4 13 3 15 23 9 8 5 15 26 24 3 13 23 3 11 11 10 32 9 11 4 0 3 30 9 20 25
16 1 3 13 28 7 15 5 11 1 18 28 5 23 17 12 20 7 11 28 11 33 6 1 9 3 13 16 26 5 4 17 0 6 8 15 1 11 14 4 19 14 2 3 3 6 3 3 15 10 15 11 4 13 3 15 23 9 8 5 15 26 24 3 13 23 3 11 11 10 32 9 11 4 0 3 30 9 20 25
16 1 3 13 28 7 15 5 11 1 18 28 5 23 17 12 20 7 11 28 11 33 6 1 9 3 13 16 26 5 4 17 0 6 8 15 1 11 14 4 19 14 2 3 3 6 3 3 15 10 15 11 4 13 3 15 23 9 8 5 15 26 24 3 13 23 3 11 11 10 32 9 11 4 0 3 30 9 20 25
16 1 3 13 28 7 15 5 11 1 18 28 5 23 17 12 20 7 11 28 11 33 6 1 9 3 13 16 26 5 4 17 0 6 8 15 1 11 14 4 19 14 2 3 3 6 3 3 15 10 15 11 4 13 3 15 23 9 8 5 15 26 24 3 13 23 3 11 11 10 32 9 11 4 0 3 30 9 20 25
16 1 3 13 28 7 15 5 11 1 18 28 5 23 17 12 20 7 11 28 11 33 6 1 9 3 13 16 26 5 4 17 0 6 8 15 1 11 14 4 19 14 2 3 3 6 3 3 15 10 15 11 4 13 3 15 23 9 8 5 15 26 24 3 13 23 3 11 11 10 32 9 11 4 0 3 30 9 20 25
16 1 3 13 28 7 15 5 11 1 18 28 5 23 17 12 20 7 11 28 11 33 6 1 9 3 13 16 26 5 4 17 0 6 8 15 1 11 14 4 19 14 2 3 3 6 3 3 15 10 15 11 4 13 3 15 23 9 8 5 15 26 24 3 13 23 3 11 11 10 32 9 11 4 0 3 30 9 20 25
16 1 3 13 28 7 15 5 11 1 18 28 5 23 17 12 20 7 11 28 11 33 6 1 9 3 13 16 26 5 4 17 0 6 8 15 1 11 14 4 19 14 2 3 3 6 3 3 15 10 15 11 4 13 3 15 23 9 8 5 15 26 24 3 13 23 3 11 11 10 32 9 11 4 0 3 30 9 20 25
16 1 3 13 28 7 15 5 11 1 18 28 5 23 17 12 20 7 11 28 11 33 6 1 9 3 13 16 26 5 4 17 0 6 8 15 1 11 14 4 19 14 2 3 3 6 3 3 15 10 15 11 4 13 3 15 23 9 8 5 15 26 24 3 13 23 3 11 11 10 32 9 11 4 0 3 30 9 20 25
16 1 3 13 28 7 15 5 11 1 18 28 5 23 17 12 20 7 11 28 11 33 6 1 9 3 13 16 26 5 4 17 0 6 8 15 1 11 14 4 19 14 2 3 3 6 3 3 15 10 15 11 4 13 3 15 23 9 8 5 15 26 24 3 13 23 3 11 11 10 32 9 11 4 0 3 30 9 20 25
16 1 3 13 28 7 15 5 11 1 18 28 5 23 17 12 20 7 11 28 11 33 6 1 9 3 13 16 26 5 4 17 0 6 8 15 1 11 14 4 19 14 2 3 3 6 3 3 15 10 15 11 4 13 3 15 23 9 8 5 15 26 24 3 13 23 3 11 11 10 32 9 11 4 0 3 30 9 20 25
16 1 3 13 28 7 15 5 11 1 18 28 5 23 17 12 20 7 11 28 11 33 6 1 9 3 13 16 26 5 4 17 0 6 8 15 1 11 14 4 19 14 2 3 3 6 3 3 15 10 15 11 4 13 3 15 23 9 8 5 15 26 24 3 13 23 3 11 11 10 32 9 11 4 0 3 30 9 20 25
16 1 3 13 28 7 15 5 11 1 18 28 5 23 17 12 20 7 11 28 11 33 6 1 9 3 13 16 26 5 4 17 0 6 8 15 1 11 14 4 19 14 2 3 3 6 3 3 15 10 15 11 4 13 3 15 23 9 8 5 15 26 24 3 13 23 3 11 11 10 32 9 11 4 0 3 30 9 20 25
16 1 3 13 28 7 15 5 11 1 18 28 5 23 17 12 20 7 11 28 11 33 6 1 9 3 13 16 26 5 4 17 0 6 8 15 1 11 14 4 19 14 2 3 3 6 3 3 15 10 15 11 4 13 3 15 23 9 8 5 15 26 24 3 13 23 3 11 11 10 32 9 11 4 0 3 30 9 20 25
16 1 3 13 28 7 15 5 11 1 18 28 5 23 17 12 20 7 11 28 11 33 6 1 9 3 13 16 26 5 4 17 0 6 8 15 1 11 14 4 19 14 2 3 3 6 3 3 15 10 15 11 4 13 3 15 23 9 8 5 15 26 24 3 13 23 3 11 11 10 32 9 11 4 0 3 30 9 20 25
16 1 3 13 28 7 15 5 11 1 18 28 5 23 17 12 20 7 11 28 11 33 6 1 9 3 13 16 26 5 4 17 0 6 8 15 1 11 14 4 19 14 2 3 3 6 3 3 15 10 15 11 4 13 3 15 23 9 8 5 15 26 24 3 13 23 3 11 11 10 32 9 11 4 0 3 30 9 20 25
16 1 3 13 28 7 15 5 11 1 18 28 5 23 17 12 20 7 11 28 11 33 6 1 9 3 13 16 26 5 4 17 0 6 8 15 1 11 14 4 19 14 2 3 3 6 3 3 15 10 15 11 4 13 3 15 23 9 8 5 15 26 24 3 13 23 3 11 11 10 32 9 11 4 0 3 30 9 20 25
16 1 3 13 28 7 15 5 11 1 18 28 5 23 17 12 20 7 11 28 11 33 6 1 9 3 13 16 26 5 4 17 0 6 8 15 1 11 14 4 19 14 2 3 3 6 3 3 15 10 15 11 4 13 3 15 23 9 8 5 15 26 24 3 13 23 3 11 11 10 32 9 11 4 0 3 30 9 20 25
16 1 3 13 28 7 15 5 11 1 18 28 5 23 17 12 20 7 11 28 11 33 6 1 9 3 13 16 26 5 4 17 0 6 8 15 1 11 14 4 19 14 2 3 3 6 3 3 15 10 15 11 4 13 3 15 23 9 8 5 15 26 24 3 13 23 3 11 11 10 32 9 11 4 0 3 30 9 20 25
16 1 3 13 28 7 15 5 11 1 18 28 5 23 17 12 20 7 11 28 11 33 6 1 9 3 13 16 26 5 4 17 0 6 8 15 1 11 14 4 19 14 2 3 3 6 3 3 15 10 15 11 4 13 3 15 23 9 8 5 15 26 24 3 13 23 3 11 11 10 32 9 11 4 0 3 30 9 20 25
16 1 3 13 28 7 15 5 11 1 18 28 5 23 17 12 20 7 11 28 11 33 6 1 9 3 13 16 26 5 4 17 0 6 8 15 1 11 14 4 19 14 2 3 3 6 3 3 15 10 15 11 4 13 3 15 23 9 8 5 15 26 24 3 13 23 3 11 11 10 32 9 11 4 0 3 30 9 20 25
16 1 3 13 28 7 15 5 11 1 18 28 5 23 17 12 20 7 11 28 11 33 6 1 9 3 13 16 26 5 4 17 0 6 8 15 1 11 14 4 19 14 2 3 3 6 3 3 15 10 15 11 4 13 3 15 23 9 8 5 15 26 24 3 13 23 3 11 11 10 32 9 11 4 0 3 30 9 20 25
